           t           r         psi          cs          qs               p             sig           A           V          Q2           S
    0.000000   -0.000000   -1.570796    0.138516    0.000000       65.733989      -11.660984    0.000000    0.000000    0.252550    4.286726
    0.009804    0.042027   -1.576298    0.115665    1.449345       65.742003      -12.707601    0.005549   -0.000000    0.252550    4.286726
    0.019608    0.084052   -1.579881    0.047368    2.881060       65.764460      -13.709655    0.022195   -0.000005    0.252550    4.286726
    0.029412    0.126077   -1.579658   -0.065207    4.263997       65.793851      -14.668618    0.049939   -0.000018    0.252550    4.286726
    0.039216    0.168103   -1.573812   -0.219707    5.562260       65.815212      -15.585279    0.088779   -0.000036    0.252550    4.286726
    0.049020    0.210129   -1.560655   -0.412445    6.736414       65.804901      -16.459595    0.138718   -0.000020    0.252550    4.286726
    0.058824    0.252146   -1.538680   -0.638314    7.744897       65.729216      -17.290494    0.199753    0.000128    0.252550    4.286726
    0.068627    0.294124   -1.506629   -0.890769    8.545666       65.542966      -18.075607    0.271879    0.000603    0.252550    4.286726
    0.078431    0.335997   -1.463546   -1.161887    9.098156       65.188257      -18.810908    0.355077    0.001726    0.252550    4.286726
    0.088235    0.377644   -1.408835   -1.442517    9.365619       64.593945      -19.490229    0.449307    0.003986    0.252550    4.286726
    0.098039    0.418872   -1.342306   -1.722513    9.317855       63.676614      -20.104649    0.554483    0.008056    0.252550    4.286726
    0.107843    0.459404   -1.264212   -1.991059    8.934291       62.344427      -20.641733    0.670462    0.014798    0.252550    4.286726
    0.117647    0.498867   -1.175266   -2.237062    8.207218       60.505763      -21.084679    0.797012    0.025239    0.252550    4.286726
    0.127451    0.536802   -1.076648   -2.449614    7.144963       58.084868      -21.411517    0.933791    0.040498    0.252550    4.286726
    0.137255    0.572682   -0.969980   -2.618503    5.774672       55.046069      -21.594627    1.080328    0.061679    0.252550    4.286726
    0.147059    0.605948   -0.857292   -2.734771    4.144393       51.425406      -21.601089    1.236008    0.089729    0.252550    4.286726
    0.156863    0.636060   -0.740951   -2.791321    2.323960       47.362669      -21.394534    1.400066    0.125282    0.252550    4.286726
    0.166667    0.662544   -0.623574   -2.783537    0.403934       43.118614      -20.939168    1.571606    0.168538    0.252550    4.286726
    0.176471    0.685050   -0.507909   -2.709898   -1.508512       39.056363      -20.206226    1.749620    0.219197    0.252550    4.286726
    0.186275    0.703389   -0.396694   -2.572456   -3.297851       35.572162      -19.181979    1.933030    0.276488    0.252550    4.286726
    0.196078    0.717553   -0.292499   -2.377036   -4.852790       32.985463      -17.875015    2.120729    0.339273    0.252550    4.286726
    0.205882    0.727710   -0.197578   -2.132996   -6.081306       31.431658      -16.319607    2.311633    0.406213    0.252550    4.286726
    0.215686    0.734182   -0.113725   -1.852475   -6.924122       30.813974      -14.572821    2.504725    0.475950    0.252550    4.286726
    0.225490    0.737410   -0.042189   -1.549239   -7.362044       30.842628      -12.705611    2.699086    0.547253    0.252550    4.286726
    0.235294    0.737907    0.016372   -1.237339   -7.414712       31.137183      -10.790964    2.893928    0.619121    0.252550    4.286726
    0.245098    0.736218    0.061877   -0.929910   -7.131921       31.336301       -8.893214    3.088600    0.690815    0.252550    4.286726
    0.254902    0.732887    0.094757   -0.638288   -6.581315       31.169594       -7.061379    3.282597    0.761850    0.252550    4.286726
    0.264706    0.728430    0.115877   -0.371532   -5.836550       30.479645       -5.327127    3.475556    0.831952    0.252550    4.286726
    0.274510    0.723316    0.126428   -0.136289   -4.968488       29.208266       -3.706247    3.667241    0.901008    0.252550    4.286726
    0.284314    0.717959    0.127835    0.063109   -4.040017       27.367839       -2.201915    3.857535    0.969016    0.252550    4.286726
    0.294118    0.712706    0.121658    0.224431   -3.103847       25.012749       -0.808365    4.046421    1.036042    0.252550    4.286726
    0.303922    0.707841    0.109511    0.347296   -2.202176       22.217590        0.485864    4.233966    1.102194    0.252550    4.286726
    0.313725    0.703581    0.092989    0.432899   -1.367270       19.063088        1.695422    4.420302    1.167599    0.252550    4.286726
    0.323529    0.700077    0.073611    0.483748   -0.622375       15.628157        2.836371    4.605610    1.232393    0.252550    4.286726
    0.333333    0.697420    0.052766    0.503389    0.017332       11.986078        3.925022    4.790104    1.296714    0.252550    4.286726
    0.343137    0.695647    0.031677    0.496123    0.543777        8.203121        4.977215    4.974012    1.360698    0.252550    4.286726
    0.352941    0.694747    0.011375    0.466718    0.955013        4.338480        6.007888    5.157568    1.424479    0.252550    4.286726
    0.362745    0.694669   -0.007312    0.420131    1.254193        0.444816        7.030835    5.340997    1.488187    0.252550    4.286726
    0.372549    0.695330   -0.023766    0.361249    1.448519       -3.431013        8.058559    5.524504    1.551942    0.252550    4.286726
    0.382353    0.696629   -0.037569    0.294680    1.548197       -7.247265        9.102179    5.708273    1.615856    0.252550    4.286726
    0.392157    0.698447   -0.048486    0.224579    1.565472      -10.966837       10.171355    5.892456    1.680029    0.252550    4.286726
    0.401961    0.700661   -0.056446    0.154542    1.513771      -14.557068       11.274213    6.077174    1.744547    0.252550    4.286726
    0.411765    0.703148   -0.061518    0.087532    1.406987      -17.989847       12.417280    6.262516    1.809477    0.252550    4.286726
    0.421569    0.705791   -0.063879    0.025868    1.258891      -21.242005       13.605419    6.448537    1.874870    0.252550    4.286726
    0.431373    0.708480   -0.063791   -0.028771    1.082669      -24.295913       14.841791    6.635264    1.940756    0.252550    4.286726
    0.441176    0.711119   -0.061575   -0.075303    0.890546      -27.140155       16.127836    6.822697    2.007145    0.252550    4.286726
    0.450980    0.713627   -0.057583   -0.113189    0.693499      -29.770134       17.463320    7.010811    2.074031    0.252550    4.286726
    0.460784    0.715937   -0.052183   -0.142358    0.501027      -32.188448       18.846413    7.199563    2.141389    0.252550    4.286726
    0.470588    0.717997   -0.045735   -0.163138    0.321004      -34.404921       20.273847    7.388892    2.209181    0.252550    4.286726
    0.480392    0.719770   -0.038579   -0.176172    0.159592      -36.436202       21.741111    7.578728    2.277357    0.252550    4.286726
    0.490196    0.721233   -0.031023   -0.182337    0.021231      -38.304931       23.242701    7.768992    2.345861    0.252550    4.286726
    0.500000    0.722375   -0.023335   -0.182673   -0.091290      -40.038545       24.772397    7.959600    2.414628    0.252550    4.286726
    0.509804    0.723195   -0.015735   -0.178310   -0.176698      -41.667827       26.323539    8.150467    2.483596    0.252550    4.286726
    0.519608    0.723701   -0.008397   -0.170409   -0.235035      -43.225369       27.889302    8.341509    2.552697    0.252550    4.286726
    0.529412    0.723907   -0.001445   -0.160108   -0.267424      -44.744091       29.462935    8.532644    2.621871    0.252550    4.286726
    0.539216    0.723829    0.005042   -0.148481   -0.275804      -46.255945       31.037957    8.723796    2.691057    0.252550    4.286726
    0.549020    0.723490    0.011031   -0.136514   -0.262669      -47.790909       32.608303    8.914892    2.760201    0.252550    4.286726
    0.558824    0.722909    0.016524   -0.125078   -0.230822      -49.376288       34.168413    9.105866    2.829253    0.252550    4.286726
    0.568627    0.722107    0.021562   -0.114925   -0.183159      -51.036351       35.713273    9.296658    2.898166    0.252550    4.286726
    0.578431    0.721102    0.026211   -0.106686   -0.122493      -52.792247       37.238410    9.487210    2.966899    0.252550    4.286726
    0.588235    0.719909    0.030563   -0.100872   -0.051422      -54.662154       38.739842    9.677472    3.035416    0.252550    4.286726
    0.598039    0.718536    0.034729   -0.097888    0.027763      -56.661603       40.214012    9.867395    3.103679    0.252550    4.286726
    0.607843    0.716991    0.038835   -0.098043    0.113122      -58.803897       41.657694   10.056933    3.171656    0.252550    4.286726
    0.617647    0.715272    0.043017   -0.101563    0.203087      -61.100574       43.067891   10.246040    3.239313    0.252550    4.286726
    0.627451    0.713373    0.047421   -0.108611    0.296446      -63.561862       44.441732   10.434669    3.306617    0.252550    4.286726
    0.637255    0.711282    0.052197   -0.119295    0.392309      -66.197077       45.776368   10.622772    3.373531    0.252550    4.286726
    0.647059    0.708980    0.057500   -0.133683    0.490057      -69.014934       47.068883   10.810295    3.440016    0.252550    4.286726
    0.656863    0.706442    0.063486   -0.151812    0.589286      -72.023744       48.316213   10.997180    3.506028    0.252550    4.286726
    0.666667    0.703636    0.070313   -0.173699    0.689736      -75.231471       49.515087   11.183360    3.571515    0.252550    4.286726
    0.676471    0.700523    0.078139   -0.199344    0.791232      -78.645636       50.661983   11.368760    3.636422    0.252550    4.286726
    0.686275    0.697059    0.087121   -0.228736    0.893614      -82.273053       51.753118   11.553292    3.700680    0.252550    4.286726
    0.696078    0.693191    0.097417   -0.261851    0.996678      -86.119402       52.784453   11.736858    3.764213    0.252550    4.286726
    0.705882    0.688863    0.109182   -0.298651    1.100127      -90.188640       53.751739   11.919342    3.826932    0.252550    4.286726
    0.715686    0.684010    0.122571   -0.339084    1.203527      -94.482268       54.650577   12.100616    3.888737    0.252550    4.286726
    0.725490    0.678562    0.137733   -0.383078    1.306275      -98.998501       55.476526   12.280532    3.949511    0.252550    4.286726
    0.735294    0.672444    0.154818   -0.430533    1.407590     -103.731384       56.225217   12.458922    4.009126    0.252550    4.286726
    0.745098    0.665573    0.173968   -0.481319    1.506507     -108.669934       56.892504   12.635599    4.067436    0.252550    4.286726
    0.754902    0.657865    0.195319   -0.535272    1.601899     -113.797391       57.474621   12.810353    4.124280    0.252550    4.286726
    0.764706    0.649229    0.219001   -0.592186    1.692512     -119.090684       57.968346   12.982951    4.179484    0.252550    4.286726
    0.774510    0.639573    0.245132   -0.651811    1.777015     -124.520194       58.371162   13.153136    4.232858    0.252550    4.286726
    0.784314    0.628799    0.273822   -0.713858    1.854063     -130.049909       58.681388   13.320626    4.284202    0.252550    4.286726
    0.794118    0.616811    0.305164   -0.777994    1.922361     -135.638014       58.898294   13.485113    4.333304    0.252550    4.286726
    0.803922    0.603513    0.339239   -0.843853    1.980741     -141.237917       59.022161   13.646263    4.379952    0.252550    4.286726
    0.813725    0.588810    0.376111   -0.911039    2.028215     -146.799686       59.054297   13.803719    4.423931    0.252550    4.286726
    0.823529    0.572610    0.415828   -0.979134    2.064032     -152.271790       58.996999   13.957096    4.465035    0.252550    4.286726
    0.833333    0.554829    0.458418   -1.047715    2.087700     -157.603012       58.853461   14.105988    4.503074    0.252550    4.286726
    0.843137    0.535390    0.503893   -1.116356    2.098990     -162.744383       58.627639   14.249968    4.537880    0.252550    4.286726
    0.852941    0.514225    0.552246   -1.184643    2.097916     -167.650964       58.324073   14.388588    4.569319    0.252550    4.286726
    0.862745    0.491279    0.603456   -1.252181    2.084676     -172.283338       57.947690   14.521385    4.597303    0.252550    4.286726
    0.872549    0.466515    0.657481   -1.318599    2.059575     -176.608710       57.503596   14.647884    4.621792    0.252550    4.286726
    0.882353    0.439908    0.714268   -1.383553    2.022919     -180.601558       56.996870   14.767600    4.642810    0.252550    4.286726
    0.892157    0.411457    0.773748   -1.446722    1.974883     -184.243820       56.432373   14.880047    4.660444    0.252550    4.286726
    0.901961    0.381180    0.835841   -1.507804    1.915364     -187.524686       55.814580   14.984740    4.674851    0.252550    4.286726
    0.911765    0.349119    0.900451   -1.566496    1.843796     -190.440032       55.147443   15.081200    4.686258    0.252550    4.286726
    0.921569    0.315341    0.967472   -1.622485    1.758957     -192.991628       54.434289   15.168966    4.694952    0.252550    4.286726
    0.931373    0.279940    1.036784   -1.675411    1.658726     -195.186190       53.677743   15.247596    4.701278    0.252550    4.286726
    0.941176    0.243035    1.108247   -1.724835    1.539809     -197.034392       52.879696   15.316677    4.705618    0.252550    4.286726
    0.950980    0.204773    1.181705   -1.770192    1.397403     -198.549909       52.041288   15.375829    4.708374    0.252550    4.286726
    0.960784    0.165326    1.256971   -1.810730    1.224794     -199.748550       51.162934   15.424718    4.709949    0.252550    4.286726
    0.970588    0.124895    1.333822   -1.845434    1.012859     -200.647552       50.244360   15.463055    4.710721    0.252550    4.286726
    0.980392    0.083699    1.411985   -1.872923    0.749460     -201.265084       49.284675   15.490610    4.711014    0.252550    4.286726
    0.990196    0.041982    1.491120   -1.891336    0.418698     -201.620062       48.282450   15.507213    4.711083    0.252550    4.286726
    1.000000    0.000000    1.570796   -1.898163    0.000000     -201.732885       47.235821   15.512758    4.711088    0.252550    4.286726
