           t           r         psi          cs          qs               p             sig           A           V          Q2           S
    0.000000    0.000000   -1.570796   -0.289101    0.000000       25.407920       -6.339435    0.000000    0.000000    0.102050    9.434302
    0.009804    0.092482   -1.542988   -0.323675    0.991628       25.396652       -6.707213    0.026875    0.000017    0.102050    9.434302
    0.019608    0.184880   -1.508858   -0.425038    1.924805       25.354849       -7.057943    0.107476    0.000294    0.102050    9.434302
    0.029412    0.277040   -1.462492   -0.586894    2.749844       25.261485       -7.398098    0.241716    0.001657    0.102050    9.434302
    0.039216    0.368632   -1.398734   -0.799100    3.413730       25.076015       -7.733744    0.429373    0.005959    0.102050    9.434302
    0.049020    0.459012   -1.313547   -1.047608    3.861308       24.723896       -8.070361    0.669947    0.016662    0.102050    9.434302
    0.058824    0.547059   -1.204370   -1.314496    4.035336       24.070568       -8.412116    0.962436    0.039369    0.102050    9.434302
    0.068627    0.631018   -1.070486   -1.577876    3.875097       22.876771       -8.759691    1.305008    0.081913    0.102050    9.434302
    0.078431    0.708454   -0.913401   -1.811364    3.313229       20.735108       -9.104461    1.694610    0.153496    0.102050    9.434302
    0.088235    0.776413   -0.737315   -1.982771    2.272998       17.044385       -9.414092    2.126611    0.262502    0.102050    9.434302
    0.098039    0.831869   -0.549747   -2.052322    0.682130       11.312596       -9.601919    2.594611    0.413271    0.102050    9.434302
    0.107843    0.872489   -0.362230   -1.973952   -1.439315        4.538515       -9.486081    3.090611    0.603258    0.102050    9.434302
    0.117647    0.897508   -0.190340   -1.710799   -3.741609        1.322880       -8.822214    3.605672    0.822765    0.102050    9.434302
    0.127451    0.908332   -0.051195   -1.274067   -5.398159        6.502654       -7.557055    4.131025    1.058406    0.102050    9.434302
    0.137255    0.908354    0.042602   -0.749582   -5.688071       16.161636       -6.043244    4.659330    1.298450    0.102050    9.434302
    0.147059    0.901945    0.088471   -0.256320   -4.718626       22.473630       -4.711302    5.185564    1.536111    0.102050    9.434302
    0.156863    0.893265    0.093726    0.118526   -3.113580       23.354839       -3.712197    5.707231    1.769214    0.102050    9.434302
    0.166667    0.885483    0.071328    0.339580   -1.431071       20.519409       -2.987888    6.223991    1.998147    0.102050    9.434302
    0.176471    0.880494    0.035518    0.411965   -0.011461       15.811579       -2.430745    6.736980    2.224216    0.102050    9.434302
    0.186275    0.878941   -0.001233    0.366498    0.973463       10.391884       -1.946388    7.248064    2.448904    0.102050    9.434302
    0.196078    0.880471   -0.030003    0.247271    1.469960        4.981757       -1.460966    7.759177    2.673623    0.102050    9.434302
    0.205882    0.884096   -0.046141    0.100786    1.513080        0.137428       -0.916810    8.271845    2.899575    0.102050    9.434302
    0.215686    0.888593   -0.049052   -0.032997    1.205719       -3.637983       -0.271618    8.786933    3.127572    0.102050    9.434302
    0.225490    0.892836   -0.041285   -0.126858    0.697193       -5.955790        0.496619    9.304608    3.357895    0.102050    9.434302
    0.235294    0.896032   -0.027187   -0.169297    0.153023       -6.719944        1.383182    9.824474    3.590276    0.102050    9.434302
    0.245098    0.897815   -0.011456   -0.163813   -0.285673       -6.254132        2.356580   10.345793    3.824054    0.102050    9.434302
    0.254902    0.898221    0.002071   -0.124571   -0.538430       -5.202277        3.369628   10.867738    4.058435    0.102050    9.434302
    0.264706    0.897572    0.011116   -0.069960   -0.596621       -4.237982        4.376821   11.389593    4.292732    0.102050    9.434302
    0.274510    0.896323    0.015057   -0.016598   -0.505475       -3.809972        5.347691   11.910873    4.526499    0.102050    9.434302
    0.284314    0.894924    0.014578    0.024285   -0.332820       -4.072744        6.270484   12.431364    4.759553    0.102050    9.434302
    0.294118    0.893719    0.011107    0.047757   -0.142657       -4.960797        7.148358   12.951084    4.991925    0.102050    9.434302
    0.303922    0.892911    0.006272    0.054193    0.018962       -6.298042        7.993037   13.470214    5.223780    0.102050    9.434302
    0.313725    0.892557    0.001491    0.047432    0.127452       -7.880431        8.819242   13.989006    5.455340    0.102050    9.434302
    0.323529    0.892603   -0.002261    0.032851    0.177069       -9.523180        9.640855   14.507713    5.686826    0.102050    9.434302
    0.333333    0.892928   -0.004511    0.015782    0.175668      -11.084294       10.468677   15.026535    5.918413    0.102050    9.434302
    0.343137    0.893390   -0.005236    0.000449    0.138883      -12.474952       11.309366   15.545593    6.150209    0.102050    9.434302
    0.352941    0.893858   -0.004729   -0.010544    0.084770      -13.661036       12.165337   16.064926    6.382251    0.102050    9.434302
    0.362745    0.894241   -0.003449   -0.016259    0.029531      -14.656398       13.035398   16.584510    6.614519    0.102050    9.434302
    0.372549    0.894487   -0.001872   -0.017112   -0.015236      -15.508751       13.915930   17.104279    6.846952    0.102050    9.434302
    0.382353    0.894590   -0.000394   -0.014382   -0.043603      -16.281444       14.802259   17.624148    7.079477    0.102050    9.434302
    0.392157    0.894572    0.000727   -0.009682   -0.054848      -17.036042       15.689901   18.144040    7.312022    0.102050    9.434302
    0.401961    0.894470    0.001383   -0.004524   -0.051990      -17.819940       16.575416   18.663895    7.544534    0.102050    9.434302
    0.411765    0.894330    0.001586   -0.000046   -0.039965      -18.660812       17.456786   19.183678    7.776981    0.102050    9.434302
    0.421569    0.894188    0.001433    0.003101   -0.023975      -19.567112       18.333380   19.703378    8.009353    0.102050    9.434302
    0.431373    0.894072    0.001059    0.004725   -0.008340      -20.532437       19.205652   20.223001    8.241658    0.102050    9.434302
    0.441176    0.893995    0.000601    0.004987    0.004071      -21.541397       20.074719   20.742568    8.473911    0.102050    9.434302
    0.450980    0.893960    0.000168    0.004255    0.011926      -22.575257       20.941954   21.262102    8.706136    0.102050    9.434302
    0.460784    0.893961   -0.000169    0.002967    0.015181      -23.616358       21.808656   21.781627    8.938353    0.102050    9.434302
    0.470588    0.893987   -0.000377    0.001529    0.014666      -24.650943       22.675838   22.301160    9.170577    0.102050    9.434302
    0.480392    0.894026   -0.000457    0.000249    0.011651      -25.670432       23.544131   22.820713    9.402819    0.102050    9.434302
    0.490196    0.894068   -0.000433   -0.000692    0.007464      -26.671395       24.413786   23.340290    9.635082    0.102050    9.434302
    0.500000    0.894104   -0.000341   -0.001229    0.003227      -27.654644       25.284743   23.859890    9.867366    0.102050    9.434302
    0.509804    0.894130   -0.000218   -0.001390   -0.000283      -28.623829       26.156731   24.379508   10.099666    0.102050    9.434302
    0.519608    0.894145   -0.000093   -0.001262   -0.002667      -29.583966       27.029384   24.899138   10.331976    0.102050    9.434302
    0.529412    0.894148    0.000010   -0.000956   -0.003856      -30.540146       27.902327   25.418773   10.564292    0.102050    9.434302
    0.539216    0.894144    0.000081   -0.000579   -0.004014      -31.496636       28.775247   25.938408   10.796606    0.102050    9.434302
    0.549020    0.894134    0.000118   -0.000218   -0.003437      -32.456388       29.647928   26.458039   11.028917    0.102050    9.434302
    0.558824    0.894123    0.000124    0.000070   -0.002455      -33.420933       30.520257   26.977663   11.261223    0.102050    9.434302
    0.568627    0.894112    0.000108    0.000260   -0.001363      -34.390553       31.392214   27.497281   11.493522    0.102050    9.434302
    0.578431    0.894103    0.000079    0.000350   -0.000380      -35.364608       32.263845   28.016893   11.725817    0.102050    9.434302
    0.588235    0.894098    0.000046    0.000356    0.000362      -36.341924       33.135238   28.536500   11.958108    0.102050    9.434302
    0.598039    0.894095    0.000015    0.000303    0.000816      -37.321144       34.006490   29.056106   12.190396    0.102050    9.434302
    0.607843    0.894095   -0.000009    0.000217    0.000998      -38.301002       34.877696   29.575710   12.422684    0.102050    9.434302
    0.617647    0.894096   -0.000025    0.000123    0.000967      -39.280500       35.748928   30.095315   12.654972    0.102050    9.434302
    0.627451    0.894099   -0.000032    0.000037    0.000802      -40.258985       36.620234   30.614921   12.887261    0.102050    9.434302
    0.637255    0.894102   -0.000033   -0.000031    0.000585      -41.236149       37.491637   31.134529   13.119552    0.102050    9.434302
    0.647059    0.894105   -0.000027   -0.000079    0.000394      -42.211982       38.363138   31.654139   13.351845    0.102050    9.434302
    0.656863    0.894107   -0.000018   -0.000113    0.000300      -43.186693       39.234722   32.173750   13.584138    0.102050    9.434302
    0.666667    0.894108   -0.000006   -0.000144    0.000373      -44.160653       40.106360   32.693362   13.816433    0.102050    9.434302
    0.676471    0.894108    0.000009   -0.000191    0.000697      -45.134355       40.978018   33.212975   14.048728    0.102050    9.434302
    0.686275    0.894106    0.000030   -0.000282    0.001393      -46.108444       41.849647   33.732587   14.281022    0.102050    9.434302
    0.696078    0.894102    0.000064   -0.000459    0.002651      -47.083827       42.721181   34.252197   14.513315    0.102050    9.434302
    0.705882    0.894094    0.000120   -0.000784    0.004779      -48.061927       43.592516   34.771804   14.745605    0.102050    9.434302
    0.715686    0.894079    0.000216   -0.001355    0.008263      -49.045126       44.463476   35.291404   14.977889    0.102050    9.434302
    0.725490    0.894052    0.000382   -0.002324    0.013860      -50.037520       45.333761   35.810992   15.210162    0.102050    9.434302
    0.735294    0.894004    0.000665   -0.003926    0.022711      -51.046135       46.202853   36.330559   15.442416    0.102050    9.434302
    0.745098    0.893923    0.001139   -0.006516    0.036490      -52.082853       47.069878   36.850090   15.674638    0.102050    9.434302
    0.754902    0.893784    0.001917   -0.010627    0.057568      -53.167360       47.933378   37.369558   15.906803    0.102050    9.434302
    0.764706    0.893553    0.003175   -0.017032    0.089176      -54.331534       48.790981   37.888920   16.138874    0.102050    9.434302
    0.774510    0.893174    0.005172   -0.026824    0.135472      -55.625619       49.638909   38.408109   16.370789    0.102050    9.434302
    0.784314    0.892562    0.008287   -0.041487    0.201407      -57.126259       50.471302   38.927015   16.602447    0.102050    9.434302
    0.794118    0.891591    0.013056   -0.062939    0.292158      -58.945473       51.279344   39.445468   16.833693    0.102050    9.434302
    0.803922    0.890074    0.020210   -0.093488    0.411897      -61.237554       52.050301   39.963209   17.064286    0.102050    9.434302
    0.813725    0.887750    0.030708   -0.135651    0.561716      -64.197271       52.766723   40.479848   17.293857    0.102050    9.434302
    0.823529    0.884255    0.045734   -0.191749    0.736904      -68.038525       53.406387   40.994817   17.521854    0.102050    9.434302
    0.833333    0.879111    0.066656   -0.263287    0.924523      -72.942146       53.943773   41.507302   17.747467    0.102050    9.434302
    0.843137    0.871709    0.094915   -0.350204    1.103072      -78.972624       54.353805   42.016174   17.969538    0.102050    9.434302
    0.852941    0.861316    0.131848   -0.450291    1.246094      -85.991397       54.617669   42.519914   18.186467    0.102050    9.434302
    0.862745    0.847100    0.178484   -0.559136    1.329783      -93.623429       54.728913   43.016545   18.396137    0.102050    9.434302
    0.872549    0.828178    0.235367   -0.670804    1.341442     -101.325545       54.696733   43.503589   18.595898    0.102050    9.434302
    0.882353    0.803682    0.302468   -0.779094    1.283896     -108.540497       54.544206   43.978058   18.782661    0.102050    9.434302
    0.892157    0.772838    0.379224   -0.878839    1.173210     -114.852264       54.302129   44.436481   18.953122    0.102050    9.434302
    0.901961    0.735027    0.464674   -0.966722    1.031688     -120.060730       54.001655   44.874980   19.104123    0.102050    9.434302
    0.911765    0.689843    0.557645   -1.041404    0.880558     -124.161686       53.668873   45.289376   19.233092    0.102050    9.434302
    0.921569    0.637121    0.656919   -1.103147    0.735538     -127.275649       53.322508   45.675325   19.338477    0.102050    9.434302
    0.931373    0.576946    0.761352   -1.153221    0.605717     -129.575016       52.974093   46.028458   19.420079    0.102050    9.434302
    0.941176    0.509648    0.869943   -1.193350    0.494533     -131.234309       52.629329   46.344530   19.479195    0.102050    9.434302
    0.950980    0.435783    0.981854   -1.225304    0.401389     -132.405387       52.289677   46.619551   19.518536    0.102050    9.434302
    0.960784    0.356110    1.096404   -1.250638    0.322975     -133.209829       51.953677   46.849916   19.541907    0.102050    9.434302
    0.970588    0.271562    1.213037   -1.270527    0.253861     -133.740257       51.617886   47.032513   19.553705    0.102050    9.434302
    0.980392    0.183218    1.331286   -1.285608    0.186152     -134.065140       51.277477   47.164817   19.558301    0.102050    9.434302
    0.990196    0.092271    1.450707   -1.295769    0.107946     -134.234222       50.926638   47.244963   19.559396    0.102050    9.434302
    1.000000    0.000000    1.570796   -1.299728    0.000000     -134.283777       50.558850   47.271807   19.559471    0.102050    9.434302
