           t           r         psi          cs          qs               p             sig           A           V          Q2           S
    0.000000    0.000000   -1.570796   -1.289074    0.000000        5.793068       -3.061448    0.000000    0.000000    0.151640    7.795221
    0.002488    0.019389   -1.545801   -1.288926   -0.020357        5.793068       -3.061448    0.001181    0.000000    0.151640    7.795221
    0.004975    0.038766   -1.520811   -1.288482   -0.040703        5.793068       -3.061449    0.004724    0.000002    0.151640    7.795221
    0.007463    0.058119   -1.495832   -1.287742   -0.061026        5.793068       -3.061450    0.010627    0.000012    0.151640    7.795221
    0.009950    0.077435   -1.470871   -1.286707   -0.081315        5.793068       -3.061450    0.018885    0.000037    0.151640    7.795221
    0.012438    0.096704   -1.445933   -1.285376   -0.101560        5.793068       -3.061451    0.029494    0.000089    0.151640    7.795221
    0.014925    0.115912   -1.421023   -1.283750   -0.121749        5.793067       -3.061452    0.042447    0.000184    0.151640    7.795221
    0.017413    0.135048   -1.396148   -1.281830   -0.141871        5.793067       -3.061452    0.057736    0.000340    0.151640    7.795221
    0.019900    0.154100   -1.371313   -1.279617   -0.161914        5.793067       -3.061453    0.075351    0.000578    0.151640    7.795221
    0.022388    0.173057   -1.346524   -1.277110   -0.181868        5.793066       -3.061454    0.095282    0.000922    0.151640    7.795221
    0.024876    0.191907   -1.321786   -1.274311   -0.201722        5.793066       -3.061454    0.117517    0.001398    0.151640    7.795221
    0.027363    0.210639   -1.297105   -1.271222   -0.221464        5.793065       -3.061455    0.142040    0.002038    0.151640    7.795221
    0.029851    0.229242   -1.272487   -1.267842   -0.241083        5.793065       -3.061455    0.168839    0.002871    0.151640    7.795221
    0.032338    0.247705   -1.247937   -1.264173   -0.260569        5.793064       -3.061456    0.197896    0.003931    0.151640    7.795221
    0.034826    0.266017   -1.223462   -1.260217   -0.279911        5.793064       -3.061457    0.229193    0.005255    0.151640    7.795221
    0.037313    0.284168   -1.199065   -1.255974   -0.299097        5.793063       -3.061457    0.262711    0.006878    0.151640    7.795221
    0.039801    0.302147   -1.174754   -1.251446   -0.318117        5.793062       -3.061458    0.298430    0.008841    0.151640    7.795221
    0.042289    0.319945   -1.150533   -1.246635   -0.336960        5.793061       -3.061458    0.336329    0.011183    0.151640    7.795221
    0.044776    0.337551   -1.126408   -1.241542   -0.355616        5.793060       -3.061459    0.376385    0.013943    0.151640    7.795221
    0.047264    0.354957   -1.102385   -1.236170   -0.374073        5.793059       -3.061459    0.418574    0.017165    0.151640    7.795221
    0.049751    0.372153   -1.078469   -1.230519   -0.392321        5.793057       -3.061460    0.462871    0.020888    0.151640    7.795221
    0.052239    0.389130   -1.054665   -1.224592   -0.410351        5.793056       -3.061461    0.509250    0.025155    0.151640    7.795221
    0.054726    0.405881   -1.030978   -1.218391   -0.428150        5.793054       -3.061461    0.557684    0.030007    0.151640    7.795221
    0.057214    0.422395   -1.007415   -1.211917   -0.445709        5.793053       -3.061462    0.608144    0.035485    0.151640    7.795221
    0.059701    0.438667   -0.983979   -1.205175   -0.463019        5.793051       -3.061462    0.660601    0.041629    0.151640    7.795221
    0.062189    0.454687   -0.960677   -1.198164   -0.480067        5.793049       -3.061463    0.715026    0.048479    0.151640    7.795221
    0.064677    0.470449   -0.937514   -1.190889   -0.496846        5.793047       -3.061463    0.771387    0.056074    0.151640    7.795221
    0.067164    0.485947   -0.914494   -1.183352   -0.513344        5.793045       -3.061464    0.829652    0.064449    0.151640    7.795221
    0.069652    0.501172   -0.891622   -1.175554   -0.529552        5.793043       -3.061465    0.889789    0.073641    0.151640    7.795221
    0.072139    0.516121   -0.868905   -1.167500   -0.545460        5.793040       -3.061465    0.951765    0.083683    0.151640    7.795221
    0.074627    0.530786   -0.846346   -1.159192   -0.561059        5.793038       -3.061466    1.015544    0.094607    0.151640    7.795221
    0.077114    0.545162   -0.823950   -1.150633   -0.576339        5.793035       -3.061466    1.081092    0.106441    0.151640    7.795221
    0.079602    0.559244   -0.801723   -1.141825   -0.591291        5.793032       -3.061467    1.148375    0.119214    0.151640    7.795221
    0.082090    0.573027   -0.779669   -1.132773   -0.605906        5.793029       -3.061467    1.217354    0.132950    0.151640    7.795221
    0.084577    0.586508   -0.757793   -1.123479   -0.620174        5.793025       -3.061468    1.287995    0.147672    0.151640    7.795221
    0.087065    0.599682   -0.736100   -1.113947   -0.634088        5.793022       -3.061468    1.360260    0.163399    0.151640    7.795221
    0.089552    0.612545   -0.714594   -1.104181   -0.647637        5.793018       -3.061469    1.434110    0.180148    0.151640    7.795221
    0.092040    0.625095   -0.693279   -1.094183   -0.660815        5.793014       -3.061469    1.509509    0.197934    0.151640    7.795221
    0.094527    0.637329   -0.672160   -1.083957   -0.673611        5.793010       -3.061469    1.586418    0.216769    0.151640    7.795221
    0.097015    0.649243   -0.651242   -1.073508   -0.686019        5.793005       -3.061470    1.664798    0.236661    0.151640    7.795221
    0.099502    0.660837   -0.630529   -1.062839   -0.698031        5.793000       -3.061470    1.744610    0.257616    0.151640    7.795221
    0.101990    0.672108   -0.610024   -1.051954   -0.709637        5.792995       -3.061471    1.825815    0.279638    0.151640    7.795221
    0.104478    0.683054   -0.589733   -1.040858   -0.720832        5.792990       -3.061471    1.908373    0.302726    0.151640    7.795221
    0.106965    0.693676   -0.569659   -1.029553   -0.731607        5.792985       -3.061471    1.992245    0.326880    0.151640    7.795221
    0.109453    0.703971   -0.549806   -1.018046   -0.741955        5.792979       -3.061472    2.077391    0.352093    0.151640    7.795221
    0.111940    0.713940   -0.530178   -1.006339   -0.751870        5.792973       -3.061472    2.163772    0.378358    0.151640    7.795221
    0.114428    0.723583   -0.510779   -0.994439   -0.761345        5.792967       -3.061472    2.251348    0.405666    0.151640    7.795221
    0.116915    0.732899   -0.491613   -0.982348   -0.770372        5.792960       -3.061472    2.340079    0.434003    0.151640    7.795221
    0.119403    0.741890   -0.472683   -0.970071   -0.778947        5.792954       -3.061473    2.429925    0.463354    0.151640    7.795221
    0.121891    0.750556   -0.453992   -0.957615   -0.787062        5.792947       -3.061473    2.520846    0.493703    0.151640    7.795221
    0.124378    0.758899   -0.435545   -0.944982   -0.794713        5.792941       -3.061473    2.612804    0.525030    0.151640    7.795221
    0.126866    0.766919   -0.417345   -0.932179   -0.801893        5.792934       -3.061473    2.705758    0.557314    0.151640    7.795221
    0.129353    0.774619   -0.399395   -0.919211   -0.808598        5.792927       -3.061473    2.799670    0.590532    0.151640    7.795221
    0.131841    0.782001   -0.381697   -0.906081   -0.814822        5.792920       -3.061473    2.894501    0.624659    0.151640    7.795221
    0.134328    0.789066   -0.364256   -0.892797   -0.820561        5.792913       -3.061472    2.990212    0.659668    0.151640    7.795221
    0.136816    0.795818   -0.347073   -0.879362   -0.825810        5.792907       -3.061472    3.086764    0.695531    0.151640    7.795221
    0.139303    0.802259   -0.330153   -0.865782   -0.830565        5.792900       -3.061472    3.184121    0.732220    0.151640    7.795221
    0.141791    0.808391   -0.313497   -0.852064   -0.834822        5.792894       -3.061471    3.282243    0.769703    0.151640    7.795221
    0.144279    0.814220   -0.297109   -0.838211   -0.838579        5.792888       -3.061471    3.381094    0.807949    0.151640    7.795221
    0.146766    0.819746   -0.280991   -0.824231   -0.841831        5.792883       -3.061470    3.480636    0.846926    0.151640    7.795221
    0.149254    0.824975   -0.265144   -0.810128   -0.844575        5.792879       -3.061469    3.580834    0.886600    0.151640    7.795221
    0.151741    0.829911   -0.249573   -0.795909   -0.846809        5.792875       -3.061468    3.681651    0.926938    0.151640    7.795221
    0.154229    0.834556   -0.234278   -0.781579   -0.848531        5.792872       -3.061467    3.783051    0.967905    0.151640    7.795221
    0.156716    0.838915   -0.219262   -0.767145   -0.849739        5.792870       -3.061466    3.885000    1.009466    0.151640    7.795221
    0.159204    0.842993   -0.204527   -0.752612   -0.850430        5.792869       -3.061465    3.987463    1.051587    0.151640    7.795221
    0.161692    0.846793   -0.190075   -0.737986   -0.850604        5.792869       -3.061464    4.090406    1.094232    0.151640    7.795221
    0.164179    0.850321   -0.175907   -0.723274   -0.850260        5.792871       -3.061462    4.193795    1.137367    0.151640    7.795221
    0.166667    0.853582   -0.162025   -0.708482   -0.849397        5.792873       -3.061460    4.297597    1.180956    0.151640    7.795221
    0.169154    0.856579   -0.148431   -0.693616   -0.848015        5.792878       -3.061459    4.401781    1.224964    0.151640    7.795221
    0.171642    0.859319   -0.135126   -0.678683   -0.846113        5.792883       -3.061457    4.506314    1.269357    0.151640    7.795221
    0.174129    0.861805   -0.122110   -0.663689   -0.843693        5.792890       -3.061455    4.611166    1.314101    0.151640    7.795221
    0.176617    0.864044   -0.109387   -0.648640   -0.840755        5.792899       -3.061453    4.716305    1.359162    0.151640    7.795221
    0.179104    0.866041   -0.096955   -0.633544   -0.837300        5.792909       -3.061450    4.821703    1.404507    0.151640    7.795221
    0.181592    0.867800   -0.084817   -0.618406   -0.833330        5.792920       -3.061448    4.927329    1.450104    0.151640    7.795221
    0.184080    0.869328   -0.072972   -0.603233   -0.828846        5.792933       -3.061446    5.033155    1.495920    0.151640    7.795221
    0.186567    0.870630   -0.061422   -0.588033   -0.823852        5.792947       -3.061443    5.139154    1.541925    0.151640    7.795221
    0.189055    0.871711   -0.050167   -0.572812   -0.818350        5.792961       -3.061441    5.245298    1.588089    0.151640    7.795221
    0.191542    0.872576   -0.039207   -0.557576   -0.812343        5.792977       -3.061438    5.351560    1.634381    0.151640    7.795221
    0.194030    0.873233   -0.028543   -0.542333   -0.805835        5.792994       -3.061435    5.457915    1.680774    0.151640    7.795221
    0.196517    0.873685   -0.018174   -0.527090   -0.798829        5.793011       -3.061432    5.564337    1.727240    0.151640    7.795221
    0.199005    0.873939   -0.008101   -0.511853   -0.791330        5.793028       -3.061430    5.670803    1.773752    0.151640    7.795221
    0.201493    0.874001    0.001676   -0.496630   -0.783343        5.793046       -3.061427    5.777287    1.820285    0.151640    7.795221
    0.203980    0.873876    0.011159   -0.481427   -0.774873        5.793063       -3.061424    5.883768    1.866813    0.151640    7.795221
    0.206468    0.873570    0.020347   -0.466253   -0.765926        5.793080       -3.061421    5.990222    1.913314    0.151640    7.795221
    0.208955    0.873089    0.029242   -0.451113   -0.756508        5.793097       -3.061419    6.096629    1.959764    0.151640    7.795221
    0.211443    0.872438    0.037843   -0.436015   -0.746625        5.793114       -3.061416    6.202966    2.006142    0.151640    7.795221
    0.213930    0.871624    0.046152   -0.420967   -0.736285        5.793129       -3.061413    6.309214    2.052428    0.151640    7.795221
    0.216418    0.870651    0.054169   -0.405974   -0.725496        5.793144       -3.061411    6.415353    2.098601    0.151640    7.795221
    0.218905    0.869526    0.061897   -0.391046   -0.714264        5.793158       -3.061408    6.521364    2.144643    0.151640    7.795221
    0.221393    0.868254    0.069335   -0.376188   -0.702599        5.793171       -3.061406    6.627230    2.190537    0.151640    7.795221
    0.223881    0.866841    0.076487   -0.361408   -0.690510        5.793183       -3.061403    6.732931    2.236267    0.151640    7.795221
    0.226368    0.865292    0.083352   -0.346714   -0.678006        5.793193       -3.061401    6.838452    2.281815    0.151640    7.795221
    0.228856    0.863614    0.089934   -0.332113   -0.665097        5.793203       -3.061399    6.943777    2.327169    0.151640    7.795221
    0.231343    0.861811    0.096233   -0.317611   -0.651792        5.793211       -3.061397    7.048889    2.372314    0.151640    7.795221
    0.233831    0.859889    0.102252   -0.303216   -0.638105        5.793219       -3.061395    7.153774    2.417237    0.151640    7.795221
    0.236318    0.857854    0.107993   -0.288936   -0.624044        5.793225       -3.061393    7.258418    2.461928    0.151640    7.795221
    0.238806    0.855711    0.113458   -0.274778   -0.609623        5.793230       -3.061391    7.362808    2.506374    0.151640    7.795221
    0.241294    0.853465    0.118650   -0.260748   -0.594854        5.793234       -3.061389    7.466930    2.550566    0.151640    7.795221
    0.243781    0.851122    0.123572   -0.246855   -0.579750        5.793237       -3.061387    7.570773    2.594494    0.151640    7.795221
    0.246269    0.848687    0.128225   -0.233105   -0.564323        5.793239       -3.061386    7.674324    2.638150    0.151640    7.795221
    0.248756    0.846165    0.132613   -0.219505   -0.548588        5.793240       -3.061384    7.777574    2.681527    0.151640    7.795221
    0.251244    0.843561    0.136739   -0.206063   -0.532560        5.793240       -3.061383    7.880511    2.724618    0.151640    7.795221
    0.253731    0.840880    0.140605   -0.192785   -0.516252        5.793239       -3.061382    7.983126    2.767415    0.151640    7.795221
    0.256219    0.838127    0.144216   -0.179679   -0.499681        5.793238       -3.061381    8.085410    2.809915    0.151640    7.795221
    0.258706    0.835308    0.147575   -0.166752   -0.482863        5.793236       -3.061379    8.187354    2.852111    0.151640    7.795221
    0.261194    0.832426    0.150685   -0.154009   -0.465813        5.793233       -3.061378    8.288952    2.894000    0.151640    7.795221
    0.263682    0.829488    0.153549   -0.141459   -0.448548        5.793230       -3.061377    8.390194    2.935579    0.151640    7.795221
    0.266169    0.826496    0.156172   -0.129108   -0.431086        5.793226       -3.061377    8.491075    2.976844    0.151640    7.795221
    0.268657    0.823457    0.158557   -0.116962   -0.413444        5.793222       -3.061376    8.591589    3.017792    0.151640    7.795221
    0.271144    0.820374    0.160709   -0.105028   -0.395640        5.793217       -3.061375    8.691730    3.058423    0.151640    7.795221
    0.273632    0.817253    0.162632   -0.093313   -0.377694        5.793212       -3.061374    8.791493    3.098734    0.151640    7.795221
    0.276119    0.814096    0.164330   -0.081822   -0.359624        5.793206       -3.061374    8.890873    3.138724    0.151640    7.795221
    0.278607    0.810910    0.165807   -0.070562   -0.341448        5.793201       -3.061373    8.989867    3.178394    0.151640    7.795221
    0.281095    0.807697    0.167068   -0.059538   -0.323188        5.793195       -3.061373    9.088471    3.217743    0.151640    7.795221
    0.283582    0.804462    0.168117   -0.048757   -0.304864        5.793188       -3.061372    9.186682    3.256772    0.151640    7.795221
    0.286070    0.801209    0.168960   -0.038224   -0.286494        5.793182       -3.061372    9.284498    3.295480    0.151640    7.795221
    0.288557    0.797942    0.169601   -0.027944   -0.268101        5.793175       -3.061371    9.381917    3.333870    0.151640    7.795221
    0.291045    0.794664    0.170046   -0.017924   -0.249705        5.793168       -3.061371    9.478937    3.371943    0.151640    7.795221
    0.293532    0.791380    0.170298   -0.008167   -0.231328        5.793162       -3.061371    9.575557    3.409701    0.151640    7.795221
    0.296020    0.788093    0.170364    0.001321   -0.212990        5.793154       -3.061370    9.671777    3.447145    0.151640    7.795221
    0.298507    0.784806    0.170249    0.010536   -0.194714        5.793147       -3.061370    9.767596    3.484278    0.151640    7.795221
    0.300995    0.781523    0.169957    0.019473   -0.176521        5.793140       -3.061370    9.863015    3.521103    0.151640    7.795221
    0.303483    0.778247    0.169495    0.028129   -0.158432        5.793133       -3.061370    9.958034    3.557623    0.151640    7.795221
    0.305970    0.774982    0.168868    0.036499   -0.140471        5.793125       -3.061370   10.052655    3.593840    0.151640    7.795221
    0.308458    0.771730    0.168082    0.044581   -0.122657        5.793118       -3.061370   10.146879    3.629759    0.151640    7.795221
    0.310945    0.768495    0.167141    0.052370   -0.105014        5.793111       -3.061370   10.240708    3.665382    0.151640    7.795221
    0.313433    0.765279    0.166053    0.059865   -0.087562        5.793103       -3.061370   10.334144    3.700713    0.151640    7.795221
    0.315920    0.762086    0.164821    0.067062   -0.070324        5.793096       -3.061370   10.427189    3.735756    0.151640    7.795221
    0.318408    0.758917    0.163454    0.073959   -0.053321        5.793088       -3.061370   10.519846    3.770516    0.151640    7.795221
    0.320896    0.755776    0.161955    0.080556   -0.036573        5.793081       -3.061370   10.612119    3.804995    0.151640    7.795221
    0.323383    0.752664    0.160332    0.086849   -0.020101        5.793074       -3.061370   10.704012    3.839200    0.151640    7.795221
    0.325871    0.749585    0.158589    0.092838   -0.003927        5.793066       -3.061370   10.795527    3.873133    0.151640    7.795221
    0.328358    0.746540    0.156733    0.098523    0.011931        5.793059       -3.061370   10.886669    3.906800    0.151640    7.795221
    0.330846    0.743532    0.154770    0.103903    0.027452        5.793051       -3.061370   10.977442    3.940205    0.151640    7.795221
    0.333333    0.740562    0.152705    0.108979    0.042617        5.793044       -3.061370   11.067851    3.973353    0.151640    7.795221
    0.335821    0.737633    0.150545    0.113750    0.057409        5.793037       -3.061370   11.157901    4.006249    0.151640    7.795221
    0.338308    0.734747    0.148296    0.118219    0.071808        5.793030       -3.061370   11.247596    4.038898    0.151640    7.795221
    0.340796    0.731904    0.145963    0.122386    0.085799        5.793022       -3.061371   11.336942    4.071303    0.151640    7.795221
    0.343284    0.729106    0.143551    0.126253    0.099364        5.793015       -3.061371   11.425945    4.103472    0.151640    7.795221
    0.345771    0.726356    0.141068    0.129823    0.112487        5.793008       -3.061371   11.514610    4.135407    0.151640    7.795221
    0.348259    0.723654    0.138519    0.133099    0.125154        5.793001       -3.061371   11.602942    4.167116    0.151640    7.795221
    0.350746    0.721002    0.135908    0.136083    0.137351        5.792994       -3.061371   11.690949    4.198601    0.151640    7.795221
    0.353234    0.718400    0.133243    0.138780    0.149063        5.792987       -3.061372   11.778635    4.229870    0.151640    7.795221
    0.355721    0.715850    0.130528    0.141193    0.160280        5.792980       -3.061372   11.866007    4.260926    0.151640    7.795221
    0.358209    0.713352    0.127769    0.143328    0.170988        5.792973       -3.061372   11.953072    4.291775    0.151640    7.795221
    0.360697    0.710908    0.124971    0.145189    0.181179        5.792966       -3.061372   12.039836    4.322422    0.151640    7.795221
    0.363184    0.708518    0.122140    0.146781    0.190842        5.792959       -3.061373   12.126305    4.352872    0.151640    7.795221
    0.365672    0.706183    0.119280    0.148111    0.199969        5.792952       -3.061373   12.212487    4.383131    0.151640    7.795221
    0.368159    0.703904    0.116397    0.149184    0.208552        5.792946       -3.061373   12.298387    4.413202    0.151640    7.795221
    0.370647    0.701680    0.113496    0.150008    0.216585        5.792939       -3.061374   12.384014    4.443092    0.151640    7.795221
    0.373134    0.699511    0.110581    0.150589    0.224062        5.792932       -3.061374   12.469372    4.472805    0.151640    7.795221
    0.375622    0.697400    0.107657    0.150935    0.230980        5.792925       -3.061374   12.554470    4.502347    0.151640    7.795221
    0.378109    0.695344    0.104729    0.151054    0.237334        5.792919       -3.061375   12.639314    4.531722    0.151640    7.795221
    0.380597    0.693346    0.101801    0.150954    0.243123        5.792912       -3.061375   12.723911    4.560935    0.151640    7.795221
    0.383085    0.691403    0.098876    0.150642    0.248345        5.792906       -3.061375   12.808267    4.589991    0.151640    7.795221
    0.385572    0.689517    0.095960    0.150129    0.253000        5.792899       -3.061376   12.892391    4.618895    0.151640    7.795221
    0.388060    0.687687    0.093055    0.149422    0.257089        5.792893       -3.061376   12.976288    4.647652    0.151640    7.795221
    0.390547    0.685913    0.090166    0.148532    0.260613        5.792886       -3.061376   13.059966    4.676266    0.151640    7.795221
    0.393035    0.684195    0.087296    0.147467    0.263575        5.792880       -3.061377   13.143431    4.704742    0.151640    7.795221
    0.395522    0.682532    0.084448    0.146237    0.265979        5.792873       -3.061377   13.226690    4.733086    0.151640    7.795221
    0.398010    0.680924    0.081626    0.144853    0.267829        5.792867       -3.061377   13.309750    4.761300    0.151640    7.795221
    0.400498    0.679370    0.078831    0.143323    0.269130        5.792860       -3.061378   13.392617    4.789390    0.151640    7.795221
    0.402985    0.677869    0.076068    0.141659    0.269889        5.792854       -3.061378   13.475298    4.817360    0.151640    7.795221
    0.405473    0.676422    0.073338    0.139871    0.270113        5.792848       -3.061378   13.557799    4.845215    0.151640    7.795221
    0.407960    0.675027    0.070644    0.137969    0.269808        5.792841       -3.061379   13.640127    4.872958    0.151640    7.795221
    0.410448    0.673685    0.067988    0.135963    0.268985        5.792835       -3.061379   13.722289    4.900595    0.151640    7.795221
    0.412935    0.672393    0.065372    0.133864    0.267652        5.792829       -3.061379   13.804290    4.928128    0.151640    7.795221
    0.415423    0.671151    0.062797    0.131682    0.265818        5.792823       -3.061380   13.886137    4.955563    0.151640    7.795221
    0.417910    0.669958    0.060265    0.129429    0.263494        5.792817       -3.061380   13.967835    4.982902    0.151640    7.795221
    0.420398    0.668815    0.057778    0.127113    0.260692        5.792810       -3.061381   14.049391    5.010151    0.151640    7.795221
    0.422886    0.667719    0.055336    0.124746    0.257421        5.792804       -3.061381   14.130811    5.037312    0.151640    7.795221
    0.425373    0.666669    0.052940    0.122337    0.253695        5.792798       -3.061381   14.212100    5.064390    0.151640    7.795221
    0.427861    0.665666    0.050592    0.119898    0.249526        5.792792       -3.061382   14.293264    5.091388    0.151640    7.795221
    0.430348    0.664708    0.048291    0.117437    0.244927        5.792786       -3.061382   14.374309    5.118310    0.151640    7.795221
    0.432836    0.663794    0.046037    0.114965    0.239910        5.792780       -3.061383   14.455239    5.145159    0.151640    7.795221
    0.435323    0.662923    0.043832    0.112491    0.234489        5.792774       -3.061383   14.536061    5.171939    0.151640    7.795221
    0.437811    0.662094    0.041675    0.110026    0.228678        5.792768       -3.061383   14.616779    5.198652    0.151640    7.795221
    0.440299    0.661307    0.039565    0.107577    0.222491        5.792762       -3.061384   14.697399    5.225303    0.151640    7.795221
    0.442786    0.660560    0.037502    0.105154    0.215943        5.792756       -3.061384   14.777925    5.251895    0.151640    7.795221
    0.445274    0.659852    0.035487    0.102767    0.209047        5.792750       -3.061385   14.858363    5.278430    0.151640    7.795221
    0.447761    0.659184    0.033517    0.100422    0.201818        5.792744       -3.061385   14.938717    5.304911    0.151640    7.795221
    0.450249    0.658552    0.031592    0.098130    0.194271        5.792738       -3.061385   15.018991    5.331342    0.151640    7.795221
    0.452736    0.657958    0.029711    0.095896    0.186421        5.792732       -3.061386   15.099191    5.357726    0.151640    7.795221
    0.455224    0.657400    0.027872    0.093730    0.178282        5.792726       -3.061386   15.179321    5.384064    0.151640    7.795221
    0.457711    0.656877    0.026075    0.091639    0.169871        5.792720       -3.061387   15.259385    5.410361    0.151640    7.795221
    0.460199    0.656389    0.024318    0.089628    0.161202        5.792714       -3.061387   15.339388    5.436619    0.151640    7.795221
    0.462687    0.655934    0.022598    0.087706    0.152290        5.792708       -3.061387   15.419333    5.462840    0.151640    7.795221
    0.465174    0.655512    0.020916    0.085878    0.143151        5.792702       -3.061388   15.499224    5.489027    0.151640    7.795221
    0.467662    0.655123    0.019267    0.084149    0.133799        5.792696       -3.061388   15.579066    5.515183    0.151640    7.795221
    0.470149    0.654765    0.017651    0.082527    0.124250        5.792690       -3.061389   15.658863    5.541309    0.151640    7.795221
    0.472637    0.654438    0.016066    0.081015    0.114519        5.792684       -3.061389   15.738618    5.567409    0.151640    7.795221
    0.475124    0.654142    0.014509    0.079619    0.104622        5.792678       -3.061389   15.818335    5.593485    0.151640    7.795221
    0.477612    0.653875    0.012977    0.078342    0.094574        5.792672       -3.061390   15.898017    5.619539    0.151640    7.795221
    0.480100    0.653638    0.011470    0.077189    0.084389        5.792666       -3.061390   15.977669    5.645574    0.151640    7.795221
    0.482587    0.653430    0.009983    0.076164    0.074084        5.792660       -3.061391   16.057294    5.671591    0.151640    7.795221
    0.485075    0.653251    0.008515    0.075269    0.063672        5.792654       -3.061391   16.136896    5.697593    0.151640    7.795221
    0.487562    0.653100    0.007063    0.074507    0.053171        5.792649       -3.061392   16.216477    5.723582    0.151640    7.795221
    0.490050    0.652977    0.005625    0.073881    0.042594        5.792643       -3.061392   16.296041    5.749561    0.151640    7.795221
    0.492537    0.652882    0.004197    0.073392    0.031956        5.792637       -3.061392   16.375593    5.775531    0.151640    7.795221
    0.495025    0.652814    0.002777    0.073042    0.021274        5.792631       -3.061393   16.455134    5.801495    0.151640    7.795221
    0.497512    0.652774    0.001363    0.072832    0.010561        5.792625       -3.061393   16.534669    5.827455    0.151640    7.795221
    0.500000    0.652761   -0.000048    0.072763   -0.000166        5.792619       -3.061394   16.614200    5.853413    0.151640    7.795221
    0.502488    0.652776   -0.001460    0.072834   -0.010893        5.792613       -3.061394   16.693732    5.879370    0.151640    7.795221
    0.504975    0.652818   -0.002874    0.073046   -0.021605        5.792607       -3.061394   16.773267    5.905330    0.151640    7.795221
    0.507463    0.652887   -0.004293    0.073398   -0.032286        5.792601       -3.061395   16.852809    5.931295    0.151640    7.795221
    0.509950    0.652984   -0.005721    0.073888   -0.042922        5.792596       -3.061395   16.932361    5.957266    0.151640    7.795221
    0.512438    0.653109   -0.007160    0.074516   -0.053497        5.792590       -3.061396   17.011926    5.983245    0.151640    7.795221
    0.514925    0.653262   -0.008612    0.075280   -0.063996        5.792584       -3.061396   17.091509    6.009235    0.151640    7.795221
    0.517413    0.653443   -0.010080    0.076176   -0.074404        5.792578       -3.061397   17.171111    6.035238    0.151640    7.795221
    0.519900    0.653653   -0.011567    0.077203   -0.084706        5.792572       -3.061397   17.250738    6.061256    0.151640    7.795221
    0.522388    0.653892   -0.013075    0.078358   -0.094887        5.792566       -3.061397   17.330392    6.087292    0.151640    7.795221
    0.524876    0.654160   -0.014607    0.079635   -0.104931        5.792560       -3.061398   17.410077    6.113348    0.151640    7.795221
    0.527363    0.654459   -0.016164    0.081033   -0.114824        5.792554       -3.061398   17.489796    6.139425    0.151640    7.795221
    0.529851    0.654787   -0.017750    0.082546   -0.124549        5.792548       -3.061399   17.569554    6.165527    0.151640    7.795221
    0.532338    0.655147   -0.019366    0.084170   -0.134092        5.792542       -3.061399   17.649353    6.191655    0.151640    7.795221
    0.534826    0.655539   -0.021015    0.085899   -0.143438        5.792536       -3.061399   17.729198    6.217813    0.151640    7.795221
    0.537313    0.655962   -0.022698    0.087728   -0.152571        5.792531       -3.061400   17.809093    6.244002    0.151640    7.795221
    0.539801    0.656419   -0.024418    0.089651   -0.161476        5.792525       -3.061400   17.889042    6.270225    0.151640    7.795221
    0.542289    0.656909   -0.026176    0.091662   -0.170138        5.792519       -3.061401   17.969048    6.296485    0.151640    7.795221
    0.544776    0.657434   -0.027973    0.093754   -0.178541        5.792513       -3.061401   18.049116    6.322785    0.151640    7.795221
    0.547264    0.657994   -0.029812    0.095920   -0.186671        5.792507       -3.061401   18.129250    6.349126    0.151640    7.795221
    0.549751    0.658591   -0.031694    0.098154   -0.194513        5.792501       -3.061402   18.209455    6.375513    0.151640    7.795221
    0.552239    0.659224   -0.033619    0.100446   -0.202051        5.792495       -3.061402   18.289734    6.401947    0.151640    7.795221
    0.554726    0.659895   -0.035590    0.102790   -0.209271        5.792489       -3.061403   18.370093    6.428432    0.151640    7.795221
    0.557214    0.660604   -0.037606    0.105178   -0.216157        5.792483       -3.061403   18.450536    6.454970    0.151640    7.795221
    0.559701    0.661353   -0.039669    0.107600   -0.222696        5.792477       -3.061403   18.531068    6.481565    0.151640    7.795221
    0.562189    0.662142   -0.041779    0.110047   -0.228872        5.792471       -3.061404   18.611693    6.508219    0.151640    7.795221
    0.564677    0.662973   -0.043937    0.112512   -0.234673        5.792465       -3.061404   18.692418    6.534937    0.151640    7.795221
    0.567164    0.663846   -0.046143    0.114984   -0.240082        5.792459       -3.061405   18.773246    6.561721    0.151640    7.795221
    0.569652    0.664762   -0.048396    0.117455   -0.245088        5.792452       -3.061405   18.854183    6.588574    0.151640    7.795221
    0.572139    0.665723   -0.050698    0.119914   -0.249676        5.792446       -3.061405   18.935234    6.615500    0.151640    7.795221
    0.574627    0.666728   -0.053047    0.122352   -0.253833        5.792440       -3.061406   19.016405    6.642502    0.151640    7.795221
    0.577114    0.667779   -0.055443    0.124758   -0.257547        5.792434       -3.061406   19.097701    6.669585    0.151640    7.795221
    0.579602    0.668877   -0.057885    0.127123   -0.260805        5.792428       -3.061407   19.179128    6.696751    0.151640    7.795221
    0.582090    0.670023   -0.060372    0.129437   -0.263596        5.792422       -3.061407   19.260692    6.724005    0.151640    7.795221
    0.584577    0.671217   -0.062904    0.131688   -0.265907        5.792416       -3.061407   19.342399    6.751350    0.151640    7.795221
    0.587065    0.672461   -0.065479    0.133867   -0.267728        5.792409       -3.061408   19.424254    6.778790    0.151640    7.795221
    0.589552    0.673755   -0.068095    0.135963   -0.269048        5.792403       -3.061408   19.506263    6.806329    0.151640    7.795221
    0.592040    0.675100   -0.070751    0.137965   -0.269859        5.792397       -3.061409   19.588433    6.833971    0.151640    7.795221
    0.594527    0.676497   -0.073445    0.139864   -0.270150        5.792390       -3.061409   19.670771    6.861720    0.151640    7.795221
    0.597015    0.677946   -0.076175    0.141649   -0.269914        5.792384       -3.061409   19.753281    6.889581    0.151640    7.795221
    0.599502    0.679449   -0.078938    0.143309   -0.269142        5.792378       -3.061410   19.835972    6.917557    0.151640    7.795221
    0.601990    0.681005   -0.081732    0.144835   -0.267827        5.792371       -3.061410   19.918849    6.945653    0.151640    7.795221
    0.604478    0.682615   -0.084554    0.146215   -0.265964        5.792365       -3.061410   20.001919    6.973874    0.151640    7.795221
    0.606965    0.684280   -0.087401    0.147440   -0.263548        5.792359       -3.061411   20.085188    7.002224    0.151640    7.795221
    0.609453    0.686001   -0.090271    0.148501   -0.260573        5.792352       -3.061411   20.168663    7.030707    0.151640    7.795221
    0.611940    0.687777   -0.093159    0.149387   -0.257036        5.792346       -3.061411   20.252352    7.059329    0.151640    7.795221
    0.614428    0.689608   -0.096063    0.150089   -0.252935        5.792339       -3.061412   20.336260    7.088093    0.151640    7.795221
    0.616915    0.691496   -0.098979    0.150598   -0.248267        5.792333       -3.061412   20.420395    7.117004    0.151640    7.795221
    0.619403    0.693441   -0.101903    0.150904   -0.243033        5.792326       -3.061412   20.504763    7.146068    0.151640    7.795221
    0.621891    0.695442   -0.104830    0.151000   -0.237232        5.792319       -3.061413   20.589372    7.175289    0.151640    7.795221
    0.624378    0.697499   -0.107757    0.150876   -0.230866        5.792313       -3.061413   20.674228    7.204672    0.151640    7.795221
    0.626866    0.699613   -0.110680    0.150525   -0.223938        5.792306       -3.061413   20.759338    7.234221    0.151640    7.795221
    0.629353    0.701782   -0.113593    0.149939   -0.216449        5.792299       -3.061414   20.844709    7.263943    0.151640    7.795221
    0.631841    0.704008   -0.116493    0.149109   -0.208406        5.792293       -3.061414   20.930347    7.293841    0.151640    7.795221
    0.634328    0.706290   -0.119375    0.148031   -0.199812        5.792286       -3.061414   21.016261    7.323922    0.151640    7.795221
    0.636816    0.708627   -0.122233    0.146696   -0.190676        5.792279       -3.061415   21.102455    7.354189    0.151640    7.795221
    0.639303    0.711018   -0.125062    0.145098   -0.181004        5.792272       -3.061415   21.188938    7.384648    0.151640    7.795221
    0.641791    0.713464   -0.127858    0.143232   -0.170804        5.792265       -3.061415   21.275715    7.415304    0.151640    7.795221
    0.644279    0.715963   -0.130615    0.141092   -0.160087        5.792258       -3.061415   21.362794    7.446163    0.151640    7.795221
    0.646766    0.718515   -0.133328    0.138674   -0.148863        5.792251       -3.061416   21.450180    7.477228    0.151640    7.795221
    0.649254    0.721118   -0.135991    0.135972   -0.137144        5.792244       -3.061416   21.537881    7.508507    0.151640    7.795221
    0.651741    0.723772   -0.138600    0.132982   -0.124940        5.792237       -3.061416   21.625901    7.540002    0.151640    7.795221
    0.654229    0.726476   -0.141147    0.129701   -0.112267        5.792230       -3.061416   21.714249    7.571721    0.151640    7.795221
    0.656716    0.729228   -0.143628    0.126126   -0.099139        5.792223       -3.061416   21.802928    7.603667    0.151640    7.795221
    0.659204    0.732027   -0.146036    0.122254   -0.085569        5.792216       -3.061417   21.891946    7.635845    0.151640    7.795221
    0.661692    0.734871   -0.148367    0.118082   -0.071574        5.792209       -3.061417   21.981307    7.668262    0.151640    7.795221
    0.664179    0.737759   -0.150614    0.113609   -0.057171        5.792201       -3.061417   22.071018    7.700921    0.151640    7.795221
    0.666667    0.740689   -0.152771    0.108833   -0.042377        5.792194       -3.061417   22.161083    7.733828    0.151640    7.795221
    0.669154    0.743660   -0.154833    0.103753   -0.027209        5.792187       -3.061417   22.251507    7.766987    0.151640    7.795221
    0.671642    0.746670   -0.156793    0.098368   -0.011687        5.792179       -3.061417   22.342296    7.800403    0.151640    7.795221
    0.674129    0.749715   -0.158646    0.092679    0.004172        5.792172       -3.061417   22.433454    7.834082    0.151640    7.795221
    0.676617    0.752796   -0.160385    0.086686    0.020346        5.792165       -3.061418   22.524985    7.868026    0.151640    7.795221
    0.679104    0.755908   -0.162006    0.080388    0.036817        5.792157       -3.061418   22.616893    7.902243    0.151640    7.795221
    0.681592    0.759050   -0.163501    0.073789    0.053563        5.792150       -3.061418   22.709183    7.936734    0.151640    7.795221
    0.684080    0.762220   -0.164865    0.066888    0.070565        5.792142       -3.061418   22.801856    7.971506    0.151640    7.795221
    0.686567    0.765414   -0.166093    0.059687    0.087800        5.792135       -3.061418   22.894918    8.006561    0.151640    7.795221
    0.689055    0.768631   -0.167178    0.052189    0.105248        5.792128       -3.061418   22.988370    8.041904    0.151640    7.795221
    0.691542    0.771867   -0.168115    0.044397    0.122887        5.792120       -3.061418   23.082216    8.077540    0.151640    7.795221
    0.694030    0.775119   -0.168898    0.036313    0.140696        5.792113       -3.061417   23.176456    8.113471    0.151640    7.795221
    0.696517    0.778385   -0.169522    0.027940    0.158652        5.792105       -3.061417   23.271094    8.149701    0.151640    7.795221
    0.699005    0.781661   -0.169980    0.019282    0.176735        5.792098       -3.061417   23.366130    8.186233    0.151640    7.795221
    0.701493    0.784944   -0.170268    0.010343    0.194921        5.792091       -3.061417   23.461566    8.223071    0.151640    7.795221
    0.703980    0.788231   -0.170379    0.001126    0.213190        5.792084       -3.061417   23.557402    8.260217    0.151640    7.795221
    0.706468    0.791519   -0.170309   -0.008364    0.231519        5.792077       -3.061417   23.653639    8.297675    0.151640    7.795221
    0.708955    0.794803   -0.170053   -0.018122    0.249888        5.792070       -3.061416   23.750276    8.335445    0.151640    7.795221
    0.711443    0.798081   -0.169605   -0.028143    0.268274        5.792063       -3.061416   23.847313    8.373532    0.151640    7.795221
    0.713930    0.801348   -0.168960   -0.038423    0.286658        5.792056       -3.061416   23.944748    8.411935    0.151640    7.795221
    0.716418    0.804601   -0.168113   -0.048957    0.305016        5.792050       -3.061415   24.042581    8.450657    0.151640    7.795221
    0.718905    0.807836   -0.167060   -0.059738    0.323330        5.792044       -3.061415   24.140809    8.489699    0.151640    7.795221
    0.721393    0.811049   -0.165795   -0.070762    0.341579        5.792038       -3.061414   24.239430    8.529062    0.151640    7.795221
    0.723881    0.814235   -0.164314   -0.082022    0.359742        5.792032       -3.061414   24.338441    8.568745    0.151640    7.795221
    0.726368    0.817391   -0.162612   -0.093512    0.377800        5.792026       -3.061413   24.437839    8.608749    0.151640    7.795221
    0.728856    0.820512   -0.160686   -0.105227    0.395734        5.792021       -3.061412   24.537618    8.649074    0.151640    7.795221
    0.731343    0.823595   -0.158530   -0.117160    0.413524        5.792017       -3.061411   24.637776    8.689719    0.151640    7.795221
    0.733831    0.826633   -0.156141   -0.129304    0.431152        5.792012       -3.061411   24.738306    8.730681    0.151640    7.795221
    0.736318    0.829624   -0.153514   -0.141654    0.448600        5.792009       -3.061410   24.839204    8.771960    0.151640    7.795221
    0.738806    0.832562   -0.150646   -0.154202    0.465851        5.792005       -3.061409   24.940464    8.813552    0.151640    7.795221
    0.741294    0.835443   -0.147533   -0.166942    0.482887        5.792003       -3.061408   25.042077    8.855455    0.151640    7.795221
    0.743781    0.838261   -0.144170   -0.179867    0.499691        5.792001       -3.061407   25.144038    8.897665    0.151640    7.795221
    0.746269    0.841013   -0.140556   -0.192970    0.516247        5.791999       -3.061405   25.246338    8.940179    0.151640    7.795221
    0.748756    0.843693   -0.136685   -0.206245    0.532540        5.791999       -3.061404   25.348970    8.982990    0.151640    7.795221
    0.751244    0.846296   -0.132556   -0.219684    0.548553        5.791999       -3.061403   25.451923    9.026094    0.151640    7.795221
    0.753731    0.848817   -0.128165   -0.233280    0.564273        5.792000       -3.061401   25.555188    9.069485    0.151640    7.795221
    0.756219    0.851251   -0.123508   -0.247026    0.579685        5.792002       -3.061400   25.658755    9.113155    0.151640    7.795221
    0.758706    0.853593   -0.118583   -0.260916    0.594775        5.792005       -3.061398   25.762614    9.157097    0.151640    7.795221
    0.761194    0.855837   -0.113388   -0.274941    0.609529        5.792009       -3.061396   25.866751    9.201302    0.151640    7.795221
    0.763682    0.857979   -0.107920   -0.289095    0.623936        5.792014       -3.061394   25.971156    9.245761    0.151640    7.795221
    0.766169    0.860013   -0.102176   -0.303370    0.637982        5.792020       -3.061392   26.075816    9.290465    0.151640    7.795221
    0.768657    0.861933   -0.096154   -0.317760    0.651657        5.792028       -3.061390   26.180716    9.335402    0.151640    7.795221
    0.771144    0.863734   -0.089852   -0.332256    0.664947        5.792036       -3.061388   26.285843    9.380560    0.151640    7.795221
    0.773632    0.865411   -0.083267   -0.346853    0.677844        5.792046       -3.061386   26.391182    9.425926    0.151640    7.795221
    0.776119    0.866958   -0.076399   -0.361541    0.690336        5.792056       -3.061384   26.496717    9.471488    0.151640    7.795221
    0.778607    0.868369   -0.069245   -0.376315    0.702413        5.792068       -3.061381   26.602433    9.517229    0.151640    7.795221
    0.781095    0.869640   -0.061804   -0.391167    0.714067        5.792081       -3.061379   26.708312    9.563136    0.151640    7.795221
    0.783582    0.870763   -0.054075   -0.406090    0.725288        5.792095       -3.061376   26.814337    9.609190    0.151640    7.795221
    0.786070    0.871734   -0.046055   -0.421076    0.736068        5.792110       -3.061374   26.920490    9.655376    0.151640    7.795221
    0.788557    0.872546   -0.037744   -0.436118    0.746399        5.792126       -3.061371   27.026751    9.701673    0.151640    7.795221
    0.791045    0.873195   -0.029141   -0.451210    0.756274        5.792143       -3.061368   27.133101    9.748063    0.151640    7.795221
    0.793532    0.873675   -0.020245   -0.466343    0.765685        5.792160       -3.061366   27.239521    9.794524    0.151640    7.795221
    0.796020    0.873978   -0.011055   -0.481512    0.774626        5.792177       -3.061363   27.345987    9.841036    0.151640    7.795221
    0.798507    0.874101   -0.001571   -0.496708    0.783090        5.792195       -3.061360   27.452480    9.887575    0.151640    7.795221
    0.800995    0.874037    0.008209   -0.511924    0.791073        5.792212       -3.061357   27.558977    9.934118    0.151640    7.795221
    0.803483    0.873781    0.018283   -0.527155    0.798568        5.792230       -3.061355   27.665454    9.980641    0.151640    7.795221
    0.805970    0.873327    0.028653   -0.542392    0.805572        5.792247       -3.061352   27.771888   10.027116    0.151640    7.795221
    0.808458    0.872668    0.039318   -0.557628    0.812078        5.792263       -3.061349   27.878255   10.073519    0.151640    7.795221
    0.810945    0.871800    0.050279   -0.572857    0.818085        5.792279       -3.061346   27.984528   10.119821    0.151640    7.795221
    0.813433    0.870717    0.061535   -0.588072    0.823587        5.792294       -3.061344   28.090682   10.165993    0.151640    7.795221
    0.815920    0.869413    0.073085   -0.603267    0.828582        5.792308       -3.061341   28.196692   10.212007    0.151640    7.795221
    0.818408    0.867883    0.084931   -0.618433    0.833067        5.792321       -3.061339   28.302528   10.257832    0.151640    7.795221
    0.820896    0.866122    0.097069   -0.633565    0.837040        5.792332       -3.061337   28.408164   10.303437    0.151640    7.795221
    0.823383    0.864123    0.109501   -0.648656    0.840498        5.792342       -3.061334   28.513571   10.348790    0.151640    7.795221
    0.825871    0.861882    0.122225   -0.663699    0.843440        5.792351       -3.061332   28.618720   10.393858    0.151640    7.795221
    0.828358    0.859393    0.135241   -0.678687    0.845864        5.792358       -3.061330   28.723581   10.438610    0.151640    7.795221
    0.830846    0.856651    0.148546   -0.693615    0.847770        5.792364       -3.061328   28.828123   10.483010    0.151640    7.795221
    0.833333    0.853651    0.162140   -0.708476    0.849158        5.792368       -3.061326   28.932316   10.527024    0.151640    7.795221
    0.835821    0.850389    0.176022   -0.723262    0.850027        5.792371       -3.061325   29.036127   10.570619    0.151640    7.795221
    0.838308    0.846859    0.190189   -0.737969    0.850377        5.792372       -3.061323   29.139524   10.613760    0.151640    7.795221
    0.840796    0.843056    0.204641   -0.752590    0.850209        5.792372       -3.061322   29.242474   10.656410    0.151640    7.795221
    0.843284    0.838976    0.219376   -0.767119    0.849524        5.792371       -3.061321   29.344945   10.698536    0.151640    7.795221
    0.845771    0.834614    0.234391   -0.781548    0.848323        5.792369       -3.061320   29.446901   10.740103    0.151640    7.795221
    0.848259    0.829967    0.249685   -0.795874    0.846607        5.792366       -3.061319   29.548308   10.781074    0.151640    7.795221
    0.850746    0.825030    0.265256   -0.810089    0.844380        5.792363       -3.061318   29.649132   10.821416    0.151640    7.795221
    0.853234    0.819799    0.281102   -0.824187    0.841642        5.792358       -3.061317   29.749336   10.861094    0.151640    7.795221
    0.855721    0.814270    0.297219   -0.838164    0.838397        5.792353       -3.061316   29.848885   10.900075    0.151640    7.795221
    0.858209    0.808440    0.313607   -0.852013    0.834647        5.792347       -3.061316   29.947742   10.938324    0.151640    7.795221
    0.860697    0.802305    0.330261   -0.865728    0.830396        5.792341       -3.061315   30.045870   10.975810    0.151640    7.795221
    0.863184    0.795862    0.347180   -0.879304    0.825647        5.792335       -3.061315   30.143232   11.012502    0.151640    7.795221
    0.865672    0.789109    0.364362   -0.892735    0.820405        5.792328       -3.061315   30.239790   11.048368    0.151640    7.795221
    0.868159    0.782041    0.381802   -0.906017    0.814672        5.792321       -3.061314   30.335506   11.083379    0.151640    7.795221
    0.870647    0.774658    0.399498   -0.919143    0.808454        5.792314       -3.061314   30.430341   11.117508    0.151640    7.795221
    0.873134    0.766956    0.417447   -0.932109    0.801755        5.792308       -3.061314   30.524258   11.150727    0.151640    7.795221
    0.875622    0.758934    0.435646   -0.944910    0.794581        5.792301       -3.061314   30.617217   11.183013    0.151640    7.795221
    0.878109    0.750589    0.454092   -0.957539    0.786936        5.792294       -3.061314   30.709179   11.214342    0.151640    7.795221
    0.880597    0.741922    0.472780   -0.969994    0.778826        5.792287       -3.061314   30.800104   11.244692    0.151640    7.795221
    0.883085    0.732929    0.491709   -0.982268    0.770256        5.792281       -3.061314   30.889954   11.274044    0.151640    7.795221
    0.885572    0.723611    0.510874   -0.994356    0.761234        5.792274       -3.061315   30.978688   11.302382    0.151640    7.795221
    0.888060    0.713967    0.530271   -1.006255    0.751764        5.792268       -3.061315   31.066267   11.329690    0.151640    7.795221
    0.890547    0.703996    0.549897   -1.017960    0.741854        5.792262       -3.061315   31.152651   11.355956    0.151640    7.795221
    0.893035    0.693699    0.569748   -1.029465    0.731510        5.792257       -3.061316   31.237800   11.381169    0.151640    7.795221
    0.895522    0.683077    0.589821   -1.040768    0.720740        5.792251       -3.061316   31.321675   11.405323    0.151640    7.795221
    0.898010    0.672129    0.610110   -1.051863    0.709549        5.792246       -3.061316   31.404236   11.428412    0.151640    7.795221
    0.900498    0.660856    0.630613   -1.062746    0.697947        5.792241       -3.061317   31.485444   11.450433    0.151640    7.795221
    0.902985    0.649262    0.651325   -1.073413    0.685939        5.792236       -3.061317   31.565258   11.471388    0.151640    7.795221
    0.905473    0.637346    0.672241   -1.083861    0.673535        5.792232       -3.061317   31.643640   11.491280    0.151640    7.795221
    0.907960    0.625111    0.693358   -1.094085    0.660742        5.792227       -3.061318   31.720551   11.510115    0.151640    7.795221
    0.910448    0.612560    0.714671   -1.104082    0.647568        5.792223       -3.061318   31.795951   11.527901    0.151640    7.795221
    0.912935    0.599695    0.736175   -1.113847    0.634022        5.792220       -3.061319   31.869804   11.544650    0.151640    7.795221
    0.915423    0.586521    0.757866   -1.123378    0.620112        5.792216       -3.061319   31.942070   11.560376    0.151640    7.795221
    0.917910    0.573039    0.779740   -1.132671    0.605846        5.792213       -3.061320   32.012712   11.575097    0.151640    7.795221
    0.920398    0.559254    0.801792   -1.141722    0.591235        5.792209       -3.061320   32.081693   11.588833    0.151640    7.795221
    0.922886    0.545171    0.824017   -1.150529    0.576286        5.792206       -3.061321   32.148977   11.601605    0.151640    7.795221
    0.925373    0.530794    0.846411   -1.159087    0.561009        5.792204       -3.061321   32.214526   11.613439    0.151640    7.795221
    0.927861    0.516129    0.868968   -1.167395    0.545413        5.792201       -3.061322   32.278307   11.624362    0.151640    7.795221
    0.930348    0.501180    0.891683   -1.175448    0.529507        5.792198       -3.061322   32.340283   11.634404    0.151640    7.795221
    0.932836    0.485953    0.914552   -1.183244    0.513301        5.792196       -3.061323   32.400421   11.643595    0.151640    7.795221
    0.935323    0.470455    0.937570   -1.190781    0.496806        5.792194       -3.061324   32.458687   11.651971    0.151640    7.795221
    0.937811    0.454692    0.960732   -1.198056    0.480030        5.792192       -3.061324   32.515049   11.659565    0.151640    7.795221
    0.940299    0.438671    0.984032   -1.205065    0.462983        5.792190       -3.061325   32.569474   11.666415    0.151640    7.795221
    0.942786    0.422399    1.007465   -1.211808    0.445676        5.792188       -3.061325   32.621932   11.672559    0.151640    7.795221
    0.945274    0.405884    1.031027   -1.218280    0.428119        5.792187       -3.061326   32.672392   11.678036    0.151640    7.795221
    0.947761    0.389134    1.054711   -1.224481    0.410322        5.792185       -3.061326   32.720826   11.682888    0.151640    7.795221
    0.950249    0.372156    1.078513   -1.230408    0.392294        5.792184       -3.061327   32.767206   11.687154    0.151640    7.795221
    0.952736    0.354959    1.102427   -1.236058    0.374048        5.792183       -3.061327   32.811503   11.690877    0.151640    7.795221
    0.955224    0.337553    1.126448   -1.241430    0.355592        5.792181       -3.061328   32.853692   11.694098    0.151640    7.795221
    0.957711    0.319946    1.150571   -1.246523    0.336939        5.792180       -3.061329   32.893748   11.696859    0.151640    7.795221
    0.960199    0.302148    1.174789   -1.251334    0.318097        5.792179       -3.061329   32.931648   11.699200    0.151640    7.795221
    0.962687    0.284169    1.199098   -1.255861    0.299079        5.792179       -3.061330   32.967367   11.701163    0.151640    7.795221
    0.965174    0.266018    1.223493   -1.260104    0.279894        5.792178       -3.061330   33.000886   11.702787    0.151640    7.795221
    0.967662    0.247706    1.247966   -1.264060    0.260554        5.792177       -3.061331   33.032183   11.704110    0.151640    7.795221
    0.970149    0.229243    1.272514   -1.267728    0.241070        5.792176       -3.061332   33.061239   11.705170    0.151640    7.795221
    0.972637    0.210640    1.297130   -1.271108    0.221452        5.792176       -3.061332   33.088038   11.706003    0.151640    7.795221
    0.975124    0.191907    1.321808   -1.274197    0.201711        5.792175       -3.061333   33.112562   11.706642    0.151640    7.795221
    0.977612    0.173057    1.346544   -1.276996    0.181859        5.792175       -3.061333   33.134796   11.707119    0.151640    7.795221
    0.980100    0.154100    1.371331   -1.279502    0.161906        5.792174       -3.061334   33.154727   11.707463    0.151640    7.795221
    0.982587    0.135048    1.396164   -1.281716    0.141864        5.792174       -3.061335   33.172343   11.707701    0.151640    7.795221
    0.985075    0.115912    1.421037   -1.283636    0.121743        5.792174       -3.061335   33.187632   11.707857    0.151640    7.795221
    0.987562    0.096704    1.445944   -1.285261    0.101555        5.792174       -3.061336   33.200585   11.707952    0.151640    7.795221
    0.990050    0.077435    1.470880   -1.286592    0.081312        5.792173       -3.061337   33.211194   11.708004    0.151640    7.795221
    0.992537    0.058119    1.495839   -1.287628    0.061023        5.792173       -3.061337   33.219452   11.708029    0.151640    7.795221
    0.995025    0.038766    1.520815   -1.288368    0.040701        5.792173       -3.061338   33.225354   11.708038    0.151640    7.795221
    0.997512    0.019389    1.545803   -1.288812    0.020356        5.792173       -3.061339   33.228897   11.708041    0.151640    7.795221
    1.000000   -0.000000    1.570796   -1.288960    0.000000        5.792173       -3.061339   33.230079   11.708041    0.151640    7.795221
