           t           r         psi          cs          qs               p             sig           A           V          Q2           S
    0.000000   -0.000000   -1.570796   -0.851594    0.000000     -561.166867      333.380309   -0.000000   -0.000000    0.084584    7.295005
    0.002488    0.018146   -1.555340   -0.851968    0.053036     -561.178486      332.609520    0.001035    0.000000    0.084584    7.295005
    0.004975    0.036288   -1.539872   -0.852969    0.094210     -561.214719      331.847416    0.004138    0.000001    0.084584    7.295005
    0.007463    0.054421   -1.524380   -0.854450    0.126654     -561.277200      331.093424    0.009309    0.000006    0.084584    7.295005
    0.009950    0.072541   -1.508858   -0.856307    0.152693     -561.367490      330.346977    0.016547    0.000019    0.084584    7.295005
    0.012438    0.090643   -1.493300   -0.858465    0.174059     -561.487202      329.607510    0.025851    0.000045    0.084584    7.295005
    0.014925    0.108724   -1.477700   -0.860869    0.192050     -561.638047      328.874466    0.037217    0.000094    0.084584    7.295005
    0.017413    0.126778   -1.462055   -0.863483    0.207642     -561.821858      328.147289    0.050643    0.000174    0.084584    7.295005
    0.019900    0.144802   -1.446360   -0.866281    0.221574     -562.040610      327.425431    0.066126    0.000297    0.084584    7.295005
    0.022388    0.162790   -1.430613   -0.869248    0.234416     -562.296437      326.708345    0.083662    0.000475    0.084584    7.295005
    0.024876    0.180738   -1.414811   -0.872373    0.246604     -562.591652      325.995490    0.103247    0.000724    0.084584    7.295005
    0.027363    0.198641   -1.398951   -0.875654    0.258485     -562.928764      325.286330    0.124876    0.001060    0.084584    7.295005
    0.029851    0.216495   -1.383029   -0.879091    0.270335     -563.310498      324.580334    0.148543    0.001500    0.084584    7.295005
    0.032338    0.234295   -1.367044   -0.882688    0.282382     -563.739818      323.876974    0.174243    0.002064    0.084584    7.295005
    0.034826    0.252036   -1.350993   -0.886452    0.294816     -564.219952      323.175726    0.201969    0.002774    0.084584    7.295005
    0.037313    0.269714   -1.334871   -0.890392    0.307806     -564.754416      322.476072    0.231715    0.003651    0.084584    7.295005
    0.039801    0.287323   -1.318676   -0.894519    0.321502     -565.347043      321.777500    0.263472    0.004721    0.084584    7.295005
    0.042289    0.304858   -1.302404   -0.898847    0.336045     -566.002020      321.079499    0.297233    0.006008    0.084584    7.295005
    0.044776    0.322315   -1.286052   -0.903392    0.351570     -566.723920      320.381567    0.332988    0.007540    0.084584    7.295005
    0.047264    0.339689   -1.269616   -0.908171    0.368213     -567.517745      319.683205    0.370730    0.009345    0.084584    7.295005
    0.049751    0.356973   -1.253090   -0.913204    0.386111     -568.388970      318.983921    0.410447    0.011453    0.084584    7.295005
    0.052239    0.374164   -1.236471   -0.918512    0.405408     -569.343595      318.283230    0.452130    0.013894    0.084584    7.295005
    0.054726    0.391256   -1.219752   -0.924120    0.426255     -570.388202      317.580653    0.495768    0.016702    0.084584    7.295005
    0.057214    0.408243   -1.202929   -0.930054    0.448816     -571.530018      316.875723    0.541348    0.019908    0.084584    7.295005
    0.059701    0.425119   -1.185995   -0.936343    0.473265     -572.776985      316.167978    0.588859    0.023547    0.084584    7.295005
    0.062189    0.441880   -1.168943   -0.943020    0.499793     -574.137844      315.456973    0.638287    0.027655    0.084584    7.295005
    0.064677    0.458520   -1.151767   -0.950119    0.528607     -575.622222      314.742272    0.689620    0.032267    0.084584    7.295005
    0.067164    0.475032   -1.134457   -0.957681    0.559934     -577.240734      314.023460    0.742843    0.037421    0.084584    7.295005
    0.069652    0.491411   -1.117006   -0.965747    0.594023     -579.005096      313.300138    0.797941    0.043153    0.084584    7.295005
    0.072139    0.507650   -1.099404   -0.974366    0.631145     -580.928254      312.571935    0.854899    0.049504    0.084584    7.295005
    0.074627    0.523744   -1.081639   -0.983589    0.671596     -583.024524      311.838507    0.913699    0.056511    0.084584    7.295005
    0.077114    0.539685   -1.063702   -0.993474    0.715696     -585.309753      311.099545    0.974327    0.064213    0.084584    7.295005
    0.079602    0.555468   -1.045578   -1.004083    0.763796     -587.801499      310.354785    1.036763    0.072652    0.084584    7.295005
    0.082090    0.571085   -1.027255   -1.015486    0.816269     -590.519228      309.604014    1.100989    0.081866    0.084584    7.295005
    0.084577    0.586528   -1.008717   -1.027757    0.873517     -593.484532      308.847085    1.166986    0.091897    0.084584    7.295005
    0.087065    0.601792   -0.989948   -1.040981    0.935962     -596.721380      308.083927    1.234734    0.102784    0.084584    7.295005
    0.089552    0.616867   -0.970930   -1.055247    1.004044     -600.256377      307.314565    1.304211    0.114569    0.084584    7.295005
    0.092040    0.631746   -0.951643   -1.070652    1.078215     -604.119060      306.539141    1.375396    0.127291    0.084584    7.295005
    0.094527    0.646421   -0.932065   -1.087303    1.158921     -608.342204      305.757937    1.448266    0.140991    0.084584    7.295005
    0.097015    0.660882   -0.912173   -1.105314    1.246591     -612.962152      304.971411    1.522797    0.155709    0.084584    7.295005
    0.099502    0.675120   -0.891940   -1.124804    1.341611     -618.019144      304.180228    1.598964    0.171483    0.084584    7.295005
    0.101990    0.689125   -0.871340   -1.145901    1.444289     -623.557651      303.385314    1.676742    0.188353    0.084584    7.295005
    0.104478    0.702888   -0.850341   -1.168736    1.554816     -629.626669      302.587906    1.756103    0.206355    0.084584    7.295005
    0.106965    0.716396   -0.828911   -1.193445    1.673206     -636.279958      301.789626    1.837018    0.225528    0.084584    7.295005
    0.109453    0.729639   -0.807014   -1.220159    1.799225     -643.576170      300.992560    1.919459    0.245906    0.084584    7.295005
    0.111940    0.742604   -0.784614   -1.249007    1.932295     -651.578796      300.199365    2.003394    0.267523    0.084584    7.295005
    0.114428    0.755278   -0.761670   -1.280101    2.071385     -660.355831      299.413386    2.088791    0.290412    0.084584    7.295005
    0.116915    0.767647   -0.738140   -1.313534    2.214861     -669.979016      298.638809    2.175615    0.314603    0.084584    7.295005
    0.119403    0.779695   -0.713982   -1.349367    2.360331     -680.522466      297.880836    2.263832    0.340123    0.084584    7.295005
    0.121891    0.791408   -0.689152   -1.387608    2.504439     -692.060415      297.145892    2.353403    0.366996    0.084584    7.295005
    0.124378    0.802768   -0.663607   -1.428204    2.642662     -704.663735      296.441879    2.444290    0.395245    0.084584    7.295005
    0.126866    0.813757   -0.637304   -1.471010    2.769074     -718.394785      295.778458    2.536452    0.424886    0.084584    7.295005
    0.129353    0.824357   -0.610207   -1.515767    2.876129     -733.300039      295.167370    2.629844    0.455931    0.084584    7.295005
    0.131841    0.834548   -0.582283   -1.562073    2.954476     -749.399845      294.622798    2.724422    0.488387    0.084584    7.295005
    0.134328    0.844309   -0.553508   -1.609346    2.992843     -766.674648      294.161737    2.820138    0.522255    0.084584    7.295005
    0.136816    0.853620   -0.523873   -1.656793    2.978075     -785.047059      293.804367    2.916940    0.557527    0.084584    7.295005
    0.139303    0.862457   -0.493382   -1.703378    2.895368     -804.359455      293.574363    3.014778    0.594188    0.084584    7.295005
    0.141791    0.870801   -0.462064   -1.747798    2.728817     -824.347424      293.499108    3.113596    0.632214    0.084584    7.295005
    0.144279    0.878630   -0.429971   -1.788466    2.462357     -844.610529      293.609682    3.213335    0.671568    0.084584    7.295005
    0.146766    0.885924   -0.397188   -1.823521    2.081168     -864.583655      293.940533    3.313937    0.712206    0.084584    7.295005
    0.149254    0.892664   -0.363836   -1.850863    1.573571     -883.514602      294.528681    3.415340    0.754070    0.084584    7.295005
    0.151741    0.898834   -0.330074   -1.868226    0.933332     -900.456336      295.412302    3.517478    0.797090    0.084584    7.295005
    0.154229    0.904423   -0.296105   -1.873295    0.162158     -914.284468      296.628599    3.620287    0.841185    0.084584    7.295005
    0.156716    0.909423   -0.262173   -1.863860   -0.728011     -923.750667      298.210935    3.723700    0.886265    0.084584    7.295005
    0.159204    0.913830   -0.228559   -1.838015   -1.713458     -927.579079      300.185371    3.827648    0.932228    0.084584    7.295005
    0.161692    0.917648   -0.195573   -1.794366   -2.758486     -924.603968      302.566950    3.932066    0.978968    0.084584    7.295005
    0.164179    0.920887   -0.163547   -1.732235   -3.817071     -913.933439      305.356301    4.036886    1.026374    0.084584    7.295005
    0.166667    0.923564   -0.132815   -1.651810   -4.836527     -895.109752      308.537240    4.142043    1.074333    0.084584    7.295005
    0.169154    0.925703   -0.103701   -1.554226   -5.762845     -868.227959      312.076032    4.247474    1.122737    0.084584    7.295005
    0.171642    0.927332   -0.076498   -1.441536   -6.546839     -833.977663      315.922721    4.353120    1.171481    0.084584    7.295005
    0.174129    0.928489   -0.051456   -1.316579   -7.149898     -793.589827      320.014498    4.458925    1.220471    0.084584    7.295005
    0.176617    0.929213   -0.028768   -1.182757   -7.548139     -748.696571      324.280613    4.564836    1.269620    0.084584    7.295005
    0.179104    0.929548   -0.008561   -1.043758   -7.734184     -701.136159      328.647974    4.670807    1.318856    0.084584    7.295005
    0.181592    0.929539    0.009104   -0.903269   -7.716393     -652.747771      333.046499    4.776796    1.368118    0.084584    7.295005
    0.184080    0.929233    0.024233   -0.764721   -7.516022     -605.197108      337.413430    4.882767    1.417355    0.084584    7.295005
    0.186567    0.928675    0.036889   -0.631095   -7.163164     -559.858501      341.696185    4.988688    1.466531    0.084584    7.295005
    0.189055    0.927909    0.047183   -0.504805   -6.692392     -517.760052      345.853669    5.094533    1.515615    0.084584    7.295005
    0.191542    0.926976    0.055265   -0.387646   -6.138864     -479.583104      349.856262    5.200281    1.564588    0.084584    7.295005
    0.194030    0.925916    0.061314   -0.280816   -5.535347     -445.699355      353.684868    5.305915    1.613437    0.084584    7.295005
    0.196517    0.924763    0.065524   -0.184970   -4.910296     -416.227861      357.329396    5.411422    1.662154    0.084584    7.295005
    0.199005    0.923550    0.068095   -0.100306   -4.286908     -391.097471      360.787034    5.516795    1.710736    0.084584    7.295005
    0.201493    0.922303    0.069231   -0.026656   -3.682957     -370.105111      364.060548    5.622027    1.759182    0.084584    7.295005
    0.203980    0.921046    0.069127    0.036417   -3.111155     -352.964882      367.156744    5.727116    1.807494    0.084584    7.295005
    0.206468    0.919802    0.067969    0.089539   -2.579818     -339.346370      370.085186    5.832062    1.855678    0.084584    7.295005
    0.208955    0.918587    0.065933    0.133456   -2.093661     -328.902645      372.857162    5.936868    1.903738    0.084584    7.295005
    0.211443    0.917415    0.063176    0.168975   -1.654598     -321.289467      375.484894    6.041537    1.951681    0.084584    7.295005
    0.213930    0.916299    0.059846    0.196921   -1.262477     -316.177558      377.980958    6.146076    1.999514    0.084584    7.295005
    0.216418    0.915247    0.056070    0.218109   -0.915702     -313.259702      380.357868    6.250492    2.047244    0.084584    7.295005
    0.218905    0.914267    0.051966    0.233317   -0.611739     -312.254189      382.627800    6.354791    2.094878    0.084584    7.295005
    0.221393    0.913363    0.047634    0.243280   -0.347513     -312.905796      384.802408    6.458983    2.142425    0.084584    7.295005
    0.223881    0.912540    0.043164    0.248676   -0.119694     -314.985191      386.892724    6.563077    2.189891    0.084584    7.295005
    0.226368    0.911798    0.038633    0.250127    0.075090     -318.287407      388.909100    6.667081    2.237286    0.084584    7.295005
    0.228856    0.911138    0.034106    0.248199    0.240116     -322.629829      390.861194    6.771005    2.284616    0.084584    7.295005
    0.231343    0.910560    0.029642    0.243401    0.378480     -327.849981      392.757973    6.874859    2.331889    0.084584    7.295005
    0.233831    0.910062    0.025287    0.236192    0.493041     -333.803314      394.607739    6.978652    2.379113    0.084584    7.295005
    0.236318    0.909641    0.021082    0.226982    0.586406     -340.361095      396.418159    7.082392    2.426294    0.084584    7.295005
    0.238806    0.909295    0.017059    0.216140    0.660923     -347.408478      398.196297    7.186088    2.473439    0.084584    7.295005
    0.241294    0.909021    0.013245    0.203994    0.718696     -354.842768      399.948649    7.289750    2.520556    0.084584    7.295005
    0.243781    0.908813    0.009661    0.190838    0.761597     -362.571907      401.681183    7.393383    2.567650    0.084584    7.295005
    0.246269    0.908669    0.006324    0.176934    0.791291     -370.513165      403.399365    7.496997    2.614727    0.084584    7.295005
    0.248756    0.908582    0.003243    0.162515    0.809263     -378.592026      405.108195    7.600597    2.661793    0.084584    7.295005
    0.251244    0.908549    0.000427    0.147792    0.816835     -386.741262      406.812228    7.704191    2.708854    0.084584    7.295005
    0.253731    0.908565   -0.002120    0.132949    0.815196     -394.900165      408.515601    7.807784    2.755913    0.084584    7.295005
    0.256219    0.908625   -0.004398    0.118153    0.805416     -403.013927      410.222053    7.911381    2.802977    0.084584    7.295005
    0.258706    0.908723   -0.006410    0.103550    0.788471     -411.033145      411.934945    8.014988    2.850048    0.084584    7.295005
    0.261194    0.908856   -0.008158    0.089269    0.765255     -418.913439      413.657269    8.118607    2.897131    0.084584    7.295005
    0.263682    0.909018   -0.009652    0.075424    0.736597     -426.615152      415.391670    8.222243    2.944228    0.084584    7.295005
    0.266169    0.909204   -0.010899    0.062113    0.703269     -434.103136      417.140455    8.325900    2.991343    0.084584    7.295005
    0.268657    0.909412   -0.011910    0.049420    0.665998     -441.346583      418.905602    8.429578    3.038478    0.084584    7.295005
    0.271144    0.909635   -0.012697    0.037416    0.625470     -448.318914      420.688777    8.533282    3.085635    0.084584    7.295005
    0.273632    0.909871   -0.013273    0.026161    0.582339     -454.997682      422.491337    8.637011    3.132815    0.084584    7.295005
    0.276119    0.910116   -0.013651    0.015699    0.537226     -461.364500      424.314351    8.740768    3.180020    0.084584    7.295005
    0.278607    0.910366   -0.013847    0.006066    0.490722     -467.404975      426.158603    8.844553    3.227250    0.084584    7.295005
    0.281095    0.910617   -0.013876   -0.002714    0.443389     -473.108624      428.024608    8.948367    3.274506    0.084584    7.295005
    0.283582    0.910868   -0.013754   -0.010629    0.395758     -478.468788      429.912628    9.052210    3.321789    0.084584    7.295005
    0.286070    0.911116   -0.013496   -0.017674    0.348326     -483.482512      431.822685    9.156081    3.369097    0.084584    7.295005
    0.288557    0.911357   -0.013118   -0.023855    0.301558     -488.150409      433.754575    9.259980    3.416431    0.084584    7.295005
    0.291045    0.911591   -0.012635   -0.029185    0.255882     -492.476477      435.707889    9.363906    3.463790    0.084584    7.295005
    0.293532    0.911815   -0.012064   -0.033687    0.211685     -496.467897      437.682031    9.467858    3.511173    0.084584    7.295005
    0.296020    0.912029   -0.011418   -0.037389    0.169312     -500.134793      439.676233    9.571835    3.558580    0.084584    7.295005
    0.298507    0.912229   -0.010711   -0.040326    0.129066     -503.489957      441.689584    9.675836    3.606008    0.084584    7.295005
    0.300995    0.912417   -0.009958   -0.042537    0.091204     -506.548555      443.721042    9.779858    3.653457    0.084584    7.295005
    0.303483    0.912591   -0.009172   -0.044069    0.055936     -509.327806      445.769461    9.883902    3.700924    0.084584    7.295005
    0.305970    0.912750   -0.008363   -0.044968    0.023427     -511.846647      447.833609    9.987964    3.748410    0.084584    7.295005
    0.308458    0.912894   -0.007543   -0.045286   -0.006205     -514.125387      449.912192   10.092044    3.795912    0.084584    7.295005
    0.310945    0.913024   -0.006722   -0.045075   -0.032886     -516.185363      452.003870   10.196139    3.843428    0.084584    7.295005
    0.313433    0.913138   -0.005910   -0.044391   -0.056583     -518.048596      454.107281   10.300248    3.890957    0.084584    7.295005
    0.315920    0.913238   -0.005114   -0.043287   -0.077305     -519.737461      456.221053   10.404370    3.938498    0.084584    7.295005
    0.318408    0.913324   -0.004341   -0.041817   -0.095096     -521.274373      458.343830   10.508502    3.986048    0.084584    7.295005
    0.320896    0.913396   -0.003598   -0.040034   -0.110034     -522.681497      460.474278   10.612643    4.033607    0.084584    7.295005
    0.323383    0.913455   -0.002890   -0.037991   -0.122224     -523.980486      462.611103   10.716791    4.081173    0.084584    7.295005
    0.325871    0.913501   -0.002221   -0.035736   -0.131799     -525.192242      464.753064   10.820946    4.128744    0.084584    7.295005
    0.328358    0.913535   -0.001594   -0.033316   -0.138910     -526.336721      466.898981   10.925105    4.176320    0.084584    7.295005
    0.330846    0.913559   -0.001012   -0.030776   -0.143726     -527.432758      469.047743   11.029267    4.223898    0.084584    7.295005
    0.333333    0.913573   -0.000477   -0.028156   -0.146426     -528.497936      471.198316   11.133432    4.271479    0.084584    7.295005
    0.335821    0.913577    0.000010   -0.025494   -0.147200     -529.548483      473.349748   11.237597    4.319060    0.084584    7.295005
    0.338308    0.913572    0.000448   -0.022824   -0.146240     -530.599198      475.501170   11.341763    4.366642    0.084584    7.295005
    0.340796    0.913561    0.000838   -0.020177   -0.143743     -531.663409      477.651800   11.445927    4.414222    0.084584    7.295005
    0.343284    0.913542    0.001181   -0.017579   -0.139900     -532.752958      479.800943   11.550090    4.461801    0.084584    7.295005
    0.345771    0.913518    0.001477   -0.015056   -0.134901     -533.878207      481.947990   11.654250    4.509378    0.084584    7.295005
    0.348259    0.913489    0.001728   -0.012626   -0.128927     -535.048067      484.092415   11.758408    4.556952    0.084584    7.295005
    0.350746    0.913456    0.001935   -0.010308   -0.122154     -536.270040      486.233775   11.862562    4.604523    0.084584    7.295005
    0.353234    0.913419    0.002102   -0.008114   -0.114744     -537.550285      488.371705   11.966711    4.652090    0.084584    7.295005
    0.355721    0.913380    0.002231   -0.006056   -0.106852     -538.893681      490.505913   12.070857    4.699653    0.084584    7.295005
    0.358209    0.913338    0.002323   -0.004141   -0.098620     -540.303916      492.636178   12.174998    4.747212    0.084584    7.295005
    0.360697    0.913296    0.002382   -0.002377   -0.090177     -541.783567      494.762343   12.279134    4.794766    0.084584    7.295005
    0.363184    0.913252    0.002410   -0.000766   -0.081641     -543.334194      496.884309   12.383265    4.842316    0.084584    7.295005
    0.365672    0.913208    0.002411    0.000691   -0.073117     -544.956432      499.002035   12.487391    4.889862    0.084584    7.295005
    0.368159    0.913165    0.002386    0.001993   -0.064698     -546.650086      501.115526   12.591512    4.937403    0.084584    7.295005
    0.370647    0.913122    0.002339    0.003144   -0.056465     -548.414221      503.224832   12.695628    4.984939    0.084584    7.295005
    0.373134    0.913080    0.002273    0.004146   -0.048488     -550.247255      505.330043   12.799739    5.032471    0.084584    7.295005
    0.375622    0.913039    0.002190    0.005005   -0.040825     -552.147045      507.431280   12.903846    5.079999    0.084584    7.295005
    0.378109    0.913001    0.002092    0.005726   -0.033525     -554.110972      509.528695   13.007948    5.127522    0.084584    7.295005
    0.380597    0.912964    0.001983    0.006315   -0.026628     -556.136018      511.622463   13.112046    5.175042    0.084584    7.295005
    0.383085    0.912929    0.001864    0.006781   -0.020163     -558.218842      513.712781   13.216140    5.222558    0.084584    7.295005
    0.385572    0.912896    0.001737    0.007131   -0.014153     -560.355848      515.799860   13.320230    5.270070    0.084584    7.295005
    0.388060    0.912866    0.001605    0.007374   -0.008613     -562.543251      517.883922   13.424316    5.317579    0.084584    7.295005
    0.390547    0.912838    0.001470    0.007517   -0.003550     -564.777134      519.965201   13.528399    5.365085    0.084584    7.295005
    0.393035    0.912812    0.001333    0.007570    0.001033     -567.053504      522.043932   13.632479    5.412588    0.084584    7.295005
    0.395522    0.912789    0.001196    0.007541    0.005139     -569.368335      524.120356   13.736556    5.460089    0.084584    7.295005
    0.398010    0.912769    0.001060    0.007439    0.008776     -571.717617      526.194712   13.840630    5.507588    0.084584    7.295005
    0.400498    0.912751    0.000926    0.007272    0.011956     -574.097392      528.267236   13.944703    5.555084    0.084584    7.295005
    0.402985    0.912735    0.000796    0.007048    0.014694     -576.503788      530.338161   14.048773    5.602579    0.084584    7.295005
    0.405473    0.912722    0.000671    0.006776    0.017008     -578.933046      532.407710   14.152842    5.650072    0.084584    7.295005
    0.407960    0.912711    0.000551    0.006463    0.018918     -581.381550      534.476102   14.256910    5.697564    0.084584    7.295005
    0.410448    0.912702    0.000436    0.006116    0.020447     -583.845843      536.543544   14.360976    5.745055    0.084584    7.295005
    0.412935    0.912695    0.000329    0.005742    0.021619     -586.322648      538.610233   14.465042    5.792546    0.084584    7.295005
    0.415423    0.912690    0.000228    0.005348    0.022458     -588.808880      540.676354   14.569106    5.840035    0.084584    7.295005
    0.417910    0.912687    0.000135    0.004939    0.022990     -591.301657      542.742081   14.673171    5.887524    0.084584    7.295005
    0.420398    0.912685    0.000049    0.004521    0.023241     -593.798308      544.807575   14.777235    5.935013    0.084584    7.295005
    0.422886    0.912685   -0.000029    0.004099    0.023237     -596.296379      546.872983   14.881299    5.982502    0.084584    7.295005
    0.425373    0.912686   -0.000100    0.003678    0.023004     -598.793631      548.938440   14.985363    6.029991    0.084584    7.295005
    0.427861    0.912688   -0.000163    0.003261    0.022567     -601.288048      551.004069   15.089427    6.077480    0.084584    7.295005
    0.430348    0.912692   -0.000218    0.002853    0.021952     -603.777828      553.069976   15.193491    6.124969    0.084584    7.295005
    0.432836    0.912696   -0.000266    0.002456    0.021181     -606.261382      555.136259   15.297556    6.172459    0.084584    7.295005
    0.435323    0.912701   -0.000307    0.002073    0.020279     -608.737331      557.202999   15.401622    6.219949    0.084584    7.295005
    0.437811    0.912707   -0.000342    0.001707    0.019268     -611.204494      559.270268   15.505688    6.267440    0.084584    7.295005
    0.440299    0.912714   -0.000370    0.001360    0.018168     -613.661886      561.338125   15.609755    6.314931    0.084584    7.295005
    0.442786    0.912721   -0.000391    0.001032    0.016998     -616.108705      563.406618   15.713823    6.362424    0.084584    7.295005
    0.445274    0.912728   -0.000407    0.000726    0.015778     -618.544323      565.475785   15.817891    6.409916    0.084584    7.295005
    0.447761    0.912735   -0.000418    0.000442    0.014525     -620.968279      567.545654   15.921960    6.457410    0.084584    7.295005
    0.450249    0.912743   -0.000423    0.000181    0.013253     -623.380260      569.616242   16.026030    6.504905    0.084584    7.295005
    0.452736    0.912751   -0.000424   -0.000057    0.011977     -625.780100      571.687561   16.130101    6.552400    0.084584    7.295005
    0.455224    0.912758   -0.000421   -0.000272    0.010710     -628.167758      573.759611   16.234173    6.599896    0.084584    7.295005
    0.457711    0.912766   -0.000415   -0.000464    0.009463     -630.543315      575.832389   16.338246    6.647393    0.084584    7.295005
    0.460199    0.912774   -0.000405   -0.000634    0.008246     -632.906956      577.905883   16.442320    6.694890    0.084584    7.295005
    0.462687    0.912781   -0.000392   -0.000781    0.007069     -635.258962      579.980075   16.546394    6.742389    0.084584    7.295005
    0.465174    0.912788   -0.000376   -0.000908    0.005939     -637.599696      582.054945   16.650469    6.789888    0.084584    7.295005
    0.467662    0.912794   -0.000359   -0.001014    0.004861     -639.929595      584.130464   16.754546    6.837388    0.084584    7.295005
    0.470149    0.912801   -0.000340   -0.001100    0.003842     -642.249157      586.206605   16.858622    6.884888    0.084584    7.295005
    0.472637    0.912807   -0.000319   -0.001168    0.002885     -644.558929      588.283333   16.962700    6.932389    0.084584    7.295005
    0.475124    0.912812   -0.000297   -0.001219    0.001994     -646.859500      590.360613   17.066778    6.979891    0.084584    7.295005
    0.477612    0.912817   -0.000275   -0.001254    0.001170     -649.151493      592.438407   17.170857    7.027393    0.084584    7.295005
    0.480100    0.912822   -0.000252   -0.001274    0.000415     -651.435552      594.516678   17.274936    7.074896    0.084584    7.295005
    0.482587    0.912827   -0.000229   -0.001280   -0.000270     -653.712335      596.595385   17.379016    7.122400    0.084584    7.295005
    0.485075    0.912831   -0.000206   -0.001275   -0.000886     -655.982511      598.674488   17.483096    7.169903    0.084584    7.295005
    0.487562    0.912834   -0.000183   -0.001258   -0.001434     -658.246748      600.753947   17.587177    7.217408    0.084584    7.295005
    0.490050    0.912837   -0.000160   -0.001231   -0.001914     -660.505706      602.833723   17.691258    7.264912    0.084584    7.295005
    0.492537    0.912840   -0.000138   -0.001196   -0.002329     -662.760039      604.913776   17.795340    7.312417    0.084584    7.295005
    0.495025    0.912842   -0.000117   -0.001153   -0.002682     -665.010381      606.994068   17.899421    7.359922    0.084584    7.295005
    0.497512    0.912844   -0.000096   -0.001104   -0.002974     -667.257348      609.074563   18.003503    7.407427    0.084584    7.295005
    0.500000    0.912846   -0.000077   -0.001049   -0.003209     -669.501530      611.155224   18.107586    7.454933    0.084584    7.295005
    0.502488    0.912847   -0.000058   -0.000991   -0.003389     -671.743494      613.236019   18.211668    7.502438    0.084584    7.295005
    0.504975    0.912848   -0.000041   -0.000929   -0.003519     -673.983773      615.316914   18.315750    7.549944    0.084584    7.295005
    0.507463    0.912848   -0.000024   -0.000865   -0.003602     -676.222871      617.397880   18.419833    7.597450    0.084584    7.295005
    0.509950    0.912849   -0.000009   -0.000800   -0.003642     -678.461260      619.478889   18.523916    7.644956    0.084584    7.295005
    0.512438    0.912849    0.000005   -0.000734   -0.003641     -680.699376      621.559914   18.627998    7.692461    0.084584    7.295005
    0.514925    0.912849    0.000017   -0.000668   -0.003604     -682.937622      623.640931   18.732081    7.739967    0.084584    7.295005
    0.517413    0.912848    0.000029   -0.000602   -0.003535     -685.176365      625.721919   18.836163    7.787473    0.084584    7.295005
    0.519900    0.912848    0.000039   -0.000538   -0.003436     -687.415938      627.802857   18.940246    7.834979    0.084584    7.295005
    0.522388    0.912847    0.000048   -0.000476   -0.003311     -689.656642      629.883727   19.044328    7.882484    0.084584    7.295005
    0.524876    0.912846    0.000056   -0.000416   -0.003163     -691.898741      631.964513   19.148411    7.929990    0.084584    7.295005
    0.527363    0.912845    0.000063   -0.000359   -0.002996     -694.142470      634.045202   19.252493    7.977496    0.084584    7.295005
    0.529851    0.912843    0.000070   -0.000305   -0.002812     -696.388032      636.125780   19.356575    8.025001    0.084584    7.295005
    0.532338    0.912842    0.000075   -0.000254   -0.002615     -698.635602      638.206239   19.460657    8.072506    0.084584    7.295005
    0.534826    0.912841    0.000079   -0.000207   -0.002406     -700.885324      640.286568   19.564739    8.120011    0.084584    7.295005
    0.537313    0.912839    0.000082   -0.000163   -0.002189     -703.137321      642.366761   19.668820    8.167516    0.084584    7.295005
    0.539801    0.912838    0.000085   -0.000124   -0.001965     -705.391689      644.446812   19.772902    8.215021    0.084584    7.295005
    0.542289    0.912836    0.000087   -0.000088   -0.001736     -707.648502      646.526717   19.876983    8.262526    0.084584    7.295005
    0.544776    0.912835    0.000088   -0.000057   -0.001504     -709.907817      648.606471   19.981064    8.310030    0.084584    7.295005
    0.547264    0.912833    0.000089   -0.000030   -0.001271     -712.169671      650.686073   20.085145    8.357534    0.084584    7.295005
    0.549751    0.912831    0.000089   -0.000007   -0.001037     -714.434086      652.765522   20.189226    8.405038    0.084584    7.295005
    0.552239    0.912830    0.000089    0.000012   -0.000805     -716.701072      654.844816   20.293306    8.452542    0.084584    7.295005
    0.554726    0.912828    0.000089    0.000026   -0.000574     -718.970627      656.923957   20.397387    8.500046    0.084584    7.295005
    0.557214    0.912827    0.000088    0.000036   -0.000346     -721.242741      659.002943   20.501467    8.547550    0.084584    7.295005
    0.559701    0.912825    0.000087    0.000042   -0.000120     -723.517398      661.081778   20.605547    8.595053    0.084584    7.295005
    0.562189    0.912823    0.000087    0.000045    0.000102     -725.794577      663.160461   20.709627    8.642557    0.084584    7.295005
    0.564677    0.912822    0.000086    0.000043    0.000321     -728.074254      665.238994   20.813707    8.690060    0.084584    7.295005
    0.567164    0.912820    0.000085    0.000037    0.000536     -730.356406      667.317379   20.917786    8.737563    0.084584    7.295005
    0.569652    0.912819    0.000084    0.000027    0.000749     -732.641013      669.395617   21.021865    8.785066    0.084584    7.295005
    0.572139    0.912817    0.000084    0.000013    0.000959     -734.928057      671.473709   21.125944    8.832568    0.084584    7.295005
    0.574627    0.912816    0.000084   -0.000004    0.001168     -737.217528      673.551654   21.230023    8.880071    0.084584    7.295005
    0.577114    0.912814    0.000084   -0.000026    0.001375     -739.509423      675.629455   21.334102    8.927573    0.084584    7.295005
    0.579602    0.912813    0.000085   -0.000051    0.001583     -741.803751      677.707110   21.438181    8.975075    0.084584    7.295005
    0.582090    0.912811    0.000086   -0.000079    0.001791     -744.100529      679.784617   21.542259    9.022577    0.084584    7.295005
    0.584577    0.912810    0.000088   -0.000112    0.002002     -746.399793      681.861975   21.646337    9.070079    0.084584    7.295005
    0.587065    0.912808    0.000090   -0.000148    0.002217     -748.701591      683.939182   21.750415    9.117581    0.084584    7.295005
    0.589552    0.912806    0.000093   -0.000188    0.002437     -751.005993      686.016232   21.854493    9.165082    0.084584    7.295005
    0.592040    0.912805    0.000097   -0.000233    0.002664     -753.313084      688.093121   21.958571    9.212584    0.084584    7.295005
    0.594527    0.912803    0.000102   -0.000281    0.002900     -755.622976      690.169841   22.062649    9.260085    0.084584    7.295005
    0.597015    0.912801    0.000107   -0.000333    0.003147     -757.935802      692.246386   22.166726    9.307586    0.084584    7.295005
    0.599502    0.912799    0.000114   -0.000391    0.003408     -760.251723      694.322745   22.270803    9.355086    0.084584    7.295005
    0.601990    0.912797    0.000121   -0.000452    0.003684     -762.570927      696.398907   22.374880    9.402587    0.084584    7.295005
    0.604478    0.912794    0.000130   -0.000519    0.003978     -764.893635      698.474858   22.478956    9.450087    0.084584    7.295005
    0.606965    0.912792    0.000140   -0.000591    0.004293     -767.220099      700.550584   22.583033    9.497587    0.084584    7.295005
    0.609453    0.912789    0.000152   -0.000669    0.004632     -769.550610      702.626068   22.687109    9.545087    0.084584    7.295005
    0.611940    0.912786    0.000165   -0.000753    0.004998     -771.885495      704.701288   22.791184    9.592587    0.084584    7.295005
    0.614428    0.912783    0.000179   -0.000843    0.005394     -774.225126      706.776224   22.895260    9.640086    0.084584    7.295005
    0.616915    0.912780    0.000195   -0.000941    0.005824     -776.569918      708.850849   22.999335    9.687585    0.084584    7.295005
    0.619403    0.912776    0.000213   -0.001046    0.006292     -778.920337      710.925137   23.103409    9.735083    0.084584    7.295005
    0.621891    0.912772    0.000233   -0.001160    0.006803     -781.276898      712.999056   23.207483    9.782581    0.084584    7.295005
    0.624378    0.912768    0.000255   -0.001283    0.007359     -783.640178      715.072571   23.311557    9.830079    0.084584    7.295005
    0.626866    0.912763    0.000280   -0.001417    0.007968     -786.010811      717.145645   23.415630    9.877576    0.084584    7.295005
    0.629353    0.912758    0.000307   -0.001561    0.008632     -788.389499      719.218234   23.519703    9.925073    0.084584    7.295005
    0.631841    0.912752    0.000337   -0.001717    0.009359     -790.777015      721.290294   23.623774    9.972569    0.084584    7.295005
    0.634328    0.912745    0.000369   -0.001886    0.010153     -793.174211      723.361771   23.727846   10.020064    0.084584    7.295005
    0.636816    0.912738    0.000405   -0.002070    0.011022     -795.582020      725.432610   23.831916   10.067559    0.084584    7.295005
    0.639303    0.912731    0.000445   -0.002269    0.011972     -798.001468      727.502750   23.935986   10.115053    0.084584    7.295005
    0.641791    0.912722    0.000488   -0.002485    0.013011     -800.433678      729.572122   24.040054   10.162546    0.084584    7.295005
    0.644279    0.912713    0.000535   -0.002721    0.014147     -802.879878      731.640652   24.144122   10.210038    0.084584    7.295005
    0.646766    0.912703    0.000587   -0.002976    0.015389     -805.341414      733.708260   24.248189   10.257529    0.084584    7.295005
    0.649254    0.912692    0.000643   -0.003254    0.016746     -807.819754      735.774856   24.352254   10.305020    0.084584    7.295005
    0.651741    0.912679    0.000705   -0.003557    0.018228     -810.316502      737.840344   24.456318   10.352508    0.084584    7.295005
    0.654229    0.912666    0.000772   -0.003886    0.019846     -812.833410      739.904618   24.560381   10.399996    0.084584    7.295005
    0.656716    0.912651    0.000846   -0.004244    0.021612     -815.372386      741.967562   24.664442   10.447482    0.084584    7.295005
    0.659204    0.912635    0.000927   -0.004635    0.023540     -817.935514      744.029050   24.768501   10.494966    0.084584    7.295005
    0.661692    0.912618    0.001014   -0.005059    0.025642     -820.525061      746.088944   24.872558   10.542449    0.084584    7.295005
    0.664179    0.912598    0.001110   -0.005522    0.027934     -823.143499      748.147096   24.976613   10.589930    0.084584    7.295005
    0.666667    0.912577    0.001215   -0.006026    0.030432     -825.793519      750.203340   25.080666   10.637409    0.084584    7.295005
    0.669154    0.912554    0.001329   -0.006575    0.033153     -828.478048      752.257500   25.184716   10.684885    0.084584    7.295005
    0.671642    0.912529    0.001454   -0.007173    0.036117     -831.200270      754.309380   25.288764   10.732359    0.084584    7.295005
    0.674129    0.912501    0.001590   -0.007825    0.039344     -833.963650      756.358771   25.392809   10.779830    0.084584    7.295005
    0.676617    0.912471    0.001738   -0.008534    0.042855     -836.771949      758.405442   25.496850   10.827298    0.084584    7.295005
    0.679104    0.912438    0.001900   -0.009307    0.046674     -839.629256      760.449142   25.600888   10.874763    0.084584    7.295005
    0.681592    0.912402    0.002077   -0.010148    0.050827     -842.540008      762.489600   25.704922   10.922224    0.084584    7.295005
    0.684080    0.912363    0.002269   -0.011064    0.055340     -845.509022      764.526520   25.808951   10.969681    0.084584    7.295005
    0.686567    0.912320    0.002479   -0.012061    0.060243     -848.541520      766.559580   25.912976   11.017134    0.084584    7.295005
    0.689055    0.912273    0.002707   -0.013146    0.065567     -851.643162      768.588430   26.016996   11.064582    0.084584    7.295005
    0.691542    0.912221    0.002956   -0.014326    0.071345     -854.820078      770.612690   26.121010   11.112025    0.084584    7.295005
    0.694030    0.912165    0.003228   -0.015611    0.077614     -858.078901      772.631950   26.225017   11.159463    0.084584    7.295005
    0.696517    0.912104    0.003524   -0.017007    0.084411     -861.426805      774.645761   26.329019   11.206894    0.084584    7.295005
    0.699005    0.912037    0.003846   -0.018526    0.091776     -864.871540      776.653638   26.433013   11.254319    0.084584    7.295005
    0.701493    0.911964    0.004197   -0.020177    0.099754     -868.421472      778.655056   26.536999   11.301736    0.084584    7.295005
    0.703980    0.911885    0.004579   -0.021971    0.108388     -872.085619      780.649446   26.640976   11.349145    0.084584    7.295005
    0.706468    0.911798    0.004995   -0.023919    0.117728     -875.873696      782.636192   26.744944   11.396546    0.084584    7.295005
    0.708955    0.911703    0.005448   -0.026034    0.127824     -879.796153      784.614627   26.848901   11.443937    0.084584    7.295005
    0.711443    0.911600    0.005941   -0.028330    0.138729     -883.864213      786.584031   26.952848   11.491318    0.084584    7.295005
    0.713930    0.911487    0.006477   -0.030821    0.150499     -888.089915      788.543628   27.056781   11.538687    0.084584    7.295005
    0.716418    0.911365    0.007061   -0.033523    0.163190     -892.486152      790.492578   27.160702   11.586044    0.084584    7.295005
    0.718905    0.911231    0.007695   -0.036451    0.176864     -897.066704      792.429979   27.264608   11.633387    0.084584    7.295005
    0.721393    0.911085    0.008385   -0.039623    0.191580     -901.846271      794.354858   27.368498   11.680716    0.084584    7.295005
    0.723881    0.910926    0.009135   -0.043057    0.207402     -906.840506      796.266171   27.472370   11.728028    0.084584    7.295005
    0.726368    0.910753    0.009950   -0.046773    0.224393     -912.066027      798.162795   27.576224   11.775323    0.084584    7.295005
    0.728856    0.910565    0.010834   -0.050791    0.242618     -917.540440      800.043530   27.680057   11.822599    0.084584    7.295005
    0.731343    0.910359    0.011795   -0.055133    0.262139     -923.282340      801.907087   27.783868   11.869854    0.084584    7.295005
    0.733831    0.910136    0.012838   -0.059822    0.283019     -929.311303      803.752094   27.887654   11.917086    0.084584    7.295005
    0.736318    0.909893    0.013968   -0.064881    0.305318     -935.647869      805.577084   27.991414   11.964293    0.084584    7.295005
    0.738806    0.909628    0.015195   -0.070336    0.329093     -942.313500      807.380498   28.095144   12.011473    0.084584    7.295005
    0.741294    0.909341    0.016524   -0.076210    0.354396     -949.330527      809.160681   28.198844   12.058624    0.084584    7.295005
    0.743781    0.909028    0.017963   -0.082532    0.381272     -956.722074      810.915879   28.302509   12.105742    0.084584    7.295005
    0.746269    0.908688    0.019522   -0.089327    0.409760     -964.511949      812.644240   28.406137   12.152826    0.084584    7.295005
    0.748756    0.908319    0.021208   -0.096625    0.439889     -972.724517      814.343813   28.509724   12.199871    0.084584    7.295005
    0.751244    0.907918    0.023032   -0.104451    0.471676     -981.384536      816.012549   28.613268   12.246875    0.084584    7.295005
    0.753731    0.907482    0.025003   -0.112835    0.505123     -990.516959      817.648305   28.716763   12.293833    0.084584    7.295005
    0.756219    0.907009    0.027131   -0.121805    0.540220    -1000.146704      819.248845   28.820208   12.340742    0.084584    7.295005
    0.758706    0.906497    0.029427   -0.131387    0.576936    -1010.298380      820.811850   28.923596   12.387597    0.084584    7.295005
    0.761194    0.905940    0.031903   -0.141608    0.615218    -1020.995974      822.334919   29.026923   12.434393    0.084584    7.295005
    0.763682    0.905338    0.034571   -0.152494    0.654995    -1032.262499      823.815587   29.130184   12.481126    0.084584    7.295005
    0.766169    0.904685    0.037442   -0.164070    0.696166    -1044.119602      825.251329   29.233373   12.527790    0.084584    7.295005
    0.768657    0.903978    0.040530   -0.176355    0.738607    -1056.587134      826.639579   29.336485   12.574379    0.084584    7.295005
    0.771144    0.903213    0.043847   -0.189371    0.782164    -1069.682681      827.977743   29.439513   12.620885    0.084584    7.295005
    0.773632    0.902386    0.047407   -0.203133    0.826651    -1083.421078      829.263223   29.542451   12.667303    0.084584    7.295005
    0.776119    0.901491    0.051224   -0.217654    0.871855    -1097.813893      830.493431   29.645290   12.713625    0.084584    7.295005
    0.778607    0.900526    0.055311   -0.232943    0.917530    -1112.868904      831.665821   29.748023   12.759841    0.084584    7.295005
    0.781095    0.899483    0.059683   -0.249004    0.963402    -1128.589578      832.777910   29.850642   12.805944    0.084584    7.295005
    0.783582    0.898359    0.064353   -0.265835    1.009165    -1144.974572      833.827307   29.953138   12.851923    0.084584    7.295005
    0.786070    0.897147    0.069336   -0.283431    1.054491    -1162.017257      834.811743   30.055500   12.897769    0.084584    7.295005
    0.788557    0.895843    0.074644   -0.301779    1.099028    -1179.705305      835.729102   30.157719   12.943470    0.084584    7.295005
    0.791045    0.894439    0.080293   -0.320860    1.142404    -1198.020336      836.577450   30.259783   12.989015    0.084584    7.295005
    0.793532    0.892930    0.086294   -0.340649    1.184238    -1216.937664      837.355069   30.361682   13.034390    0.084584    7.295005
    0.796020    0.891309    0.092660   -0.361114    1.224139    -1236.426140      838.060488   30.463402   13.079582    0.084584    7.295005
    0.798507    0.889569    0.099404   -0.382215    1.261721    -1256.448126      838.692505   30.564931   13.124577    0.084584    7.295005
    0.800995    0.887704    0.106536   -0.403908    1.296602    -1276.959603      839.250220   30.666254   13.169359    0.084584    7.295005
    0.803483    0.885708    0.114066   -0.426141    1.328421    -1297.910420      839.733055   30.767357   13.213912    0.084584    7.295005
    0.805970    0.883571    0.122005   -0.448857    1.356838    -1319.244700      840.140769   30.868224   13.258218    0.084584    7.295005
    0.808458    0.881288    0.130359   -0.471992    1.381549    -1340.901386      840.473478   30.968840   13.302259    0.084584    7.295005
    0.810945    0.878851    0.139137   -0.495479    1.402288    -1362.814933      840.731659   31.069187   13.346015    0.084584    7.295005
    0.813433    0.876252    0.148344   -0.519246    1.418835    -1384.916120      840.916151   31.169246   13.389467    0.084584    7.295005
    0.815920    0.873484    0.157984   -0.543217    1.431026    -1407.132969      841.028156   31.269000   13.432593    0.084584    7.295005
    0.818408    0.870540    0.168060   -0.567317    1.438748    -1429.391748      841.069225   31.368428   13.475370    0.084584    7.295005
    0.820896    0.867411    0.178574   -0.591467    1.441952    -1451.618019      841.041241   31.467510   13.517776    0.084584    7.295005
    0.823383    0.864090    0.189526   -0.615589    1.440645    -1473.737707      840.946402   31.566225   13.559786    0.084584    7.295005
    0.825871    0.860571    0.200915   -0.639605    1.434895    -1495.678156      840.787190   31.664549   13.601376    0.084584    7.295005
    0.828358    0.856845    0.212739   -0.663441    1.424826    -1517.369142      840.566343   31.762461   13.642520    0.084584    7.295005
    0.830846    0.852906    0.224992   -0.687025    1.410614    -1538.743803      840.286818   31.859935   13.683191    0.084584    7.295005
    0.833333    0.848746    0.237671   -0.710287    1.392485    -1559.739478      839.951752   31.956948   13.723364    0.084584    7.295005
    0.835821    0.844358    0.250769   -0.733165    1.370703    -1580.298415      839.564431   32.053474   13.763009    0.084584    7.295005
    0.838308    0.839737    0.264278   -0.755599    1.345569    -1600.368347      839.128240   32.149486   13.802101    0.084584    7.295005
    0.840796    0.834876    0.278189   -0.777537    1.317409    -1619.902929      838.646634   32.244958   13.840610    0.084584    7.295005
    0.843284    0.829769    0.292494   -0.798931    1.286567    -1638.862011      838.123093   32.339861   13.878510    0.084584    7.295005
    0.845771    0.824409    0.307182   -0.819741    1.253401    -1657.211788      837.561090   32.434168   13.915771    0.084584    7.295005
    0.848259    0.818793    0.322242   -0.839932    1.218271    -1674.924795      836.964060   32.527849   13.952367    0.084584    7.295005
    0.850746    0.812914    0.337662   -0.859477    1.181533    -1691.979792      836.335364   32.620875   13.988269    0.084584    7.295005
    0.853234    0.806768    0.353431   -0.878353    1.143536    -1708.361536      835.678269   32.713215   14.023450    0.084584    7.295005
    0.855721    0.800350    0.369536   -0.896545    1.104615    -1724.060461      834.995923   32.804839   14.057885    0.084584    7.295005
    0.858209    0.793658    0.385966   -0.914042    1.065084    -1739.072290      834.291335   32.895716   14.091548    0.084584    7.295005
    0.860697    0.786687    0.402706   -0.930840    1.025237    -1753.397594      833.567365   32.985813   14.124414    0.084584    7.295005
    0.863184    0.779433    0.419745   -0.946938    0.985345    -1767.041312      832.826706   33.075100   14.156460    0.084584    7.295005
    0.865672    0.771895    0.437069   -0.962340    0.945651    -1780.012254      832.071883   33.163544   14.187663    0.084584    7.295005
    0.868159    0.764070    0.454667   -0.977055    0.906371    -1792.322599      831.305242   33.251112   14.218002    0.084584    7.295005
    0.870647    0.755956    0.472526   -0.991094    0.867697    -1803.987401      830.528953   33.337771   14.247459    0.084584    7.295005
    0.873134    0.747551    0.490634   -1.004471    0.829791    -1815.024113      829.745009   33.423488   14.276015    0.084584    7.295005
    0.875622    0.738854    0.508978   -1.017203    0.792793    -1825.452133      828.955227   33.508230   14.303655    0.084584    7.295005
    0.878109    0.729865    0.527548   -1.029309    0.756816    -1835.292387      828.161255   33.591965   14.330365    0.084584    7.295005
    0.880597    0.720584    0.546332   -1.040809    0.721954    -1844.566944      827.364575   33.674657   14.356132    0.084584    7.295005
    0.883085    0.711009    0.565319   -1.051725    0.688277    -1853.298667      826.566512   33.756275   14.380948    0.084584    7.295005
    0.885572    0.701142    0.584499   -1.062080    0.655838    -1861.510909      825.768241   33.836784   14.404803    0.084584    7.295005
    0.888060    0.690983    0.603862   -1.071897    0.624672    -1869.227236      824.970796   33.916151   14.427693    0.084584    7.295005
    0.890547    0.680534    0.623399   -1.081199    0.594802    -1876.471199      824.175075   33.994344   14.449614    0.084584    7.295005
    0.893035    0.669796    0.643100   -1.090011    0.566234    -1883.266135      823.381855   34.071329   14.470566    0.084584    7.295005
    0.895522    0.658770    0.662957   -1.098354    0.538966    -1889.634997      822.591793   34.147073   14.490549    0.084584    7.295005
    0.898010    0.647459    0.682960   -1.106254    0.512986    -1895.600221      821.805442   34.221543   14.509568    0.084584    7.295005
    0.900498    0.635866    0.703104   -1.113731    0.488272    -1901.183615      821.023255   34.294708   14.527628    0.084584    7.295005
    0.902985    0.623993    0.723379   -1.120810    0.464799    -1906.406277      820.245593   34.366535   14.544739    0.084584    7.295005
    0.905473    0.611844    0.743780   -1.127511    0.442533    -1911.288525      819.472734   34.436993   14.560910    0.084584    7.295005
    0.907960    0.599421    0.764299   -1.133855    0.421438    -1915.849860      818.704880   34.506049   14.576155    0.084584    7.295005
    0.910448    0.586729    0.784929   -1.139862    0.401476    -1920.108926      817.942162   34.573674   14.590489    0.084584    7.295005
    0.912935    0.573771    0.805666   -1.145552    0.382605    -1924.083504      817.184651   34.639836   14.603929    0.084584    7.295005
    0.915423    0.560552    0.826504   -1.150944    0.364781    -1927.790501      816.432356   34.704506   14.616495    0.084584    7.295005
    0.917910    0.547076    0.847436   -1.156054    0.347962    -1931.245955      815.685238   34.767654   14.628207    0.084584    7.295005
    0.920398    0.533349    0.868459   -1.160900    0.332102    -1934.465052      814.943207   34.829251   14.639090    0.084584    7.295005
    0.922886    0.519374    0.889568   -1.165498    0.317159    -1937.462138      814.206133   34.889269   14.649169    0.084584    7.295005
    0.925373    0.505158    0.910758   -1.169864    0.303090    -1940.250749      813.473845   34.947680   14.658469    0.084584    7.295005
    0.927861    0.490705    0.932025   -1.174011    0.289851    -1942.843632      812.746140   35.004456   14.667018    0.084584    7.295005
    0.930348    0.476022    0.953366   -1.177954    0.277401    -1945.252778      812.022779   35.059571   14.674847    0.084584    7.295005
    0.932836    0.461114    0.974776   -1.181705    0.265700    -1947.489453      811.303496   35.112999   14.681987    0.084584    7.295005
    0.935323    0.445988    0.996253   -1.185277    0.254710    -1949.564231      810.588001   35.164715   14.688467    0.084584    7.295005
    0.937811    0.430650    1.017793   -1.188682    0.244392    -1951.487025      809.875977   35.214694   14.694323    0.084584    7.295005
    0.940299    0.415107    1.039394   -1.191929    0.234712    -1953.267125      809.167087   35.262912   14.699585    0.084584    7.295005
    0.942786    0.399364    1.061052   -1.195031    0.225633    -1954.913225      808.460972   35.309347   14.704290    0.084584    7.295005
    0.945274    0.383429    1.082765   -1.197996    0.217122    -1956.433459      807.757256   35.353975   14.708470    0.084584    7.295005
    0.947761    0.367310    1.104530   -1.200833    0.209148    -1957.835435      807.055548   35.396777   14.712161    0.084584    7.295005
    0.950249    0.351012    1.126346   -1.203552    0.201678    -1959.126259      806.355439   35.437730   14.715398    0.084584    7.295005
    0.952736    0.334545    1.148211   -1.206161    0.194682    -1960.312573      805.656506   35.476815   14.718213    0.084584    7.295005
    0.955224    0.317914    1.170122   -1.208667    0.188130    -1961.400575      804.958313   35.514013   14.720642    0.084584    7.295005
    0.957711    0.301128    1.192077   -1.211078    0.181990    -1962.396052      804.260411   35.549306   14.722719    0.084584    7.295005
    0.960199    0.284195    1.214076   -1.213400    0.176232    -1963.304405      803.562339   35.582676   14.724476    0.084584    7.295005
    0.962687    0.267122    1.236115   -1.215640    0.170820    -1964.130671      802.863628   35.614108   14.725945    0.084584    7.295005
    0.965174    0.249918    1.258195   -1.217803    0.165717    -1964.879549      802.163793   35.643586   14.727159    0.084584    7.295005
    0.967662    0.232590    1.280313   -1.219895    0.160880    -1965.555420      801.462344   35.671094   14.728145    0.084584    7.295005
    0.970149    0.215148    1.302469   -1.221921    0.156254    -1966.162371      800.758780   35.696621   14.728935    0.084584    7.295005
    0.972637    0.197598    1.324661   -1.223885    0.151771    -1966.704211      800.052590   35.720152   14.729553    0.084584    7.295005
    0.975124    0.179951    1.346888   -1.225789    0.147340    -1967.184494      799.343256   35.741677   14.730028    0.084584    7.295005
    0.977612    0.162214    1.369149   -1.227636    0.142833    -1967.606534      798.630252   35.761185   14.730381    0.084584    7.295005
    0.980100    0.144395    1.391443   -1.229426    0.138067    -1967.973423      797.913044   35.778665   14.730635    0.084584    7.295005
    0.982587    0.126505    1.413768   -1.231155    0.132776    -1968.288051      797.191091   35.794110   14.730811    0.084584    7.295005
    0.985075    0.108551    1.436125   -1.232817    0.126563    -1968.553119      796.463846   35.807511   14.730926    0.084584    7.295005
    0.987562    0.090543    1.458511   -1.234398    0.118824    -1968.771159      795.730757   35.818862   14.730997    0.084584    7.295005
    0.990050    0.072489    1.480925   -1.235874    0.108638    -1968.944554      794.991263   35.828157   14.731035    0.084584    7.295005
    0.992537    0.054399    1.503365   -1.237206    0.094580    -1969.075560      794.244801   35.835391   14.731054    0.084584    7.295005
    0.995025    0.036281    1.525827   -1.238329    0.074433    -1969.166345      793.490804   35.840561   14.731061    0.084584    7.295005
    0.997512    0.018145    1.548306   -1.239137    0.044728    -1969.219045      792.728698   35.843664   14.731062    0.084584    7.295005
    1.000000   -0.000000    1.570796   -1.239459    0.000000    -1969.235953      791.957909   35.844698   14.731062    0.084584    7.295005
