           t           r         psi          cs          qs               p             sig           A           V          Q2           S
    0.000000    0.000000   -1.570796    0.829273    0.000000       42.968256       20.180084    0.000000   -0.000000    0.083941   10.092539
    0.009804    0.098837   -1.652117    0.805384    0.718139       43.340828       16.068224    0.030740   -0.000062    0.083941   10.092539
    0.019608    0.197049   -1.727656    0.704745    2.009759       44.607215       12.139985    0.122763   -0.000963    0.083941   10.092539
    0.029412    0.294226   -1.787379    0.476434    3.988830       46.973884        8.307140    0.275533   -0.004600    0.083941   10.092539
    0.039216    0.390468   -1.815811    0.062433    6.704877       50.568948        4.484619    0.488404   -0.013160    0.083941   10.092539
    0.049020    0.486614   -1.791817   -0.590668   10.017600       55.223063        0.588702    0.761016   -0.027280    0.083941   10.092539
    0.058824    0.583959   -1.690218   -1.505186   13.379234       59.854564       -3.462893    1.093712   -0.042789    0.083941   10.092539
    0.068627    0.682698   -1.487004   -2.625530   15.499839       60.626416       -7.726233    1.487428   -0.045508    0.083941   10.092539
    0.078431    0.778572   -1.170272   -3.749381   13.993065       45.591529      -12.054423    1.942043   -0.006145    0.083941   10.092539
    0.088235    0.859637   -0.758937   -4.441112    5.477424      -12.972390      -15.159463    2.452473    0.112661    0.083941   10.092539
    0.098039    0.910135   -0.328517   -4.014712  -10.956827      -99.073931      -11.688064    3.004498    0.321776    0.083941   10.092539
    0.107843    0.925367   -0.012049   -2.216268  -21.757297      -24.626455        4.183625    3.576668    0.580848    0.083941   10.092539
    0.117647    0.919128    0.106141   -0.286274  -15.085659       88.347649       21.979625    4.150627    0.845108    0.083941   10.092539
    0.127451    0.909224    0.079061    0.646895   -3.843269       82.462802       33.724782    4.718822    1.103442    0.083941   10.092539
    0.137255    0.904869    0.009022    0.655553    2.883132       20.913131       41.905589    5.282367    1.358557    0.083941   10.092539
    0.147059    0.906604   -0.037416    0.258419    4.343469      -46.730291       49.638952    5.845223    1.613285    0.083941   10.092539
    0.156863    0.910905   -0.043489   -0.105867    2.591048      -95.077836       58.763892    6.410165    1.869726    0.083941   10.092539
    0.166667    0.914366   -0.024252   -0.242138    0.171373     -113.433418       69.827816    6.977650    2.128563    0.083941   10.092539
    0.176471    0.915622   -0.002154   -0.182202   -1.159959     -110.158369       82.166148    7.546616    2.388889    0.083941   10.092539
    0.186275    0.915144    0.009736   -0.058046   -1.166245     -103.867123       94.675439    8.115769    2.649409    0.083941   10.092539
    0.196078    0.914065    0.010604    0.030333   -0.559263     -106.156853      106.696378    8.684381    2.909423    0.083941   10.092539
    0.205882    0.913231    0.005814    0.057157   -0.003366     -117.755200      118.173819    9.252370    3.168873    0.083941   10.092539
    0.215686    0.912923    0.000664    0.042635    0.252936     -134.400530      129.349793    9.820003    3.428005    0.083941   10.092539
    0.225490    0.913023   -0.002233    0.015873    0.254147     -151.779394      140.481512   10.387582    3.687090    0.083941   10.092539
    0.235294    0.913284   -0.002710   -0.004305    0.139299     -167.431552      151.717326   10.955286    3.946289    0.083941   10.092539
    0.245098    0.913513   -0.001792   -0.012310    0.023071     -180.840237      163.087529   11.523150    4.205633    0.083941   10.092539
    0.254902    0.913629   -0.000583   -0.011019   -0.042232     -192.695840      174.550187   12.091122    4.465077    0.083941   10.092539
    0.264706    0.913641    0.000263   -0.005841   -0.055606     -204.006842      186.045151   12.659132    4.724556    0.083941   10.092539
    0.274510    0.913595    0.000585   -0.000952   -0.039263     -215.510871      197.528673   13.227129    4.984023    0.083941   10.092539
    0.284314    0.913538    0.000522    0.001830   -0.015833     -227.503821      208.983183   13.795092    5.243459    0.083941   10.092539
    0.294118    0.913497    0.000293    0.002509    0.001564     -239.945226      220.411044   14.363024    5.502866    0.083941   10.092539
    0.303922    0.913479    0.000068    0.001912    0.009393     -252.645106      231.823526   14.930937    5.762256    0.083941   10.092539
    0.313725    0.913481   -0.000072    0.000918    0.009748     -265.411247      243.232064   15.498846    6.021643    0.083941   10.092539
    0.323529    0.913491   -0.000119    0.000090    0.006414     -278.120926      254.643963   16.066759    6.281033    0.083941   10.092539
    0.333333    0.913502   -0.000103   -0.000360    0.002509     -290.730440      266.061823   16.634678    6.540429    0.083941   10.092539
    0.343137    0.913510   -0.000060   -0.000467   -0.000296     -303.251519      277.484946   17.202604    6.799831    0.083941   10.092539
    0.352941    0.913514   -0.000017   -0.000366   -0.001599     -315.720128      288.911189   17.770534    7.059236    0.083941   10.092539
    0.362745    0.913514    0.000011   -0.000195   -0.001726     -328.172511      300.338398   18.338465    7.318643    0.083941   10.092539
    0.372549    0.913512    0.000022   -0.000043   -0.001231     -340.633053      311.765121   18.906395    7.578049    0.083941   10.092539
    0.382353    0.913510    0.000021    0.000049   -0.000588     -353.112089      323.190745   19.474324    7.837454    0.083941   10.092539
    0.392157    0.913508    0.000014    0.000082   -0.000075     -365.609352      334.615284   20.042252    8.096857    0.083941   10.092539
    0.401961    0.913507    0.000006    0.000075    0.000212     -378.119120      346.039079   20.610178    8.356260    0.083941   10.092539
    0.411765    0.913507    0.000000    0.000049    0.000297     -390.634552      357.462538   21.178105    8.615662    0.083941   10.092539
    0.421569    0.913507   -0.000003    0.000020    0.000254     -403.150277      368.885979   21.746031    8.875065    0.083941   10.092539
    0.431373    0.913508   -0.000004   -0.000001    0.000157     -415.663293      380.309581   22.313958    9.134467    0.083941   10.092539
    0.441176    0.913508   -0.000004   -0.000012    0.000061     -428.172736      391.733395   22.881884    9.393870    0.083941   10.092539
    0.450980    0.913508   -0.000002   -0.000014   -0.000007     -440.679141      403.157391   23.449811    9.653273    0.083941   10.092539
    0.460784    0.913508   -0.000001   -0.000012   -0.000041     -453.183641      414.581499   24.017739    9.912676    0.083941   10.092539
    0.470588    0.913508    0.000000   -0.000007   -0.000048     -465.687385      426.005653   24.585666   10.172079    0.083941   10.092539
    0.480392    0.913508    0.000001   -0.000003   -0.000039     -478.191213      437.429802   25.153593   10.431482    0.083941   10.092539
    0.490196    0.913508    0.000001    0.000000   -0.000024     -490.695573      448.853919   25.721520   10.690885    0.083941   10.092539
    0.500000    0.913508    0.000001    0.000002   -0.000009     -503.200575      460.277997   26.289447   10.950288    0.083941   10.092539
    0.509804    0.913508    0.000000    0.000002    0.000001     -515.706118      471.702044   26.857374   11.209691    0.083941   10.092539
    0.519608    0.913508    0.000000    0.000002    0.000007     -528.212006      483.126070   27.425301   11.469094    0.083941   10.092539
    0.529412    0.913508   -0.000000    0.000001    0.000008     -540.718044      494.550087   27.993228   11.728497    0.083941   10.092539
    0.539216    0.913508   -0.000000    0.000001    0.000007     -553.224086      505.974104   28.561155   11.987900    0.083941   10.092539
    0.549020    0.913508   -0.000000   -0.000000    0.000005     -565.730050      517.398126   29.129082   12.247303    0.083941   10.092539
    0.558824    0.913508   -0.000000   -0.000000    0.000003     -578.235917      528.822153   29.697009   12.506706    0.083941   10.092539
    0.568627    0.913508   -0.000000   -0.000001    0.000002     -590.741709      540.246185   30.264936   12.766109    0.083941   10.092539
    0.578431    0.913508    0.000000   -0.000001    0.000002     -603.247478      551.670218   30.832864   13.025512    0.083941   10.092539
    0.588235    0.913508    0.000000   -0.000001    0.000004     -615.753292      563.094249   31.400791   13.284915    0.083941   10.092539
    0.598039    0.913508    0.000000   -0.000002    0.000007     -628.259241      574.518271   31.968718   13.544318    0.083941   10.092539
    0.607843    0.913508    0.000000   -0.000003    0.000013     -640.765447      585.942279   32.536645   13.803721    0.083941   10.092539
    0.617647    0.913508    0.000001   -0.000004    0.000023     -653.272092      597.366260   33.104572   14.063124    0.083941   10.092539
    0.627451    0.913508    0.000001   -0.000007    0.000039     -665.779475      608.790197   33.672499   14.322527    0.083941   10.092539
    0.637255    0.913508    0.000002   -0.000012    0.000066     -678.288092      620.214061   34.240425   14.581930    0.083941   10.092539
    0.647059    0.913507    0.000004   -0.000020    0.000111     -690.798781      631.637801   34.808352   14.841333    0.083941   10.092539
    0.656863    0.913507    0.000006   -0.000034    0.000183     -703.312948      643.061335   35.376279   15.100735    0.083941   10.092539
    0.666667    0.913506    0.000011   -0.000057    0.000304     -715.832953      654.484521   35.944205   15.360137    0.083941   10.092539
    0.676471    0.913505    0.000018   -0.000094    0.000501     -728.362731      665.907126   36.512130   15.619539    0.083941   10.092539
    0.686275    0.913502    0.000030   -0.000155    0.000824     -740.908819      677.328761   37.080054   15.878939    0.083941   10.092539
    0.696078    0.913498    0.000050   -0.000256    0.001351     -753.482047      688.748780   37.647977   16.138338    0.083941   10.092539
    0.705882    0.913492    0.000083   -0.000421    0.002210     -766.100288      700.166122   38.215896   16.397733    0.083941   10.092539
    0.715686    0.913481    0.000137   -0.000691    0.003606     -778.792944      711.579034   38.783810   16.657124    0.083941   10.092539
    0.725490    0.913464    0.000225   -0.001129    0.005864     -791.608224      722.984646   39.351715   16.916508    0.083941   10.092539
    0.735294    0.913435    0.000369   -0.001841    0.009507     -804.624869      734.378262   39.919606   17.175878    0.083941   10.092539
    0.745098    0.913388    0.000604   -0.002992    0.015364     -817.970950      745.752236   40.487474   17.435227    0.083941   10.092539
    0.754902    0.913311    0.000984   -0.004848    0.024736     -831.853694      757.094163   41.055304   17.694541    0.083941   10.092539
    0.764706    0.913185    0.001600   -0.007827    0.039652     -846.606159      768.384028   41.623073   17.953799    0.083941   10.092539
    0.774510    0.912982    0.002592   -0.012587    0.063211     -862.758701      779.589749   42.190741   18.212965    0.083941   10.092539
    0.784314    0.912653    0.004182   -0.020141    0.100035     -881.144593      790.660377   42.758247   18.471982    0.083941   10.092539
    0.794118    0.912123    0.006719   -0.032025    0.156711     -903.046826      801.516061   43.325490   18.730757    0.083941   10.092539
    0.803922    0.911274    0.010736   -0.050490    0.241968     -930.379670      812.034111   43.892313   18.989143    0.083941   10.092539
    0.813725    0.909924    0.017031   -0.078670    0.365869     -965.859259      822.031589   44.458463   19.246901    0.083941   10.092539
    0.823529    0.907792    0.026756   -0.120574    0.536803    -1013.031642      831.248075   45.023549   19.503654    0.083941   10.092539
    0.833333    0.904465    0.041491   -0.180634    0.754902    -1075.892143      839.338690   45.586963   19.758805    0.083941   10.092539
    0.843137    0.899354    0.063223   -0.262454    1.002403    -1157.740284      845.896131   46.147791   20.011421    0.083941   10.092539
    0.852941    0.891660    0.094175   -0.366736    1.236926    -1259.161419      850.523260   46.704684   20.260080    0.083941   10.092539
    0.862745    0.880378    0.136404   -0.489204    1.399278    -1375.928227      852.957230   47.255736   20.502691    0.083941   10.092539
    0.872549    0.864347    0.191273   -0.620307    1.441013    -1498.679844      853.195540   47.798360   20.736349    0.083941   10.092539
    0.882353    0.842362    0.259039   -0.747874    1.354282    -1615.696589      851.535901   48.329228   20.957320    0.083941   10.092539
    0.892157    0.813319    0.338805   -0.861464    1.175509    -1717.344344      848.484202   48.844287   21.161268    0.083941   10.092539
    0.901961    0.776350    0.428863   -0.955399    0.959866    -1798.954303      844.588214   49.338863   21.343757    0.083941   10.092539
    0.911765    0.730903    0.527196   -1.028948    0.752614    -1860.646391      840.301238   49.807839   21.500927    0.083941   10.092539
    0.921569    0.676778    0.631892   -1.084565    0.577588    -1905.346821      835.927979   50.245865   21.630196    0.083941   10.092539
    0.931373    0.614111    0.741353   -1.125910    0.440851    -1936.826882      831.635712   50.647571   21.730768    0.083941   10.092539
    0.941176    0.543334    0.854350   -1.156575    0.338911    -1958.559463      827.491384   51.007767   21.803868    0.083941   10.092539
    0.950980    0.465139    0.969978   -1.179545    0.265044    -1973.305858      823.497871   51.321613   21.852621    0.083941   10.092539
    0.960784    0.380431    1.087596   -1.197105    0.212531    -1983.100216      819.619913   51.584769   21.881625    0.083941   10.092539
    0.970588    0.290289    1.206755   -1.210940    0.175692    -1989.380770      815.799801   51.793513   21.896283    0.083941   10.092539
    0.980392    0.195934    1.327150   -1.222262    0.149192    -1993.142629      811.965880   51.944840   21.901997    0.083941   10.092539
    0.990196    0.098700    1.448573   -1.231752    0.120968    -1995.067306      808.036977   52.036540   21.903360    0.083941   10.092539
    1.000000   -0.000000    1.570796   -1.237450    0.000000    -1995.624699      803.925048   52.067259   21.903452    0.083941   10.092539
