           t           r         psi          cs          qs               p             sig           A           V          Q2           S
    0.000000    0.000000   -1.570796   -1.156444   -0.000000        3.604212       -2.227038    0.000000   -0.000000    0.017490    8.938588
    0.002488    0.022233   -1.545084   -1.156300   -0.017196        3.604210       -2.227148    0.001553    0.000000    0.017490    8.938588
    0.004975    0.044451   -1.519377   -1.155870   -0.034387        3.604202       -2.227256    0.006212    0.000004    0.017490    8.938588
    0.007463    0.066640   -1.493683   -1.155153   -0.051565        3.604187       -2.227363    0.013972    0.000018    0.017490    8.938588
    0.009950    0.088785   -1.468009   -1.154150   -0.068722        3.604167       -2.227470    0.024830    0.000057    0.017490    8.938588
    0.012438    0.110871   -1.442360   -1.152860   -0.085848        3.604139       -2.227575    0.038777    0.000138    0.017490    8.938588
    0.014925    0.132884   -1.416743   -1.151284   -0.102936        3.604105       -2.227680    0.055806    0.000285    0.017490    8.938588
    0.017413    0.154810   -1.391164   -1.149422   -0.119977        3.604062       -2.227784    0.075903    0.000527    0.017490    8.938588
    0.019900    0.176634   -1.365629   -1.147274   -0.136963        3.604011       -2.227887    0.099057    0.000895    0.017490    8.938588
    0.022388    0.198343   -1.340146   -1.144842   -0.153885        3.603950       -2.227990    0.125253    0.001428    0.017490    8.938588
    0.024876    0.219923   -1.314720   -1.142125   -0.170735        3.603880       -2.228093    0.154472    0.002166    0.017490    8.938588
    0.027363    0.241359   -1.289357   -1.139124   -0.187505        3.603799       -2.228196    0.186696    0.003155    0.017490    8.938588
    0.029851    0.262639   -1.264064   -1.135841   -0.204187        3.603707       -2.228299    0.221904    0.004443    0.017490    8.938588
    0.032338    0.283750   -1.238848   -1.132274   -0.220772        3.603603       -2.228402    0.260074    0.006083    0.017490    8.938588
    0.034826    0.304678   -1.213713   -1.128427   -0.237253        3.603485       -2.228506    0.301180    0.008128    0.017490    8.938588
    0.037313    0.325411   -1.188668   -1.124299   -0.253620        3.603352       -2.228610    0.345197    0.010635    0.017490    8.938588
    0.039801    0.345937   -1.163717   -1.119891   -0.269867        3.603204       -2.228715    0.392096    0.013664    0.017490    8.938588
    0.042289    0.366244   -1.138868   -1.115204   -0.285985        3.603039       -2.228821    0.441848    0.017275    0.017490    8.938588
    0.044776    0.386320   -1.114125   -1.110240   -0.301966        3.602855       -2.228927    0.494420    0.021530    0.017490    8.938588
    0.047264    0.406153   -1.089497   -1.105000   -0.317802        3.602651       -2.229035    0.549780    0.026490    0.017490    8.938588
    0.049751    0.425734   -1.064988   -1.099485   -0.333487        3.602424       -2.229144    0.607894    0.032219    0.017490    8.938588
    0.052239    0.445052   -1.040604   -1.093696   -0.349011        3.602174       -2.229254    0.668726    0.038780    0.017490    8.938588
    0.054726    0.464096   -1.016352   -1.087635   -0.364367        3.601897       -2.229366    0.732237    0.046234    0.017490    8.938588
    0.057214    0.482858   -0.992238   -1.081302   -0.379549        3.601591       -2.229480    0.798389    0.054642    0.017490    8.938588
    0.059701    0.501326   -0.968268   -1.074701   -0.394548        3.601253       -2.229596    0.867142    0.064065    0.017490    8.938588
    0.062189    0.519494   -0.944448   -1.067832   -0.409358        3.600880       -2.229714    0.938454    0.074561    0.017490    8.938588
    0.064677    0.537353   -0.920783   -1.060697   -0.423971        3.600468       -2.229834    1.012283    0.086185    0.017490    8.938588
    0.067164    0.554894   -0.897280   -1.053298   -0.438381        3.600014       -2.229957    1.088585    0.098992    0.017490    8.938588
    0.069652    0.572110   -0.873944   -1.045636   -0.452580        3.599513       -2.230083    1.167314    0.113033    0.017490    8.938588
    0.072139    0.588994   -0.850782   -1.037713   -0.466562        3.598961       -2.230212    1.248426    0.128356    0.017490    8.938588
    0.074627    0.605541   -0.827798   -1.029532   -0.480320        3.598351       -2.230344    1.331874    0.145006    0.017490    8.938588
    0.077114    0.621743   -0.805000   -1.021094   -0.493849        3.597677       -2.230479    1.417609    0.163025    0.017490    8.938588
    0.079602    0.637595   -0.782392   -1.012402   -0.507142        3.596933       -2.230618    1.505583    0.182451    0.017490    8.938588
    0.082090    0.653092   -0.759979   -1.003457   -0.520194        3.596110       -2.230761    1.595747    0.203317    0.017490    8.938588
    0.084577    0.668229   -0.737769   -0.994261   -0.532999        3.595200       -2.230908    1.688051    0.225654    0.017490    8.938588
    0.087065    0.683003   -0.715766   -0.984817   -0.545552        3.594193       -2.231060    1.782444    0.249487    0.017490    8.938588
    0.089552    0.697410   -0.693975   -0.975128   -0.557848        3.593077       -2.231217    1.878876    0.274839    0.017490    8.938588
    0.092040    0.711445   -0.672403   -0.965194   -0.569882        3.591839       -2.231379    1.977295    0.301727    0.017490    8.938588
    0.094527    0.725108   -0.651055   -0.955020   -0.581651        3.590465       -2.231547    2.077649    0.330165    0.017490    8.938588
    0.097015    0.738395   -0.629935   -0.944606   -0.593151        3.588938       -2.231720    2.179885    0.360160    0.017490    8.938588
    0.099502    0.751305   -0.609049   -0.933956   -0.604379        3.587238       -2.231900    2.283951    0.391718    0.017490    8.938588
    0.101990    0.763836   -0.588403   -0.923071   -0.615332        3.585345       -2.232087    2.389795    0.424839    0.017490    8.938588
    0.104478    0.775987   -0.568001   -0.911954   -0.626008        3.583233       -2.232281    2.497362    0.459520    0.017490    8.938588
    0.106965    0.787759   -0.547849   -0.900609   -0.636407        3.580874       -2.232482    2.606601    0.495753    0.017490    8.938588
    0.109453    0.799150   -0.527952   -0.889036   -0.646526        3.578236       -2.232692    2.717458    0.533525    0.017490    8.938588
    0.111940    0.810161   -0.508315   -0.877238   -0.656368        3.575280       -2.232910    2.829879    0.572822    0.017490    8.938588
    0.114428    0.820794   -0.488943   -0.865218   -0.665933        3.571963       -2.233138    2.943813    0.613624    0.017490    8.938588
    0.116915    0.831049   -0.469840   -0.852978   -0.675223        3.568236       -2.233375    3.059206    0.655907    0.017490    8.938588
    0.119403    0.840929   -0.451012   -0.840519   -0.684243        3.564042       -2.233623    3.176005    0.699648    0.017490    8.938588
    0.121891    0.850434   -0.432463   -0.827845   -0.692998        3.559313       -2.233881    3.294158    0.744815    0.017490    8.938588
    0.124378    0.859568   -0.414199   -0.814957   -0.701495        3.553974       -2.234151    3.413613    0.791376    0.017490    8.938588
    0.126866    0.868332   -0.396223   -0.801856   -0.709743        3.547935       -2.234433    3.534319    0.839298    0.017490    8.938588
    0.129353    0.876731   -0.378541   -0.788544   -0.717752        3.541094       -2.234728    3.656223    0.888543    0.017490    8.938588
    0.131841    0.884768   -0.361158   -0.775023   -0.725537        3.533333       -2.235036    3.779275    0.939070    0.017490    8.938588
    0.134328    0.892447   -0.344077   -0.761293   -0.733113        3.524512       -2.235358    3.903425    0.990839    0.017490    8.938588
    0.136816    0.899771   -0.327304   -0.747355   -0.740501        3.514474       -2.235694    4.028624    1.043806    0.017490    8.938588
    0.139303    0.906745   -0.310843   -0.733210   -0.747724        3.503036       -2.236044    4.154820    1.097926    0.017490    8.938588
    0.141791    0.913374   -0.294699   -0.718855   -0.754810        3.489986       -2.236409    4.281968    1.153152    0.017490    8.938588
    0.144279    0.919664   -0.278877   -0.704292   -0.761792        3.475083       -2.236788    4.410017    1.209437    0.017490    8.938588
    0.146766    0.925618   -0.263381   -0.689517   -0.768708        3.458053       -2.237181    4.538922    1.266733    0.017490    8.938588
    0.149254    0.931243   -0.248215   -0.674529   -0.775604        3.438586       -2.237587    4.668635    1.324991    0.017490    8.938588
    0.151741    0.936545   -0.233386   -0.659323   -0.782531        3.416338       -2.238003    4.799112    1.384161    0.017490    8.938588
    0.154229    0.941530   -0.218897   -0.643895   -0.789550        3.390932       -2.238429    4.930307    1.444193    0.017490    8.938588
    0.156716    0.946204   -0.204753   -0.628238   -0.796728        3.361965       -2.238859    5.062177    1.505037    0.017490    8.938588
    0.159204    0.950574   -0.190960   -0.612346   -0.804142        3.329021       -2.239290    5.194678    1.566645    0.017490    8.938588
    0.161692    0.954647   -0.177523   -0.596208   -0.811878        3.291698       -2.239714    5.327769    1.628966    0.017490    8.938588
    0.164179    0.958430   -0.164448   -0.579814   -0.820030        3.249643       -2.240124    5.461409    1.691951    0.017490    8.938588
    0.166667    0.961930   -0.151741   -0.563150   -0.828697        3.202614       -2.240507    5.595558    1.755553    0.017490    8.938588
    0.169154    0.965155   -0.139407   -0.546202   -0.837982        3.150561       -2.240848    5.730176    1.819723    0.017490    8.938588
    0.171642    0.968112   -0.127453   -0.528951   -0.847984        3.093742       -2.241130    5.865226    1.884417    0.017490    8.938588
    0.174129    0.970810   -0.115886   -0.511379   -0.858791        3.032880       -2.241330    6.000671    1.949587    0.017490    8.938588
    0.176617    0.973257   -0.104714   -0.493464   -0.870466        2.969339       -2.241420    6.136475    2.015190    0.017490    8.938588
    0.179104    0.975461   -0.093945   -0.475185   -0.883034        2.905340       -2.241368    6.272604    2.081184    0.017490    8.938588
    0.181592    0.977431   -0.083585   -0.456520   -0.896453        2.844146       -2.241137    6.409024    2.147527    0.017490    8.938588
    0.184080    0.979177   -0.073646   -0.437452   -0.910600        2.790192       -2.240689    6.545704    2.214179    0.017490    8.938588
    0.186567    0.980707   -0.064135   -0.417963   -0.925236        2.749069       -2.239983    6.682613    2.281102    0.017490    8.938588
    0.189055    0.982030   -0.055062   -0.398047   -0.939984        2.727261       -2.238982    6.819721    2.348260    0.017490    8.938588
    0.191542    0.983157   -0.046437   -0.377706   -0.954322        2.731569       -2.237656    6.957000    2.415619    0.017490    8.938588
    0.194030    0.984098   -0.038268   -0.356956   -0.967578        2.768191       -2.235985    7.094423    2.483146    0.017490    8.938588
    0.196517    0.984862   -0.030565   -0.335830   -0.978960        2.841580       -2.233970    7.231965    2.550811    0.017490    8.938588
    0.199005    0.985460   -0.023336   -0.314379   -0.987608        2.953300       -2.231629    7.369602    2.618584    0.017490    8.938588
    0.201493    0.985903   -0.016587   -0.292674   -0.992671        3.101216       -2.229004    7.507312    2.686441    0.017490    8.938588
    0.203980    0.986202   -0.010322   -0.270807   -0.993390        3.279344       -2.226153    7.645074    2.754355    0.017490    8.938588
    0.206468    0.986366   -0.004544   -0.248881   -0.989179        3.478478       -2.223152    7.782867    2.822306    0.017490    8.938588
    0.208955    0.986407    0.000747   -0.227014   -0.979686        3.687493       -2.220081    7.920675    2.890272    0.017490    8.938588
    0.211443    0.986336    0.005553   -0.205329   -0.964818        3.894961       -2.217021    8.058481    2.958236    0.017490    8.938588
    0.213930    0.986164    0.009880   -0.183946   -0.944726        4.090654       -2.214044    8.196270    3.026182    0.017490    8.938588
    0.216418    0.985900    0.013736   -0.162984   -0.919773        4.266599       -2.211209    8.334028    3.094094    0.017490    8.938588
    0.218905    0.985556    0.017132   -0.142550   -0.890471        4.417555       -2.208560    8.471743    3.161962    0.017490    8.938588
    0.221393    0.985142    0.020080   -0.122740   -0.857423        4.540944       -2.206125    8.609406    3.229773    0.017490    8.938588
    0.223881    0.984667    0.022595   -0.103636   -0.821265        4.636433       -2.203918    8.747006    3.297519    0.017490    8.938588
    0.226368    0.984140    0.024694   -0.085308   -0.782627        4.705343       -2.201943    8.884536    3.365193    0.017490    8.938588
    0.228856    0.983572    0.026395   -0.067811   -0.742098        4.750053       -2.200192    9.021989    3.432789    0.017490    8.938588
    0.231343    0.982969    0.027717   -0.051187   -0.700209        4.773487       -2.198655    9.159361    3.500301    0.017490    8.938588
    0.233831    0.982342    0.028678   -0.035470   -0.657428        4.778730       -2.197317    9.296646    3.567726    0.017490    8.938588
    0.236318    0.981697    0.029301   -0.020682   -0.614153        4.768770       -2.196159    9.433843    3.635063    0.017490    8.938588
    0.238806    0.981041    0.029605   -0.006838   -0.570724        4.746341       -2.195164    9.570949    3.702309    0.017490    8.938588
    0.241294    0.980383    0.029612    0.006055   -0.527422        4.713851       -2.194314    9.707963    3.769465    0.017490    8.938588
    0.243781    0.979727    0.029343    0.017994   -0.484481        4.673358       -2.193594    9.844884    3.836531    0.017490    8.938588
    0.246269    0.979080    0.028819    0.028984   -0.442092        4.626586       -2.192986    9.981715    3.903509    0.017490    8.938588
    0.248756    0.978447    0.028061    0.039032   -0.400413        4.574950       -2.192479   10.118457    3.970401    0.017490    8.938588
    0.251244    0.977834    0.027090    0.048147   -0.359573        4.519596       -2.192058   10.255111    4.037209    0.017490    8.938588
    0.253731    0.977244    0.025927    0.056346   -0.319680        4.461443       -2.191713   10.391681    4.103936    0.017490    8.938588
    0.256219    0.976682    0.024591    0.063643   -0.280821        4.401215       -2.191433   10.528171    4.170588    0.017490    8.938588
    0.258706    0.976152    0.023103    0.070058   -0.243070        4.339478       -2.191210   10.664584    4.237167    0.017490    8.938588
    0.261194    0.975656    0.021482    0.075611   -0.206489        4.276671       -2.191036   10.800926    4.303678    0.017490    8.938588
    0.263682    0.975197    0.019747    0.080326   -0.171130        4.213127       -2.190904   10.937201    4.370127    0.017490    8.938588
    0.266169    0.974778    0.017916    0.084225   -0.137040        4.149096       -2.190809   11.073414    4.436518    0.017490    8.938588
    0.268657    0.974401    0.016007    0.087336   -0.104258        4.084763       -2.190743   11.209572    4.502857    0.017490    8.938588
    0.271144    0.974067    0.014037    0.089684   -0.072818        4.020257       -2.190704   11.345680    4.569150    0.017490    8.938588
    0.273632    0.973777    0.012024    0.091299   -0.042753        3.955670       -2.190686   11.481745    4.635403    0.017490    8.938588
    0.276119    0.973533    0.009983    0.092210   -0.014091        3.891060       -2.190686   11.617772    4.701620    0.017490    8.938588
    0.278607    0.973333    0.007928    0.092446    0.013142        3.826462       -2.190700   11.753769    4.767809    0.017490    8.938588
    0.281095    0.973180    0.005876    0.092041    0.038922        3.761890       -2.190725   11.889740    4.833975    0.017490    8.938588
    0.283582    0.973072    0.003840    0.091027    0.063226        3.697349       -2.190758   12.025694    4.900124    0.017490    8.938588
    0.286070    0.973009    0.001832    0.089437    0.086034        3.632832       -2.190795   12.161635    4.966261    0.017490    8.938588
    0.288557    0.972990   -0.000134    0.087306    0.107327        3.568327       -2.190836   12.297571    5.032394    0.017490    8.938588
    0.291045    0.973015   -0.002046    0.084670    0.127087        3.503821       -2.190876   12.433507    5.098527    0.017490    8.938588
    0.293532    0.973081   -0.003895    0.081563    0.145297        3.439302       -2.190913   12.569450    5.164665    0.017490    8.938588
    0.296020    0.973187   -0.005670    0.078023    0.161942        3.374758       -2.190945   12.705404    5.230815    0.017490    8.938588
    0.298507    0.973332   -0.007362    0.074087    0.177010        3.310186       -2.190970   12.841376    5.296982    0.017490    8.938588
    0.300995    0.973514   -0.008962    0.069793    0.190487        3.245588       -2.190984   12.977372    5.363170    0.017490    8.938588
    0.303483    0.973730   -0.010464    0.065180    0.202365        3.180977       -2.190986   13.113394    5.429384    0.017490    8.938588
    0.305970    0.973979   -0.011859    0.060285    0.212636        3.116379       -2.190973   13.249450    5.495629    0.017490    8.938588
    0.308458    0.974257   -0.013143    0.055148    0.221295        3.051834       -2.190942   13.385542    5.561908    0.017490    8.938588
    0.310945    0.974562   -0.014310    0.049808    0.228338        2.987399       -2.190890   13.521675    5.628226    0.017490    8.938588
    0.313433    0.974892   -0.015356    0.044305    0.233766        2.923153       -2.190814   13.657852    5.694587    0.017490    8.938588
    0.315920    0.975244   -0.016279    0.038676    0.237584        2.859195       -2.190712   13.794077    5.760993    0.017490    8.938588
    0.318408    0.975615   -0.017076    0.032962    0.239798        2.795649       -2.190580   13.930353    5.827447    0.017490    8.938588
    0.320896    0.976002   -0.017745    0.027202    0.240422        2.732670       -2.190414   14.066681    5.893952    0.017490    8.938588
    0.323383    0.976403   -0.018285    0.021433    0.239473        2.670441       -2.190212   14.203065    5.960510    0.017490    8.938588
    0.325871    0.976815   -0.018698    0.015694    0.236974        2.609179       -2.189970   14.339505    6.027123    0.017490    8.938588
    0.328358    0.977234   -0.018984    0.010023    0.232955        2.549134       -2.189683   14.476004    6.093793    0.017490    8.938588
    0.330846    0.977658   -0.019145    0.004454    0.227453        2.490594       -2.189349   14.612561    6.160519    0.017490    8.938588
    0.333333    0.978084   -0.019183   -0.000975    0.220512        2.433883       -2.188963   14.749178    6.227304    0.017490    8.938588
    0.335821    0.978510   -0.019103   -0.006232    0.212186        2.379361       -2.188521   14.885855    6.294147    0.017490    8.938588
    0.338308    0.978933   -0.018907   -0.011282    0.202537        2.327421       -2.188019   15.022590    6.361048    0.017490    8.938588
    0.340796    0.979350   -0.018603   -0.016096    0.191639        2.278489       -2.187454   15.159385    6.428006    0.017490    8.938588
    0.343284    0.979759   -0.018194   -0.020644    0.179573        2.233014       -2.186822   15.296237    6.495022    0.017490    8.938588
    0.345771    0.980158   -0.017687   -0.024899    0.166435        2.191463       -2.186119   15.433146    6.562094    0.017490    8.938588
    0.348259    0.980545   -0.017089   -0.028836    0.152329        2.154313       -2.185342   15.570109    6.629220    0.017490    8.938588
    0.350746    0.980918   -0.016407   -0.032434    0.137371        2.122034       -2.184489   15.707126    6.696399    0.017490    8.938588
    0.353234    0.981274   -0.015649   -0.035673    0.121689        2.095081       -2.183557   15.844194    6.763629    0.017490    8.938588
    0.355721    0.981613   -0.014823   -0.038538    0.105420        2.073871       -2.182545   15.981310    6.830907    0.017490    8.938588
    0.358209    0.981933   -0.013938   -0.041016    0.088709        2.058774       -2.181451   16.118472    6.898231    0.017490    8.938588
    0.360697    0.982232   -0.013002   -0.043097    0.071710        2.050089       -2.180277   16.255677    6.965599    0.017490    8.938588
    0.363184    0.982511   -0.012024   -0.044777    0.054582        2.048028       -2.179023   16.392923    7.033007    0.017490    8.938588
    0.365672    0.982767   -0.011014   -0.046054    0.037488        2.052704       -2.177690   16.530207    7.100452    0.017490    8.938588
    0.368159    0.983000   -0.009979   -0.046930    0.020592        2.064114       -2.176281   16.667524    7.167932    0.017490    8.938588
    0.370647    0.983211   -0.008930   -0.047411    0.004055        2.082131       -2.174801   16.804872    7.235443    0.017490    8.938588
    0.373134    0.983397   -0.007874   -0.047506   -0.011964        2.106503       -2.173254   16.942249    7.302982    0.017490    8.938588
    0.375622    0.983561   -0.006820   -0.047229   -0.027318        2.136848       -2.171646   17.079649    7.370546    0.017490    8.938588
    0.378109    0.983701   -0.005776   -0.046596   -0.041866        2.172665       -2.169982   17.217071    7.438131    0.017490    8.938588
    0.380597    0.983818   -0.004750   -0.045627   -0.055482        2.213348       -2.168270   17.354511    7.505734    0.017490    8.938588
    0.383085    0.983912   -0.003749   -0.044345   -0.068056        2.258196       -2.166518   17.491965    7.573352    0.017490    8.938588
    0.385572    0.983985   -0.002780   -0.042774   -0.079495        2.306443       -2.164733   17.629431    7.640981    0.017490    8.938588
    0.388060    0.984036   -0.001849   -0.040941   -0.089724        2.357276       -2.162923   17.766906    7.708619    0.017490    8.938588
    0.390547    0.984067   -0.000961   -0.038875   -0.098686        2.409860       -2.161097   17.904387    7.776264    0.017490    8.938588
    0.393035    0.984079   -0.000122   -0.036605   -0.106347        2.463368       -2.159263   18.041870    7.843911    0.017490    8.938588
    0.395522    0.984073    0.000665   -0.034162   -0.112690        2.516996       -2.157427   18.179354    7.911558    0.017490    8.938588
    0.398010    0.984050    0.001396   -0.031574   -0.117717        2.569992       -2.155597   18.316836    7.979203    0.017490    8.938588
    0.400498    0.984011    0.002068   -0.028874   -0.121446        2.621665       -2.153780   18.454314    8.046844    0.017490    8.938588
    0.402985    0.983958    0.002680   -0.026091   -0.123912        2.671403       -2.151980   18.591785    8.114479    0.017490    8.938588
    0.405473    0.983893    0.003228   -0.023254   -0.125163        2.718677       -2.150205   18.729248    8.182106    0.017490    8.938588
    0.407960    0.983815    0.003714   -0.020389   -0.125259        2.763049       -2.148457   18.866701    8.249722    0.017490    8.938588
    0.410448    0.983728    0.004135   -0.017525   -0.124269        2.804170       -2.146741   19.004142    8.317327    0.017490    8.938588
    0.412935    0.983632    0.004493   -0.014684   -0.122271        2.841776       -2.145060   19.141571    8.384919    0.017490    8.938588
    0.415423    0.983529    0.004788   -0.011891   -0.119347        2.875688       -2.143415   19.278985    8.452498    0.017490    8.938588
    0.417910    0.983419    0.005022   -0.009166   -0.115584        2.905798       -2.141809   19.416385    8.520061    0.017490    8.938588
    0.420398    0.983306    0.005197   -0.006528   -0.111072        2.932067       -2.140242   19.553769    8.587610    0.017490    8.938588
    0.422886    0.983189    0.005313   -0.003994   -0.105898        2.954514       -2.138715   19.691137    8.655142    0.017490    8.938588
    0.425373    0.983070    0.005375   -0.001580   -0.100155        2.973205       -2.137227   19.828489    8.722658    0.017490    8.938588
    0.427861    0.982950    0.005385    0.000703   -0.093927        2.988248       -2.135779   19.965824    8.790158    0.017490    8.938588
    0.430348    0.982831    0.005345    0.002842   -0.087303        2.999782       -2.134369   20.103142    8.857642    0.017490    8.938588
    0.432836    0.982713    0.005259    0.004829   -0.080362        3.007972       -2.132997   20.240443    8.925109    0.017490    8.938588
    0.435323    0.982597    0.005131    0.006657   -0.073185        3.013002       -2.131660   20.377728    8.992560    0.017490    8.938588
    0.437811    0.982485    0.004965    0.008320   -0.065845        3.015067       -2.130357   20.514998    9.059995    0.017490    8.938588
    0.440299    0.982377    0.004763    0.009815   -0.058413        3.014371       -2.129086   20.652252    9.127416    0.017490    8.938588
    0.442786    0.982273    0.004529    0.011139   -0.050955        3.011122       -2.127846   20.789491    9.194821    0.017490    8.938588
    0.445274    0.982175    0.004269    0.012292   -0.043530        3.005530       -2.126634   20.926716    9.262214    0.017490    8.938588
    0.447761    0.982084    0.003984    0.013274   -0.036196        2.997801       -2.125447   21.063927    9.329593    0.017490    8.938588
    0.450249    0.981998    0.003680    0.014089   -0.029004        2.988140       -2.124285   21.201127    9.396960    0.017490    8.938588
    0.452736    0.981920    0.003359    0.014738   -0.022000        2.976745       -2.123144   21.338315    9.464316    0.017490    8.938588
    0.455224    0.981849    0.003025    0.015226   -0.015228        2.963809       -2.122023   21.475492    9.531662    0.017490    8.938588
    0.457711    0.981786    0.002683    0.015558   -0.008724        2.949519       -2.120919   21.612660    9.598999    0.017490    8.938588
    0.460199    0.981730    0.002335    0.015741   -0.002522        2.934053       -2.119831   21.749820    9.666327    0.017490    8.938588
    0.462687    0.981682    0.001984    0.015782    0.003348        2.917583       -2.118755   21.886973    9.733649    0.017490    8.938588
    0.465174    0.981642    0.001634    0.015688    0.008862        2.900274       -2.117691   22.024119    9.800964    0.017490    8.938588
    0.467662    0.981609    0.001287    0.015467    0.013998        2.882283       -2.116635   22.161260    9.868275    0.017490    8.938588
    0.470149    0.981584    0.000947    0.015129    0.018739        2.863761       -2.115587   22.298398    9.935582    0.017490    8.938588
    0.472637    0.981567    0.000615    0.014682    0.023071        2.844852       -2.114543   22.435532   10.002885    0.017490    8.938588
    0.475124    0.981557    0.000295    0.014135    0.026983        2.825692       -2.113503   22.572664   10.070187    0.017490    8.938588
    0.477612    0.981554   -0.000013    0.013499    0.030470        2.806412       -2.112465   22.709796   10.137488    0.017490    8.938588
    0.480100    0.981557   -0.000305    0.012783    0.033526        2.787137       -2.111426   22.846928   10.204789    0.017490    8.938588
    0.482587    0.981567   -0.000581    0.011997    0.036151        2.767985       -2.110386   22.984060   10.272092    0.017490    8.938588
    0.485075    0.981583   -0.000838    0.011151    0.038348        2.749068       -2.109343   23.121194   10.339395    0.017490    8.938588
    0.487562    0.981604   -0.001076    0.010256    0.040122        2.730494       -2.108295   23.258331   10.406702    0.017490    8.938588
    0.490050    0.981631   -0.001294    0.009320    0.041480        2.712362       -2.107241   23.395471   10.474011    0.017490    8.938588
    0.492537    0.981662   -0.001490    0.008354    0.042433        2.694767       -2.106181   23.532616   10.541325    0.017490    8.938588
    0.495025    0.981697   -0.001665    0.007367    0.042994        2.677797       -2.105112   23.669765   10.608643    0.017490    8.938588
    0.497512    0.981736   -0.001818    0.006368    0.043176        2.661534       -2.104033   23.806919   10.675966    0.017490    8.938588
    0.500000    0.981778   -0.001948    0.005365    0.042998        2.646053       -2.102945   23.944078   10.743294    0.017490    8.938588
    0.502488    0.981822   -0.002057    0.004368    0.042478        2.631423       -2.101846   24.081244   10.810629    0.017490    8.938588
    0.504975    0.981869   -0.002143    0.003383    0.041636        2.617704       -2.100734   24.218416   10.877970    0.017490    8.938588
    0.507463    0.981917   -0.002207    0.002419    0.040495        2.604950       -2.099611   24.355595   10.945317    0.017490    8.938588
    0.509950    0.981967   -0.002251    0.001483    0.039078        2.593206       -2.098475   24.492781   11.012671    0.017490    8.938588
    0.512438    0.982017   -0.002273    0.000580    0.037408        2.582511       -2.097325   24.629973   11.080032    0.017490    8.938588
    0.514925    0.982068   -0.002277   -0.000284    0.035513        2.572892       -2.096162   24.767173   11.147399    0.017490    8.938588
    0.517413    0.982118   -0.002261   -0.001103    0.033417        2.564372       -2.094986   24.904380   11.214774    0.017490    8.938588
    0.519900    0.982168   -0.002228   -0.001873    0.031147        2.556960       -2.093796   25.041593   11.282156    0.017490    8.938588
    0.522388    0.982217   -0.002178   -0.002589    0.028730        2.550659       -2.092592   25.178814   11.349544    0.017490    8.938588
    0.524876    0.982265   -0.002113   -0.003250    0.026193        2.545463       -2.091375   25.316041   11.416939    0.017490    8.938588
    0.527363    0.982311   -0.002034   -0.003850    0.023562        2.541357       -2.090145   25.453275   11.484341    0.017490    8.938588
    0.529851    0.982355   -0.001942   -0.004390    0.020865        2.538317       -2.088902   25.590516   11.551749    0.017490    8.938588
    0.532338    0.982397   -0.001839   -0.004867    0.018125        2.536309       -2.087647   25.727762   11.619162    0.017490    8.938588
    0.534826    0.982437   -0.001726   -0.005280    0.015369        2.535294       -2.086380   25.865014   11.686582    0.017490    8.938588
    0.537313    0.982474   -0.001605   -0.005630    0.012620        2.535222       -2.085102   26.002272   11.754006    0.017490    8.938588
    0.539801    0.982508   -0.001477   -0.005915    0.009900        2.536040       -2.083813   26.139534   11.821436    0.017490    8.938588
    0.542289    0.982540   -0.001342   -0.006138    0.007232        2.537685       -2.082515   26.276801   11.888870    0.017490    8.938588
    0.544776    0.982568   -0.001204   -0.006299    0.004634        2.540091       -2.081208   26.414072   11.956308    0.017490    8.938588
    0.547264    0.982593   -0.001063   -0.006400    0.002126        2.543185       -2.079893   26.551347   12.023750    0.017490    8.938588
    0.549751    0.982615   -0.000920   -0.006443   -0.000278        2.546892       -2.078572   26.688625   12.091195    0.017490    8.938588
    0.552239    0.982634   -0.000777   -0.006430   -0.002561        2.551134       -2.077244   26.825906   12.158642    0.017490    8.938588
    0.554726    0.982650   -0.000634   -0.006365   -0.004712        2.555831       -2.075910   26.963190   12.226093    0.017490    8.938588
    0.557214    0.982662   -0.000494   -0.006251   -0.006720        2.560900       -2.074573   27.100475   12.293545    0.017490    8.938588
    0.559701    0.982672   -0.000357   -0.006090   -0.008575        2.566262       -2.073232   27.237762   12.360999    0.017490    8.938588
    0.562189    0.982678   -0.000223   -0.005887   -0.010271        2.571836       -2.071889   27.375050   12.428453    0.017490    8.938588
    0.564677    0.982682   -0.000095   -0.005645   -0.011803        2.577542       -2.070544   27.512339   12.495909    0.017490    8.938588
    0.567164    0.982683    0.000027   -0.005368   -0.013167        2.583305       -2.069199   27.649628   12.563365    0.017490    8.938588
    0.569652    0.982681    0.000143   -0.005060   -0.014363        2.589053       -2.067854   27.786917   12.630820    0.017490    8.938588
    0.572139    0.982676    0.000252   -0.004724   -0.015390        2.594715       -2.066510   27.924206   12.698276    0.017490    8.938588
    0.574627    0.982670    0.000353   -0.004365   -0.016251        2.600229       -2.065167   28.061493   12.765730    0.017490    8.938588
    0.577114    0.982661    0.000446   -0.003986   -0.016950        2.605533       -2.063827   28.198780   12.833184    0.017490    8.938588
    0.579602    0.982650    0.000530   -0.003592   -0.017490        2.610575       -2.062490   28.336065   12.900636    0.017490    8.938588
    0.582090    0.982637    0.000606   -0.003185   -0.017879        2.615305       -2.061157   28.473349   12.968086    0.017490    8.938588
    0.584577    0.982623    0.000672   -0.002770   -0.018123        2.619680       -2.059827   28.610631   13.035535    0.017490    8.938588
    0.587065    0.982607    0.000729   -0.002350   -0.018231        2.623665       -2.058502   28.747910   13.102981    0.017490    8.938588
    0.589552    0.982591    0.000776   -0.001927   -0.018212        2.627227       -2.057182   28.885188   13.170426    0.017490    8.938588
    0.592040    0.982573    0.000815   -0.001505   -0.018075        2.630342       -2.055867   29.022463   13.237867    0.017490    8.938588
    0.594527    0.982554    0.000843   -0.001087   -0.017833        2.632990       -2.054557   29.159735   13.305307    0.017490    8.938588
    0.597015    0.982535    0.000863   -0.000674   -0.017494        2.635159       -2.053253   29.297005   13.372744    0.017490    8.938588
    0.599502    0.982516    0.000873   -0.000270   -0.017070        2.636840       -2.051955   29.434272   13.440178    0.017490    8.938588
    0.601990    0.982497    0.000875    0.000125   -0.016574        2.638030       -2.050662   29.571537   13.507610    0.017490    8.938588
    0.604478    0.982477    0.000868    0.000507   -0.016015        2.638733       -2.049375   29.708798   13.575039    0.017490    8.938588
    0.606965    0.982458    0.000853    0.000877   -0.015406        2.638954       -2.048093   29.846058   13.642465    0.017490    8.938588
    0.609453    0.982439    0.000829    0.001231   -0.014758        2.638705       -2.046817   29.983314   13.709888    0.017490    8.938588
    0.611940    0.982421    0.000798    0.001571   -0.014081        2.638003       -2.045547   30.120568   13.777310    0.017490    8.938588
    0.614428    0.982404    0.000759    0.001894   -0.013386        2.636867       -2.044281   30.257819   13.844728    0.017490    8.938588
    0.616915    0.982388    0.000714    0.002201   -0.012683        2.635321       -2.043020   30.395068   13.912145    0.017490    8.938588
    0.619403    0.982372    0.000662    0.002491   -0.011982        2.633390       -2.041764   30.532315   13.979559    0.017490    8.938588
    0.621891    0.982358    0.000603    0.002764   -0.011291        2.631106       -2.040512   30.669560   14.046971    0.017490    8.938588
    0.624378    0.982346    0.000539    0.003021   -0.010618        2.628501       -2.039264   30.806803   14.114382    0.017490    8.938588
    0.626866    0.982334    0.000469    0.003262   -0.009971        2.625610       -2.038019   30.944044   14.181790    0.017490    8.938588
    0.629353    0.982325    0.000394    0.003486   -0.009355        2.622472       -2.036778   31.081283   14.249198    0.017490    8.938588
    0.631841    0.982317    0.000314    0.003696   -0.008778        2.619127       -2.035538   31.218522   14.316604    0.017490    8.938588
    0.634328    0.982311    0.000230    0.003892   -0.008242        2.615617       -2.034301   31.355760   14.384009    0.017490    8.938588
    0.636816    0.982307    0.000141    0.004074   -0.007752        2.611986       -2.033065   31.492996   14.451413    0.017490    8.938588
    0.639303    0.982305    0.000048    0.004243   -0.007310        2.608283       -2.031830   31.630233   14.518817    0.017490    8.938588
    0.641791    0.982305   -0.000048    0.004401   -0.006917        2.604554       -2.030595   31.767469   14.586221    0.017490    8.938588
    0.644279    0.982307   -0.000147    0.004549   -0.006574        2.600850       -2.029360   31.904705   14.653625    0.017490    8.938588
    0.646766    0.982311   -0.000250    0.004687   -0.006280        2.597223       -2.028124   32.041942   14.721030    0.017490    8.938588
    0.649254    0.982318   -0.000356    0.004817   -0.006032        2.593727       -2.026887   32.179180   14.788435    0.017490    8.938588
    0.651741    0.982327   -0.000464    0.004939   -0.005828        2.590418       -2.025647   32.316419   14.855841    0.017490    8.938588
    0.654229    0.982338   -0.000575    0.005055   -0.005661        2.587354       -2.024404   32.453659   14.923249    0.017490    8.938588
    0.656716    0.982353   -0.000689    0.005165   -0.005526        2.584595       -2.023158   32.590901   14.990659    0.017490    8.938588
    0.659204    0.982369   -0.000805    0.005269   -0.005416        2.582201       -2.021907   32.728145   15.058070    0.017490    8.938588
    0.661692    0.982388   -0.000923    0.005368   -0.005321        2.580238       -2.020652   32.865391   15.125484    0.017490    8.938588
    0.664179    0.982410   -0.001043    0.005463   -0.005231        2.578773       -2.019390   33.002641   15.192901    0.017490    8.938588
    0.666667    0.982435   -0.001166    0.005552   -0.005134        2.577873       -2.018122   33.139894   15.260321    0.017490    8.938588
    0.669154    0.982462   -0.001290    0.005637   -0.005016        2.577610       -2.016846   33.277150   15.327745    0.017490    8.938588
    0.671642    0.982492   -0.001417    0.005715   -0.004863        2.578060       -2.015562   33.414410   15.395172    0.017490    8.938588
    0.674129    0.982525   -0.001544    0.005787   -0.004656        2.579301       -2.014268   33.551675   15.462604    0.017490    8.938588
    0.676617    0.982561   -0.001674    0.005850   -0.004378        2.581412       -2.012965   33.688945   15.530040    0.017490    8.938588
    0.679104    0.982600   -0.001805    0.005904   -0.004009        2.584479       -2.011650   33.826219   15.597482    0.017490    8.938588
    0.681592    0.982641   -0.001936    0.005944   -0.003525        2.588590       -2.010324   33.963500   15.664929    0.017490    8.938588
    0.684080    0.982686   -0.002069    0.005970   -0.002903        2.593837       -2.008984   34.100786   15.732382    0.017490    8.938588
    0.686567    0.982733   -0.002202    0.005976   -0.002115        2.600317       -2.007631   34.238079   15.799841    0.017490    8.938588
    0.689055    0.982784   -0.002334    0.005960   -0.001135        2.608130       -2.006263   34.375378   15.867307    0.017490    8.938588
    0.691542    0.982837   -0.002467    0.005917    0.000069        2.617381       -2.004878   34.512685   15.934780    0.017490    8.938588
    0.694030    0.982893   -0.002597    0.005841    0.001530        2.628180       -2.003476   34.650000   16.002261    0.017490    8.938588
    0.696517    0.982952   -0.002726    0.005727    0.003282        2.640639       -2.002056   34.787323   16.069750    0.017490    8.938588
    0.699005    0.983014   -0.002852    0.005567    0.005363        2.654878       -2.000617   34.924654   16.137246    0.017490    8.938588
    0.701493    0.983079   -0.002973    0.005353    0.007814        2.671017       -1.999157   35.061994   16.204752    0.017490    8.938588
    0.703980    0.983147   -0.003089    0.005079    0.010675        2.689182       -1.997675   35.199343   16.272266    0.017490    8.938588
    0.706468    0.983217   -0.003198    0.004733    0.013994        2.709502       -1.996170   35.336701   16.339790    0.017490    8.938588
    0.708955    0.983289   -0.003299    0.004305    0.017816        2.732106       -1.994642   35.474070   16.407324    0.017490    8.938588
    0.711443    0.983363   -0.003389    0.003784    0.022192        2.757125       -1.993088   35.611449   16.474868    0.017490    8.938588
    0.713930    0.983439   -0.003467    0.003157    0.027175        2.784689       -1.991507   35.748839   16.542422    0.017490    8.938588
    0.716418    0.983517   -0.003529    0.002411    0.032819        2.814926       -1.989900   35.886239   16.609986    0.017490    8.938588
    0.718905    0.983596   -0.003573    0.001530    0.039182        2.847956       -1.988264   36.023650   16.677562    0.017490    8.938588
    0.721393    0.983676   -0.003596    0.000498    0.046324        2.883892       -1.986599   36.161072   16.745148    0.017490    8.938588
    0.723881    0.983756   -0.003594   -0.000702    0.054305        2.922833       -1.984904   36.298506   16.812746    0.017490    8.938588
    0.726368    0.983836   -0.003563   -0.002088    0.063189        2.964862       -1.983180   36.435950   16.880354    0.017490    8.938588
    0.728856    0.983914   -0.003499   -0.003682    0.073039        3.010037       -1.981424   36.573406   16.947973    0.017490    8.938588
    0.731343    0.983991   -0.003398   -0.005504    0.083919        3.058387       -1.979638   36.710873   17.015603    0.017490    8.938588
    0.733831    0.984065   -0.003253   -0.007577    0.095892        3.109900       -1.977822   36.848350   17.083243    0.017490    8.938588
    0.736318    0.984135   -0.003059   -0.009925    0.109022        3.164520       -1.975977   36.985837   17.150893    0.017490    8.938588
    0.738806    0.984200   -0.002809   -0.012573    0.123366        3.222134       -1.974104   37.123333   17.218553    0.017490    8.938588
    0.741294    0.984260   -0.002497   -0.015547    0.138980        3.282557       -1.972205   37.260839   17.286221    0.017490    8.938588
    0.743781    0.984311   -0.002115   -0.018875    0.155915        3.345529       -1.970283   37.398352   17.353897    0.017490    8.938588
    0.746269    0.984353   -0.001655   -0.022586    0.174211        3.410697       -1.968341   37.535872   17.421580    0.017490    8.938588
    0.748756    0.984384   -0.001108   -0.026707    0.193902        3.477606       -1.966382   37.673396   17.489267    0.017490    8.938588
    0.751244    0.984402   -0.000464   -0.031268    0.215007        3.545689       -1.964414   37.810924   17.556958    0.017490    8.938588
    0.753731    0.984404    0.000286   -0.036299    0.237531        3.614261       -1.962441   37.948454   17.624650    0.017490    8.938588
    0.756219    0.984388    0.001154   -0.041828    0.261462        3.682514       -1.960470   38.085983   17.692342    0.017490    8.938588
    0.758706    0.984352    0.002150   -0.047885    0.286769        3.749523       -1.958511   38.223508   17.760030    0.017490    8.938588
    0.761194    0.984291    0.003288   -0.054496    0.313396        3.814251       -1.956573   38.361026   17.827711    0.017490    8.938588
    0.763682    0.984204    0.004578   -0.061687    0.341264        3.875570       -1.954666   38.498534   17.895381    0.017490    8.938588
    0.766169    0.984087    0.006035   -0.069482    0.370269        3.932291       -1.952801   38.636028   17.963037    0.017490    8.938588
    0.768657    0.983934    0.007673   -0.077901    0.400276        3.983195       -1.950991   38.773503   18.030675    0.017490    8.938588
    0.771144    0.983744    0.009504   -0.086962    0.431125        4.027089       -1.949248   38.910954   18.098287    0.017490    8.938588
    0.773632    0.983510    0.011545   -0.096678    0.462632        4.062857       -1.947585   39.048376   18.165869    0.017490    8.938588
    0.776119    0.983229    0.013809   -0.107057    0.494587        4.089522       -1.946014   39.185761   18.233415    0.017490    8.938588
    0.778607    0.982894    0.016311   -0.118105    0.526761        4.106306       -1.944547   39.323104   18.300916    0.017490    8.938588
    0.781095    0.982502    0.019066   -0.129818    0.558910        4.112681       -1.943195   39.460396   18.368364    0.017490    8.938588
    0.783582    0.982045    0.022089   -0.142190    0.590786        4.108423       -1.941967   39.597629   18.435750    0.017490    8.938588
    0.786070    0.981517    0.025394   -0.155209    0.622135        4.093625       -1.940870   39.734793   18.503064    0.017490    8.938588
    0.788557    0.980913    0.028995   -0.168857    0.652713        4.068716       -1.939910   39.871878   18.570294    0.017490    8.938588
    0.791045    0.980226    0.032907   -0.183110    0.682288        4.034435       -1.939088   40.008873   18.637429    0.017490    8.938588
    0.793532    0.979448    0.037143   -0.197940    0.710651        3.991794       -1.938405   40.145765   18.704455    0.017490    8.938588
    0.796020    0.978572    0.041714   -0.213315    0.737616        3.942025       -1.937859   40.282542   18.771356    0.017490    8.938588
    0.798507    0.977591    0.046633   -0.229199    0.763031        3.886505       -1.937443   40.419190   18.838118    0.017490    8.938588
    0.800995    0.976496    0.051910   -0.245553    0.786773        3.826684       -1.937153   40.555692   18.904722    0.017490    8.938588
    0.803483    0.975281    0.057556   -0.262337    0.808756        3.764008       -1.936978   40.692034   18.971150    0.017490    8.938588
    0.805970    0.973935    0.063579   -0.279508    0.828923        3.699854       -1.936910   40.828196   19.037382    0.017490    8.938588
    0.808458    0.972452    0.069988   -0.297024    0.847251        3.635479       -1.936937   40.964161   19.103396    0.017490    8.938588
    0.810945    0.970823    0.076790   -0.314841    0.863743        3.571979       -1.937048   41.099909   19.169168    0.017490    8.938588
    0.813433    0.969038    0.083991   -0.332918    0.878424        3.510266       -1.937232   41.235418   19.234674    0.017490    8.938588
    0.815920    0.967089    0.091597   -0.351214    0.891340        3.451067       -1.937477   41.370667   19.299887    0.017490    8.938588
    0.818408    0.964967    0.099611   -0.369690    0.902551        3.394919       -1.937774   41.505631   19.364780    0.017490    8.938588
    0.820896    0.962663    0.108038   -0.388308    0.912129        3.342192       -1.938111   41.640287   19.429323    0.017490    8.938588
    0.823383    0.960169    0.116880   -0.407031    0.920151        3.293103       -1.938482   41.774607   19.493486    0.017490    8.938588
    0.825871    0.957474    0.126140   -0.425828    0.926702        3.247744       -1.938877   41.908565   19.557234    0.017490    8.938588
    0.828358    0.954571    0.135818   -0.444666    0.931863        3.206102       -1.939289   42.042132   19.620535    0.017490    8.938588
    0.830846    0.951450    0.145914   -0.463517    0.935719        3.168085       -1.939713   42.175278   19.683353    0.017490    8.938588
    0.833333    0.948102    0.156430   -0.482353    0.938350        3.133542       -1.940142   42.307973   19.745651    0.017490    8.938588
    0.835821    0.944519    0.167365   -0.501149    0.939834        3.102281       -1.940574   42.440183   19.807390    0.017490    8.938588
    0.838308    0.940691    0.178716   -0.519883    0.940244        3.074085       -1.941003   42.571876   19.868532    0.017490    8.938588
    0.840796    0.936611    0.190484   -0.538533    0.939648        3.048724       -1.941428   42.703016   19.929036    0.017490    8.938588
    0.843284    0.932269    0.202664   -0.557081    0.938110        3.025964       -1.941846   42.833569   19.988859    0.017490    8.938588
    0.845771    0.927657    0.215256   -0.575507    0.935690        3.005576       -1.942255   42.963495   20.047960    0.017490    8.938588
    0.848259    0.922767    0.228257   -0.593796    0.932440        2.987336       -1.942653   43.092759   20.106296    0.017490    8.938588
    0.850746    0.917592    0.241662   -0.611932    0.928410        2.971036       -1.943040   43.221319   20.163822    0.017490    8.938588
    0.853234    0.912122    0.255468   -0.629903    0.923644        2.956480       -1.943416   43.349136   20.220494    0.017490    8.938588
    0.855721    0.906351    0.269673   -0.647695    0.918184        2.943487       -1.943779   43.476167   20.276267    0.017490    8.938588
    0.858209    0.900272    0.284270   -0.665297    0.912067        2.931892       -1.944129   43.602371   20.331098    0.017490    8.938588
    0.860697    0.893877    0.299257   -0.682698    0.905327        2.921544       -1.944467   43.727704   20.384940    0.017490    8.938588
    0.863184    0.887159    0.314629   -0.699888    0.897994        2.912308       -1.944792   43.852121   20.437751    0.017490    8.938588
    0.865672    0.880113    0.330380   -0.716859    0.890095        2.904062       -1.945105   43.975576   20.489486    0.017490    8.938588
    0.868159    0.872731    0.346506   -0.733602    0.881658        2.896696       -1.945406   44.098023   20.540102    0.017490    8.938588
    0.870647    0.865008    0.363002   -0.750109    0.872704        2.890113       -1.945696   44.219416   20.589558    0.017490    8.938588
    0.873134    0.856939    0.379862   -0.766374    0.863256        2.884226       -1.945974   44.339705   20.637812    0.017490    8.938588
    0.875622    0.848517    0.397081   -0.782389    0.853333        2.878958       -1.946241   44.458843   20.684826    0.017490    8.938588
    0.878109    0.839739    0.414654   -0.798150    0.842953        2.874240       -1.946498   44.576779   20.730561    0.017490    8.938588
    0.880597    0.830600    0.432573   -0.813649    0.832132        2.870011       -1.946744   44.693463   20.774983    0.017490    8.938588
    0.883085    0.821095    0.450835   -0.828882    0.820887        2.866217       -1.946981   44.808845   20.818057    0.017490    8.938588
    0.885572    0.811222    0.469432   -0.843844    0.809232        2.862811       -1.947210   44.922874   20.859753    0.017490    8.938588
    0.888060    0.800977    0.488359   -0.858531    0.797181        2.859750       -1.947429   45.035497   20.900042    0.017490    8.938588
    0.890547    0.790357    0.507610   -0.872938    0.784746        2.856997       -1.947640   45.146663   20.938899    0.017490    8.938588
    0.893035    0.779359    0.527177   -0.887061    0.771940        2.854519       -1.947844   45.256319   20.976302    0.017490    8.938588
    0.895522    0.767983    0.547056   -0.900897    0.758774        2.852286       -1.948040   45.364411   21.012231    0.017490    8.938588
    0.898010    0.756226    0.567239   -0.914442    0.745260        2.850272       -1.948229   45.470888   21.046671    0.017490    8.938588
    0.900498    0.744089    0.587719   -0.927693    0.731408        2.848455       -1.948412   45.575696   21.079611    0.017490    8.938588
    0.902985    0.731569    0.608491   -0.940647    0.717228        2.846814       -1.948588   45.678782   21.111042    0.017490    8.938588
    0.905473    0.718668    0.629548   -0.953301    0.702730        2.845330       -1.948759   45.780091   21.140961    0.017490    8.938588
    0.907960    0.705386    0.650883   -0.965652    0.687924        2.843988       -1.948924   45.879572   21.169367    0.017490    8.938588
    0.910448    0.691724    0.672489   -0.977698    0.672819        2.842773       -1.949084   45.977170   21.196266    0.017490    8.938588
    0.912935    0.677684    0.694360   -0.989436    0.657424        2.841673       -1.949239   46.072834   21.221664    0.017490    8.938588
    0.915423    0.663269    0.716488   -1.000865    0.641749        2.840676       -1.949389   46.166509   21.245577    0.017490    8.938588
    0.917910    0.648480    0.738866   -1.011981    0.625801        2.839771       -1.949535   46.258145   21.268020    0.017490    8.938588
    0.920398    0.633321    0.761489   -1.022784    0.609590        2.838951       -1.949677   46.347688   21.289015    0.017490    8.938588
    0.922886    0.617796    0.784348   -1.033271    0.593124        2.838206       -1.949815   46.435088   21.308589    0.017490    8.938588
    0.925373    0.601910    0.807436   -1.043440    0.576411        2.837530       -1.949949   46.520294   21.326771    0.017490    8.938588
    0.927861    0.585667    0.830748   -1.053290    0.559460        2.836915       -1.950080   46.603256   21.343594    0.017490    8.938588
    0.930348    0.569073    0.854275   -1.062820    0.542279        2.836357       -1.950209   46.683923   21.359098    0.017490    8.938588
    0.932836    0.552134    0.878010   -1.072026    0.524877        2.835851       -1.950334   46.762248   21.373323    0.017490    8.938588
    0.935323    0.534857    0.901946   -1.080910    0.507260        2.835390       -1.950456   46.838183   21.386315    0.017490    8.938588
    0.937811    0.517248    0.926076   -1.089468    0.489438        2.834972       -1.950576   46.911681   21.398123    0.017490    8.938588
    0.940299    0.499316    0.950393   -1.097699    0.471418        2.834593       -1.950694   46.982696   21.408796    0.017490    8.938588
    0.942786    0.481068    0.974889   -1.105604    0.453208        2.834248       -1.950810   47.051183   21.418391    0.017490    8.938588
    0.945274    0.462513    0.999557   -1.113179    0.434816        2.833936       -1.950923   47.117100   21.426962    0.017490    8.938588
    0.947761    0.443661    1.024390   -1.120425    0.416251        2.833652       -1.951035   47.180404   21.434569    0.017490    8.938588
    0.950249    0.424521    1.049381   -1.127341    0.397519        2.833396       -1.951146   47.241053   21.441272    0.017490    8.938588
    0.952736    0.405103    1.074521   -1.133924    0.378629        2.833164       -1.951255   47.299009   21.447131    0.017490    8.938588
    0.955224    0.385419    1.099804   -1.140176    0.359589        2.832954       -1.951362   47.354233   21.452210    0.017490    8.938588
    0.957711    0.365478    1.125223   -1.146094    0.340406        2.832766       -1.951469   47.406690   21.456569    0.017490    8.938588
    0.960199    0.345294    1.150769   -1.151678    0.321089        2.832596       -1.951574   47.456343   21.460273    0.017490    8.938588
    0.962687    0.324877    1.176436   -1.156927    0.301644        2.832443       -1.951679   47.503160   21.463383    0.017490    8.938588
    0.965174    0.304241    1.202216   -1.161840    0.282081        2.832307       -1.951783   47.547109   21.465959    0.017490    8.938588
    0.967662    0.283398    1.228101   -1.166418    0.262405        2.832186       -1.951887   47.588160   21.468061    0.017490    8.938588
    0.970149    0.262361    1.254085   -1.170659    0.242627        2.832078       -1.951990   47.626286   21.469748    0.017490    8.938588
    0.972637    0.241144    1.280159   -1.174562    0.222752        2.831983       -1.952093   47.661460   21.471074    0.017490    8.938588
    0.975124    0.219760    1.306316   -1.178128    0.202789        2.831899       -1.952196   47.693658   21.472093    0.017490    8.938588
    0.977612    0.198224    1.332548   -1.181356    0.182746        2.831827       -1.952299   47.722857   21.472854    0.017490    8.938588
    0.980100    0.176550    1.358849   -1.184246    0.162630        2.831765       -1.952402   47.749039   21.473404    0.017490    8.938588
    0.982587    0.154753    1.385210   -1.186796    0.142448        2.831712       -1.952506   47.772183   21.473784    0.017490    8.938588
    0.985075    0.132848    1.411624   -1.189007    0.122210        2.831668       -1.952610   47.792274   21.474033    0.017490    8.938588
    0.987562    0.110850    1.438083   -1.190878    0.101921        2.831632       -1.952714   47.809299   21.474185    0.017490    8.938588
    0.990050    0.088774    1.464580   -1.192410    0.081590        2.831603       -1.952820   47.823244   21.474269    0.017490    8.938588
    0.992537    0.066635    1.491108   -1.193601    0.061225        2.831582       -1.952926   47.834101   21.474309    0.017490    8.938588
    0.995025    0.044450    1.517658   -1.194453    0.040834        2.831568       -1.953033   47.841861   21.474324    0.017490    8.938588
    0.997512    0.022233    1.544223   -1.194963    0.020423        2.831559       -1.953141   47.846519   21.474327    0.017490    8.938588
    1.000000    0.000000    1.570796   -1.195134    0.000000        2.831556       -1.953251   47.848072   21.474328    0.017490    8.938588
