           t           r         psi          cs          qs               p             sig           A           V          Q2           S
    0.000000   -0.000000   -1.570796   -0.846873    0.000000      -10.308331       19.298939   -0.000000   -0.000000    0.253169    3.225136
    0.009804    0.031615   -1.543976   -0.850953    0.340257      -10.336533       18.509301    0.003141    0.000001    0.253169    3.225136
    0.019608    0.063208   -1.516902   -0.862768    0.656144      -10.425037       17.745125    0.012560    0.000011    0.253169    3.225136
    0.029412    0.094753   -1.489341   -0.881754    0.950922      -10.579431       17.005669    0.028252    0.000054    0.253169    3.225136
    0.039216    0.126227   -1.461072   -0.907421    1.226862      -10.806070       16.290375    0.050204    0.000172    0.253169    3.225136
    0.049020    0.157601   -1.431891   -0.939328    1.485347      -11.112395       15.598890    0.078400    0.000423    0.253169    3.225136
    0.058824    0.188845   -1.401609   -0.977058    1.726943      -11.507086       14.931105    0.112816    0.000884    0.253169    3.225136
    0.068627    0.219924   -1.370047   -1.020202    1.951449      -12.000175       14.287184    0.153424    0.001652    0.253169    3.225136
    0.078431    0.250799   -1.337041   -1.068335    2.157940      -12.603127       13.667612    0.200187    0.002843    0.253169    3.225136
    0.088235    0.281427   -1.302440   -1.120999    2.344794      -13.328886       13.073244    0.253059    0.004596    0.253169    3.225136
    0.098039    0.311756   -1.266109   -1.177686    2.509720      -14.191874       12.505366    0.311988    0.007072    0.253169    3.225136
    0.107843    0.341732   -1.227929   -1.237821    2.649785      -15.207896       11.965768    0.376908    0.010453    0.253169    3.225136
    0.117647    0.371291   -1.187802   -1.300743    2.761455      -16.393923       11.456821    0.447743    0.014943    0.253169    3.225136
    0.127451    0.400364   -1.145652   -1.365692    2.840654      -17.767699       10.981573    0.524403    0.020766    0.253169    3.225136
    0.137255    0.428873   -1.101426   -1.431794    2.882842      -19.347093       10.543855    0.606784    0.028160    0.253169    3.225136
    0.147059    0.456734   -1.055106   -1.498050    2.883137      -21.149123       10.148384    0.694766    0.037380    0.253169    3.225136
    0.156863    0.483855   -1.006703   -1.563326    2.836485      -23.188558        9.800886    0.788212    0.048684    0.253169    3.225136
    0.166667    0.510141   -0.956268   -1.626353    2.737886      -25.476010        9.508197    0.886964    0.062333    0.253169    3.225136
    0.176471    0.535489   -0.903894   -1.685725    2.582699      -28.015455        9.278348    0.990847    0.078575    0.253169    3.225136
    0.186275    0.559795   -0.849721   -1.739914    2.367019      -30.801171        9.120619    1.099664    0.097643    0.253169    3.225136
    0.196078    0.582952   -0.793938   -1.787291    2.088144      -33.814215        9.045507    1.213197    0.119738    0.253169    3.225136
    0.205882    0.604857   -0.736786   -1.826160    1.745104      -37.018698        9.064607    1.331209    0.145019    0.253169    3.225136
    0.215686    0.625410   -0.678563   -1.854814    1.339244      -40.358397        9.190346    1.453439    0.173596    0.253169    3.225136
    0.225490    0.644521   -0.619617   -1.871597    0.874786      -43.754463        9.435536    1.579611    0.205517    0.253169    3.225136
    0.235294    0.662110   -0.560348   -1.874989    0.359315      -47.105243        9.812719    1.709429    0.240764    0.253169    3.225136
    0.245098    0.678112   -0.501201   -1.863704   -0.195929      -50.289295       10.333314    1.842586    0.279251    0.253169    3.225136
    0.254902    0.692482   -0.442656   -1.836790   -0.776061      -53.172430       11.006571    1.978759    0.320820    0.253169    3.225136
    0.264706    0.705195   -0.385216   -1.793731   -1.362972      -55.618958       11.838460    2.117624    0.365253    0.253169    3.225136
    0.274510    0.716247   -0.329394   -1.734533   -1.936211      -57.506263       12.830597    2.258849    0.412279    0.253169    3.225136
    0.284314    0.725661   -0.275692   -1.659775   -2.474320      -58.740613       13.979416    2.402106    0.461583    0.253169    3.225136
    0.294118    0.733480   -0.224585   -1.570633   -2.956494      -59.271142       15.275740    2.547074    0.512828    0.253169    3.225136
    0.303922    0.739770   -0.176502   -1.468840   -3.364350      -59.098819       16.704910    2.693443    0.565665    0.253169    3.225136
    0.313725    0.744615   -0.131809   -1.356613   -3.683527      -58.278049       18.247479    2.840916    0.619749    0.253169    3.225136
    0.323529    0.748117   -0.090796   -1.236522   -3.904860      -56.910349       19.880438    2.989216    0.674756    0.253169    3.225136
    0.333333    0.750388   -0.053667   -1.111348   -4.024935      -55.131530       21.578753    3.138088    0.730388    0.253169    3.225136
    0.343137    0.751551   -0.020540   -0.983921   -4.045966      -53.095318       23.317024    3.287298    0.786380    0.253169    3.225136
    0.352941    0.751729    0.008559   -0.856967   -3.975086      -50.956822       25.070991    3.436640    0.842509    0.253169    3.225136
    0.362745    0.751051    0.033684   -0.732989   -3.823217      -48.858724       26.818754    3.585931    0.898587    0.253169    3.225136
    0.372549    0.749640    0.054966   -0.614167   -3.603742      -46.921808       28.541575    3.735011    0.954466    0.253169    3.225136
    0.382353    0.747616    0.072596   -0.502304   -3.331193      -45.240200       30.224282    3.883749    1.010029    0.253169    3.225136
    0.392157    0.745090    0.086819   -0.398807   -3.020108      -43.880658       31.855308    4.032033    1.065190    0.253169    3.225136
    0.401961    0.742165    0.097915   -0.304688   -2.684140      -42.884762       33.426470    4.179773    1.119889    0.253169    3.225136
    0.411765    0.738937    0.106193   -0.220595   -2.335456      -42.272778       34.932573    4.326902    1.174083    0.253169    3.225136
    0.421569    0.735489    0.111974   -0.146853   -1.984394      -42.048160       36.370927    4.473365    1.227750    0.253169    3.225136
    0.431373    0.731894    0.115589   -0.083513   -1.639338      -42.201975       37.740855    4.619128    1.280876    0.253169    3.225136
    0.441176    0.728215    0.117363   -0.030403   -1.306763      -42.716809       39.043214    4.764167    1.333461    0.253169    3.225136
    0.450980    0.724505    0.117616    0.012822   -0.991376      -43.569988       40.279977    4.908472    1.385507    0.253169    3.225136
    0.460784    0.720807    0.116652    0.046636   -0.696334      -44.736083       41.453877    5.052040    1.437026    0.253169    3.225136
    0.470588    0.717154    0.114760    0.071602   -0.423475      -46.188754       42.568116    5.194877    1.488031    0.253169    3.225136
    0.480392    0.713572    0.112210    0.088338   -0.173567      -47.902048       43.626129    5.336995    1.538536    0.253169    3.225136
    0.490196    0.710078    0.109254    0.097491    0.053474      -49.851270       44.631410    5.478411    1.588559    0.253169    3.225136
    0.500000    0.706679    0.106118    0.099713    0.258374      -52.013516       45.587370    5.619141    1.638115    0.253169    3.225136
    0.509804    0.703379    0.103014    0.095644    0.442324      -54.367965       46.497245    5.759206    1.687220    0.253169    3.225136
    0.519608    0.700174    0.100130    0.085900    0.606838      -56.896010       47.364014    5.898625    1.735888    0.253169    3.225136
    0.529412    0.697054    0.097636    0.071062    0.753621      -59.581259       48.190359    6.037416    1.784131    0.253169    3.225136
    0.539216    0.694004    0.095684    0.051671    0.884480      -62.409466       48.978625    6.175594    1.831960    0.253169    3.225136
    0.549020    0.691005    0.094411    0.028223    1.001243      -65.368402       49.730802    6.313172    1.879382    0.253169    3.225136
    0.558824    0.688034    0.093937    0.001170    1.105702      -68.447700       50.448514    6.450157    1.926400    0.253169    3.225136
    0.568627    0.685064    0.094371   -0.029087    1.199564      -71.638672       51.133019    6.586552    1.973014    0.253169    3.225136
    0.578431    0.682064    0.095807   -0.062189    1.284425      -74.934104       51.785212    6.722355    2.019220    0.253169    3.225136
    0.588235    0.679003    0.098330   -0.097822    1.361742      -78.328046       52.405633    6.857557    2.065009    0.253169    3.225136
    0.598039    0.675844    0.102016   -0.135712    1.432820      -81.815585       52.994486    6.992141    2.110367    0.253169    3.225136
    0.607843    0.672550    0.106933   -0.175625    1.498796      -85.392603       53.551657    7.126085    2.155275    0.253169    3.225136
    0.617647    0.669081    0.113142   -0.217357    1.560643      -89.055522       54.076743    7.259358    2.199707    0.253169    3.225136
    0.627451    0.665396    0.120696   -0.260736    1.619158      -92.801042       54.569080    7.391920    2.243632    0.253169    3.225136
    0.637255    0.661453    0.129646   -0.305615    1.674967      -96.625860       55.027777    7.523726    2.287014    0.253169    3.225136
    0.647059    0.657206    0.140037   -0.351866    1.728531     -100.526388       55.451764    7.654719    2.329808    0.253169    3.225136
    0.656863    0.652611    0.151911   -0.399379    1.780148     -104.498472       55.839829    7.784835    2.371965    0.253169    3.225136
    0.666667    0.647621    0.165305   -0.448054    1.829963     -108.537111       56.190674    7.913999    2.413426    0.253169    3.225136
    0.676471    0.642189    0.180256   -0.497799    1.877981     -112.636202       56.502962    8.042128    2.454130    0.253169    3.225136
    0.686275    0.636267    0.196795   -0.548527    1.924082     -116.788314       56.775375    8.169131    2.494007    0.253169    3.225136
    0.696078    0.629808    0.214953   -0.600151    1.968034     -120.984509       57.006663    8.294904    2.532980    0.253169    3.225136
    0.705882    0.622762    0.234756   -0.652581    2.009517     -125.214214       57.195700    8.419337    2.570968    0.253169    3.225136
    0.715686    0.615082    0.256228   -0.705723    2.048142     -129.465174       57.341531    8.542308    2.607887    0.253169    3.225136
    0.725490    0.606720    0.279391   -0.759477    2.083474     -133.723477       57.443414    8.663686    2.643645    0.253169    3.225136
    0.735294    0.597627    0.304261   -0.813733    2.115054     -137.973670       57.500857    8.783331    2.678151    0.253169    3.225136
    0.745098    0.587759    0.330854   -0.868376    2.142424     -142.198952       57.513640    8.901093    2.711311    0.253169    3.225136
    0.754902    0.577070    0.359179   -0.923284    2.165147     -146.381460       57.481836    9.016814    2.743030    0.253169    3.225136
    0.764706    0.565517    0.389242   -0.978325    2.182822     -150.502611       57.405812    9.130327    2.773217    0.253169    3.225136
    0.774510    0.553059    0.421046   -1.033365    2.195103     -154.543498       57.286225    9.241455    2.801785    0.253169    3.225136
    0.784314    0.539658    0.454588   -1.088265    2.201706     -158.485326       57.124002    9.350014    2.828651    0.253169    3.225136
    0.794118    0.525281    0.489863   -1.142883    2.202412     -162.309841       56.920314    9.455815    2.853745    0.253169    3.225136
    0.803922    0.509895    0.526857   -1.197078    2.197070     -165.999753       56.676543    9.558660    2.877003    0.253169    3.225136
    0.813725    0.493475    0.565557   -1.250710    2.185580     -169.539117       56.394237    9.658346    2.898379    0.253169    3.225136
    0.823529    0.476000    0.605942   -1.303641    2.167888     -172.913658       56.075065    9.754666    2.917842    0.253169    3.225136
    0.833333    0.457455    0.647988   -1.355739    2.143962     -176.111023       55.720769    9.847408    2.935378    0.253169    3.225136
    0.843137    0.437829    0.691666   -1.406874    2.113762     -179.120958       55.333114    9.936358    2.950995    0.253169    3.225136
    0.852941    0.417121    0.736945   -1.456919    2.077213     -181.935400       54.913841   10.021301    2.964723    0.253169    3.225136
    0.862745    0.395334    0.783786   -1.505751    2.034169     -184.548492       54.464623   10.102023    2.976613    0.253169    3.225136
    0.872549    0.372482    0.832151   -1.553244    1.984366     -186.956525       53.987027   10.178311    2.986742    0.253169    3.225136
    0.882353    0.348586    0.881995   -1.599269    1.927376     -189.157823       53.482476   10.249954    2.995208    0.253169    3.225136
    0.892157    0.323673    0.933269   -1.643688    1.862554     -191.152575       52.952223   10.316749    3.002129    0.253169    3.225136
    0.901961    0.297784    0.985920   -1.686347    1.788980     -192.942636       52.397328   10.378497    3.007645    0.253169    3.225136
    0.911765    0.270964    1.039889   -1.727067    1.705387     -194.531312       51.818642   10.435008    3.011909    0.253169    3.225136
    0.921569    0.243271    1.095113   -1.765635    1.610084     -195.923125       51.216796   10.486102    3.015087    0.253169    3.225136
    0.931373    0.214770    1.151519   -1.801794    1.500873     -197.123601       50.592201   10.531614    3.017351    0.253169    3.225136
    0.941176    0.185537    1.209026   -1.835223    1.374940     -198.139053       49.945041   10.571390    3.018875    0.253169    3.225136
    0.950980    0.155655    1.267542   -1.865522    1.228746     -198.976406       49.275289   10.605292    3.019827    0.253169    3.225136
    0.960784    0.125217    1.326960   -1.892190    1.057886     -199.643037       48.582712   10.633200    3.020362    0.253169    3.225136
    0.970588    0.094322    1.387155   -1.914599    0.856936     -200.146671       47.866890   10.655015    3.020621    0.253169    3.225136
    0.980392    0.063079    1.447982   -1.931964    0.619270     -200.495330       47.127233   10.670655    3.020719    0.253169    3.225136
    0.990196    0.031599    1.509265   -1.943304    0.336855     -200.697405       46.363010   10.680062    3.020742    0.253169    3.225136
    1.000000   -0.000000    1.570796   -1.947401    0.000000     -200.762163       45.573368   10.683202    3.020743    0.253169    3.225136
