           t           r         psi          cs          qs               p             sig           A           V          Q2           S
    0.000000    0.000000   -1.570796   -1.294758    0.000000        5.977865       -3.112808   -0.000000   -0.000000    0.152238    7.074807
    0.002488    0.017597   -1.548011   -1.294637   -0.018327        5.977864       -3.112870    0.000973    0.000000    0.152238    7.074807
    0.004975    0.035186   -1.525229   -1.294274   -0.036648        5.977859       -3.112932    0.003891    0.000002    0.152238    7.074807
    0.007463    0.052756   -1.502456   -1.293670   -0.054953        5.977851       -3.112993    0.008754    0.000008    0.152238    7.074807
    0.009950    0.070299   -1.479696   -1.292823   -0.073235        5.977839       -3.113053    0.015558    0.000025    0.152238    7.074807
    0.012438    0.087805   -1.456953   -1.291735   -0.091485        5.977824       -3.113113    0.024300    0.000061    0.152238    7.074807
    0.014925    0.105266   -1.434231   -1.290406   -0.109695        5.977805       -3.113171    0.034975    0.000126    0.152238    7.074807
    0.017413    0.122672   -1.411534   -1.288836   -0.127856        5.977781       -3.113230    0.047578    0.000232    0.152238    7.074807
    0.019900    0.140016   -1.388868   -1.287026   -0.145959        5.977754       -3.113287    0.062102    0.000395    0.152238    7.074807
    0.022388    0.157287   -1.366235   -1.284976   -0.163997        5.977722       -3.113344    0.078540    0.000630    0.152238    7.074807
    0.024876    0.174477   -1.343640   -1.282687   -0.181961        5.977685       -3.113401    0.096884    0.000957    0.152238    7.074807
    0.027363    0.191578   -1.321088   -1.280158   -0.199842        5.977643       -3.113457    0.117124    0.001395    0.152238    7.074807
    0.029851    0.208580   -1.298583   -1.277392   -0.217633        5.977596       -3.113512    0.139249    0.001967    0.152238    7.074807
    0.032338    0.225477   -1.276128   -1.274388   -0.235324        5.977544       -3.113567    0.163248    0.002697    0.152238    7.074807
    0.034826    0.242259   -1.253728   -1.271148   -0.252909        5.977486       -3.113622    0.189110    0.003609    0.152238    7.074807
    0.037313    0.258918   -1.231387   -1.267672   -0.270377        5.977422       -3.113676    0.216821    0.004729    0.152238    7.074807
    0.039801    0.275446   -1.209110   -1.263962   -0.287723        5.977352       -3.113730    0.246366    0.006086    0.152238    7.074807
    0.042289    0.291836   -1.186900   -1.260018   -0.304936        5.977275       -3.113784    0.277732    0.007708    0.152238    7.074807
    0.044776    0.308080   -1.164761   -1.255842   -0.322009        5.977191       -3.113837    0.310902    0.009623    0.152238    7.074807
    0.047264    0.324170   -1.142698   -1.251434   -0.338934        5.977100       -3.113890    0.345860    0.011863    0.152238    7.074807
    0.049751    0.340099   -1.120714   -1.246796   -0.355703        5.977001       -3.113942    0.382588    0.014457    0.152238    7.074807
    0.052239    0.355860   -1.098814   -1.241930   -0.372309        5.976895       -3.113994    0.421069    0.017438    0.152238    7.074807
    0.054726    0.371446   -1.077002   -1.236836   -0.388742        5.976780       -3.114046    0.461282    0.020834    0.152238    7.074807
    0.057214    0.386851   -1.055282   -1.231516   -0.404996        5.976656       -3.114098    0.503210    0.024679    0.152238    7.074807
    0.059701    0.402068   -1.033657   -1.225972   -0.421062        5.976523       -3.114149    0.546830    0.029003    0.152238    7.074807
    0.062189    0.417090   -1.012131   -1.220205   -0.436933        5.976380       -3.114200    0.592122    0.033836    0.152238    7.074807
    0.064677    0.431913   -0.990709   -1.214217   -0.452601        5.976227       -3.114251    0.639064    0.039209    0.152238    7.074807
    0.067164    0.446529   -0.969394   -1.208009   -0.468059        5.976063       -3.114301    0.687634    0.045152    0.152238    7.074807
    0.069652    0.460933   -0.948191   -1.201584   -0.483299        5.975888       -3.114351    0.737809    0.051693    0.152238    7.074807
    0.072139    0.475121   -0.927102   -1.194942   -0.498313        5.975701       -3.114400    0.789565    0.058862    0.152238    7.074807
    0.074627    0.489086   -0.906132   -1.188087   -0.513095        5.975502       -3.114450    0.842877    0.066683    0.152238    7.074807
    0.077114    0.502824   -0.885285   -1.181020   -0.527637        5.975290       -3.114498    0.897720    0.075185    0.152238    7.074807
    0.079602    0.516331   -0.864564   -1.173743   -0.541933        5.975065       -3.114547    0.954071    0.084390    0.152238    7.074807
    0.082090    0.529602   -0.843973   -1.166258   -0.555974        5.974825       -3.114595    1.011901    0.094324    0.152238    7.074807
    0.084577    0.542633   -0.823515   -1.158568   -0.569754        5.974571       -3.114642    1.071186    0.105007    0.152238    7.074807
    0.087065    0.555420   -0.803195   -1.150674   -0.583267        5.974302       -3.114689    1.131899    0.116459    0.152238    7.074807
    0.089552    0.567959   -0.783015   -1.142579   -0.596505        5.974016       -3.114735    1.194011    0.128701    0.152238    7.074807
    0.092040    0.580248   -0.762979   -1.134286   -0.609462        5.973715       -3.114780    1.257497    0.141747    0.152238    7.074807
    0.094527    0.592283   -0.743091   -1.125796   -0.622131        5.973396       -3.114825    1.322327    0.155615    0.152238    7.074807
    0.097015    0.604061   -0.723355   -1.117113   -0.634506        5.973060       -3.114868    1.388474    0.170316    0.152238    7.074807
    0.099502    0.615580   -0.703772   -1.108239   -0.646581        5.972707       -3.114911    1.455909    0.185863    0.152238    7.074807
    0.101990    0.626837   -0.684348   -1.099176   -0.658349        5.972334       -3.114952    1.524604    0.202266    0.152238    7.074807
    0.104478    0.637830   -0.665085   -1.089928   -0.669805        5.971943       -3.114992    1.594528    0.219531    0.152238    7.074807
    0.106965    0.648558   -0.645986   -1.080496   -0.680943        5.971533       -3.115031    1.665654    0.237665    0.152238    7.074807
    0.109453    0.659018   -0.627054   -1.070884   -0.691756        5.971103       -3.115068    1.737951    0.256672    0.152238    7.074807
    0.111940    0.669210   -0.608294   -1.061095   -0.702239        5.970654       -3.115104    1.811390    0.276554    0.152238    7.074807
    0.114428    0.679133   -0.589707   -1.051132   -0.712388        5.970185       -3.115137    1.885941    0.297310    0.152238    7.074807
    0.116915    0.688784   -0.571297   -1.040998   -0.722195        5.969697       -3.115169    1.961574    0.318940    0.152238    7.074807
    0.119403    0.698165   -0.553067   -1.030695   -0.731657        5.969190       -3.115198    2.038259    0.341439    0.152238    7.074807
    0.121891    0.707274   -0.535019   -1.020227   -0.740768        5.968665       -3.115225    2.115967    0.364802    0.152238    7.074807
    0.124378    0.716111   -0.517158   -1.009598   -0.749522        5.968121       -3.115249    2.194667    0.389021    0.152238    7.074807
    0.126866    0.724676   -0.499484   -0.998809   -0.757916        5.967561       -3.115269    2.274329    0.414089    0.152238    7.074807
    0.129353    0.732970   -0.482002   -0.987866   -0.765945        5.966986       -3.115287    2.354923    0.439994    0.152238    7.074807
    0.131841    0.740993   -0.464714   -0.976770   -0.773604        5.966396       -3.115301    2.436420    0.466724    0.152238    7.074807
    0.134328    0.748745   -0.447623   -0.965527   -0.780888        5.965795       -3.115311    2.518788    0.494265    0.152238    7.074807
    0.136816    0.756227   -0.430731   -0.954138   -0.787794        5.965183       -3.115317    2.601999    0.522603    0.152238    7.074807
    0.139303    0.763442   -0.414040   -0.942608   -0.794317        5.964565       -3.115318    2.686022    0.551721    0.152238    7.074807
    0.141791    0.770388   -0.397553   -0.930940   -0.800453        5.963943       -3.115315    2.770829    0.581601    0.152238    7.074807
    0.144279    0.777069   -0.381273   -0.919137   -0.806199        5.963321       -3.115306    2.856388    0.612224    0.152238    7.074807
    0.146766    0.783486   -0.365202   -0.907205   -0.811550        5.962703       -3.115291    2.942672    0.643570    0.152238    7.074807
    0.149254    0.789641   -0.349342   -0.895146   -0.816503        5.962093       -3.115271    3.029651    0.675618    0.152238    7.074807
    0.151741    0.795535   -0.333696   -0.882964   -0.821054        5.961497       -3.115244    3.117296    0.708347    0.152238    7.074807
    0.154229    0.801170   -0.318264   -0.870664   -0.825201        5.960919       -3.115210    3.205579    0.741732    0.152238    7.074807
    0.156716    0.806549   -0.303051   -0.858248   -0.828939        5.960366       -3.115169    3.294470    0.775751    0.152238    7.074807
    0.159204    0.811675   -0.288056   -0.845722   -0.832265        5.959844       -3.115120    3.383943    0.810380    0.152238    7.074807
    0.161692    0.816550   -0.273284   -0.833089   -0.835177        5.959359       -3.115064    3.473968    0.845592    0.152238    7.074807
    0.164179    0.821176   -0.258734   -0.820354   -0.837670        5.958918       -3.114999    3.564518    0.881363    0.152238    7.074807
    0.166667    0.825556   -0.244409   -0.807520   -0.839743        5.958528       -3.114926    3.655567    0.917667    0.152238    7.074807
    0.169154    0.829694   -0.230311   -0.794592   -0.841393        5.958196       -3.114844    3.747086    0.954478    0.152238    7.074807
    0.171642    0.833592   -0.216442   -0.781575   -0.842616        5.957928       -3.114753    3.839050    0.991769    0.152238    7.074807
    0.174129    0.837254   -0.202802   -0.768472   -0.843411        5.957731       -3.114653    3.931431    1.029514    0.152238    7.074807
    0.176617    0.840683   -0.189394   -0.755289   -0.843774        5.957611       -3.114544    4.024205    1.067687    0.152238    7.074807
    0.179104    0.843882   -0.176218   -0.742030   -0.843704        5.957574       -3.114425    4.117345    1.106259    0.152238    7.074807
    0.181592    0.846855   -0.163276   -0.728699   -0.843198        5.957623       -3.114297    4.210826    1.145205    0.152238    7.074807
    0.184080    0.849605   -0.150569   -0.715301   -0.842255        5.957763       -3.114160    4.304623    1.184498    0.152238    7.074807
    0.186567    0.852136   -0.138099   -0.701841   -0.840873        5.957996       -3.114014    4.398713    1.224111    0.152238    7.074807
    0.189055    0.854451   -0.125866   -0.688324   -0.839050        5.958323       -3.113859    4.493070    1.264019    0.152238    7.074807
    0.191542    0.856555   -0.113872   -0.674755   -0.836785        5.958744       -3.113696    4.587672    1.304195    0.152238    7.074807
    0.194030    0.858452   -0.102116   -0.661138   -0.834078        5.959258       -3.113524    4.682495    1.344615    0.152238    7.074807
    0.196517    0.860145   -0.090601   -0.647478   -0.830927        5.959861       -3.113345    4.777516    1.385252    0.152238    7.074807
    0.199005    0.861638   -0.079327   -0.633782   -0.827333        5.960548       -3.113160    4.872713    1.426082    0.152238    7.074807
    0.201493    0.862935   -0.068294   -0.620053   -0.823295        5.961315       -3.112968    4.968065    1.467081    0.152238    7.074807
    0.203980    0.864041   -0.057502   -0.606297   -0.818816        5.962153       -3.112770    5.063549    1.508225    0.152238    7.074807
    0.206468    0.864960   -0.046953   -0.592520   -0.813894        5.963054       -3.112567    5.159146    1.549491    0.152238    7.074807
    0.208955    0.865695   -0.036647   -0.578726   -0.808533        5.964008       -3.112361    5.254833    1.590856    0.152238    7.074807
    0.211443    0.866251   -0.026583   -0.564920   -0.802735        5.965005       -3.112151    5.350592    1.632298    0.152238    7.074807
    0.213930    0.866632   -0.016763   -0.551109   -0.796501        5.966033       -3.111939    5.446403    1.673796    0.152238    7.074807
    0.216418    0.866842   -0.007185   -0.537297   -0.789835        5.967082       -3.111725    5.542247    1.715329    0.152238    7.074807
    0.218905    0.866886    0.002149   -0.523490   -0.782741        5.968140       -3.111511    5.638104    1.756877    0.152238    7.074807
    0.221393    0.866768    0.011241   -0.509693   -0.775222        5.969195       -3.111297    5.733958    1.798421    0.152238    7.074807
    0.223881    0.866492    0.020089   -0.495912   -0.767285        5.970237       -3.111084    5.829789    1.839941    0.152238    7.074807
    0.226368    0.866062    0.028696   -0.482151   -0.758933        5.971254       -3.110872    5.925582    1.881421    0.152238    7.074807
    0.228856    0.865483    0.037060   -0.468417   -0.750173        5.972237       -3.110664    6.021318    1.922842    0.152238    7.074807
    0.231343    0.864759    0.045183   -0.454714   -0.741011        5.973178       -3.110458    6.116983    1.964188    0.152238    7.074807
    0.233831    0.863895    0.053066   -0.441049   -0.731455        5.974068       -3.110256    6.212560    2.005444    0.152238    7.074807
    0.236318    0.862894    0.060708   -0.427425   -0.721510        5.974900       -3.110059    6.308033    2.046593    0.152238    7.074807
    0.238806    0.861761    0.068110   -0.413850   -0.711185        5.975669       -3.109867    6.403389    2.087622    0.152238    7.074807
    0.241294    0.860500    0.075275   -0.400327   -0.700489        5.976370       -3.109680    6.498612    2.128517    0.152238    7.074807
    0.243781    0.859115    0.082201   -0.386862   -0.689429        5.977000       -3.109499    6.593689    2.169264    0.152238    7.074807
    0.246269    0.857611    0.088892   -0.373461   -0.678016        5.977556       -3.109324    6.688606    2.209852    0.152238    7.074807
    0.248756    0.855992    0.095347   -0.360128   -0.666258        5.978037       -3.109156    6.783350    2.250269    0.152238    7.074807
    0.251244    0.854262    0.101568   -0.346869   -0.654165        5.978442       -3.108994    6.877910    2.290504    0.152238    7.074807
    0.253731    0.852424    0.107557   -0.333688   -0.641747        5.978771       -3.108839    6.972271    2.330546    0.152238    7.074807
    0.256219    0.850484    0.113314   -0.320592   -0.629016        5.979027       -3.108691    7.066424    2.370385    0.152238    7.074807
    0.258706    0.848446    0.118841   -0.307583   -0.615982        5.979209       -3.108550    7.160357    2.410013    0.152238    7.074807
    0.261194    0.846313    0.124141   -0.294668   -0.602656        5.979321       -3.108415    7.254060    2.449422    0.152238    7.074807
    0.263682    0.844089    0.129214   -0.281852   -0.589050        5.979365       -3.108288    7.347521    2.488602    0.152238    7.074807
    0.266169    0.841779    0.134062   -0.269138   -0.575175        5.979345       -3.108167    7.440732    2.527548    0.152238    7.074807
    0.268657    0.839386    0.138687   -0.256533   -0.561045        5.979262       -3.108054    7.533682    2.566252    0.152238    7.074807
    0.271144    0.836914    0.143092   -0.244040   -0.546671        5.979122       -3.107947    7.626364    2.604708    0.152238    7.074807
    0.273632    0.834368    0.147278   -0.231663   -0.532066        5.978927       -3.107846    7.718768    2.642910    0.152238    7.074807
    0.276119    0.831750    0.151247   -0.219408   -0.517244        5.978681       -3.107752    7.810886    2.680853    0.152238    7.074807
    0.278607    0.829065    0.155001   -0.207279   -0.502217        5.978388       -3.107664    7.902712    2.718534    0.152238    7.074807
    0.281095    0.826317    0.158543   -0.195280   -0.487001        5.978050       -3.107582    7.994237    2.755947    0.152238    7.074807
    0.283582    0.823510    0.161876   -0.183416   -0.471607        5.977673       -3.107506    8.085455    2.793088    0.152238    7.074807
    0.286070    0.820646    0.165000   -0.171690   -0.456052        5.977259       -3.107435    8.176359    2.829956    0.152238    7.074807
    0.288557    0.817729    0.167920   -0.160107   -0.440349        5.976812       -3.107370    8.266943    2.866546    0.152238    7.074807
    0.291045    0.814764    0.170636   -0.148670   -0.424514        5.976334       -3.107310    8.357202    2.902856    0.152238    7.074807
    0.293532    0.811754    0.173153   -0.137384   -0.408561        5.975829       -3.107255    8.447131    2.938885    0.152238    7.074807
    0.296020    0.808701    0.175473   -0.126252   -0.392506        5.975299       -3.107205    8.536725    2.974631    0.152238    7.074807
    0.298507    0.805610    0.177598   -0.115277   -0.376365        5.974747       -3.107159    8.625979    3.010092    0.152238    7.074807
    0.300995    0.802484    0.179531   -0.104465   -0.360154        5.974176       -3.107118    8.714889    3.045268    0.152238    7.074807
    0.303483    0.799326    0.181276   -0.093817   -0.343889        5.973588       -3.107081    8.803452    3.080157    0.152238    7.074807
    0.305970    0.796139    0.182835   -0.083337   -0.327586        5.972986       -3.107048    8.891664    3.114761    0.152238    7.074807
    0.308458    0.792927    0.184210   -0.073029   -0.311263        5.972370       -3.107019    8.979522    3.149078    0.152238    7.074807
    0.310945    0.789693    0.185406   -0.062895   -0.294935        5.971743       -3.106993    9.067023    3.183109    0.152238    7.074807
    0.313433    0.786440    0.186425   -0.052939   -0.278621        5.971107       -3.106971    9.154166    3.216854    0.152238    7.074807
    0.315920    0.783170    0.187270   -0.043163   -0.262337        5.970463       -3.106952    9.240949    3.250315    0.152238    7.074807
    0.318408    0.779888    0.187945   -0.033570   -0.246101        5.969813       -3.106936    9.327368    3.283492    0.152238    7.074807
    0.320896    0.776595    0.188453   -0.024163   -0.229931        5.969157       -3.106924    9.413425    3.316387    0.152238    7.074807
    0.323383    0.773295    0.188797   -0.014943   -0.213845        5.968498       -3.106914    9.499117    3.349002    0.152238    7.074807
    0.325871    0.769990    0.188980   -0.005914   -0.197860        5.967835       -3.106907    9.584443    3.381337    0.152238    7.074807
    0.328358    0.766683    0.189006    0.002924   -0.181994        5.967171       -3.106902    9.669404    3.413395    0.152238    7.074807
    0.330846    0.763378    0.188879    0.011567   -0.166266        5.966505       -3.106900    9.754000    3.445178    0.152238    7.074807
    0.333333    0.760076    0.188600    0.020014   -0.150693        5.965840       -3.106900    9.838230    3.476689    0.152238    7.074807
    0.335821    0.756779    0.188175    0.028264   -0.135294        5.965174       -3.106902    9.922095    3.507929    0.152238    7.074807
    0.338308    0.753492    0.187607    0.036316   -0.120087        5.964509       -3.106906   10.005596    3.538901    0.152238    7.074807
    0.340796    0.750216    0.186898    0.044167   -0.105089        5.963846       -3.106913   10.088735    3.569609    0.152238    7.074807
    0.343284    0.746953    0.186053    0.051817   -0.090320        5.963185       -3.106921   10.171511    3.600054    0.152238    7.074807
    0.345771    0.743705    0.185075    0.059266   -0.075796        5.962526       -3.106931   10.253928    3.630241    0.152238    7.074807
    0.348259    0.740476    0.183968    0.066512   -0.061535        5.961870       -3.106942   10.335987    3.660171    0.152238    7.074807
    0.350746    0.737267    0.182736    0.073555   -0.047555        5.961216       -3.106955   10.417690    3.689849    0.152238    7.074807
    0.353234    0.734081    0.181381    0.080395   -0.033873        5.960566       -3.106970   10.499039    3.719278    0.152238    7.074807
    0.355721    0.730919    0.179907    0.087032   -0.020506        5.959920       -3.106986   10.580037    3.748460    0.152238    7.074807
    0.358209    0.727783    0.178318    0.093466   -0.007471        5.959277       -3.107003   10.660687    3.777401    0.152238    7.074807
    0.360697    0.724676    0.176618    0.099697    0.005216        5.958638       -3.107022   10.740991    3.806102    0.152238    7.074807
    0.363184    0.721599    0.174810    0.105726    0.017538        5.958003       -3.107042   10.820954    3.834569    0.152238    7.074807
    0.365672    0.718555    0.172898    0.111554    0.029482        5.957372       -3.107063   10.900578    3.862805    0.152238    7.074807
    0.368159    0.715545    0.170885    0.117182    0.041030        5.956745       -3.107085   10.979868    3.890813    0.152238    7.074807
    0.370647    0.712570    0.168775    0.122611    0.052169        5.956122       -3.107108   11.058826    3.918598    0.152238    7.074807
    0.373134    0.709633    0.166571    0.127843    0.062885        5.955503       -3.107132   11.137458    3.946163    0.152238    7.074807
    0.375622    0.706735    0.164276    0.132878    0.073164        5.954889       -3.107157   11.215767    3.973513    0.152238    7.074807
    0.378109    0.703877    0.161895    0.137720    0.082993        5.954279       -3.107183   11.293758    4.000652    0.152238    7.074807
    0.380597    0.701061    0.159430    0.142369    0.092361        5.953673       -3.107210   11.371435    4.027583    0.152238    7.074807
    0.383085    0.698290    0.156885    0.146830    0.101256        5.953071       -3.107238   11.448804    4.054311    0.152238    7.074807
    0.385572    0.695563    0.154263    0.151102    0.109666        5.952474       -3.107266   11.525868    4.080841    0.152238    7.074807
    0.388060    0.692882    0.151567    0.155191    0.117583        5.951880       -3.107295   11.602633    4.107176    0.152238    7.074807
    0.390547    0.690248    0.148801    0.159098    0.124997        5.951291       -3.107325   11.679104    4.133321    0.152238    7.074807
    0.393035    0.687664    0.145968    0.162827    0.131900        5.950706       -3.107355   11.755287    4.159279    0.152238    7.074807
    0.395522    0.685129    0.143071    0.166380    0.138284        5.950124       -3.107386   11.831187    4.185056    0.152238    7.074807
    0.398010    0.682646    0.140113    0.169762    0.144143        5.949546       -3.107418   11.906810    4.210656    0.152238    7.074807
    0.400498    0.680214    0.137097    0.172975    0.149472        5.948973       -3.107450   11.982160    4.236083    0.152238    7.074807
    0.402985    0.677836    0.134026    0.176024    0.154265        5.948403       -3.107482   12.057245    4.261341    0.152238    7.074807
    0.405473    0.675511    0.130902    0.178913    0.158520        5.947836       -3.107515   12.132069    4.286435    0.152238    7.074807
    0.407960    0.673241    0.127729    0.181645    0.162234        5.947273       -3.107549   12.206640    4.311369    0.152238    7.074807
    0.410448    0.671028    0.124509    0.184225    0.165404        5.946714       -3.107583   12.280963    4.336148    0.152238    7.074807
    0.412935    0.668871    0.121246    0.186657    0.168031        5.946157       -3.107617   12.355044    4.360776    0.152238    7.074807
    0.415423    0.666771    0.117940    0.188946    0.170116        5.945604       -3.107652   12.428889    4.385257    0.152238    7.074807
    0.417910    0.664729    0.114596    0.191096    0.171659        5.945055       -3.107687   12.502506    4.409597    0.152238    7.074807
    0.420398    0.662746    0.111215    0.193111    0.172663        5.944508       -3.107723   12.575900    4.433799    0.152238    7.074807
    0.422886    0.660823    0.107800    0.194997    0.173132        5.943964       -3.107759   12.649079    4.457868    0.152238    7.074807
    0.425373    0.658959    0.104352    0.196758    0.173071        5.943423       -3.107795   12.722047    4.481808    0.152238    7.074807
    0.427861    0.657157    0.100875    0.198399    0.172486        5.942885       -3.107832   12.794814    4.505624    0.152238    7.074807
    0.430348    0.655415    0.097370    0.199925    0.171383        5.942349       -3.107868   12.867384    4.529320    0.152238    7.074807
    0.432836    0.653735    0.093839    0.201340    0.169771        5.941816       -3.107906   12.939765    4.552901    0.152238    7.074807
    0.435323    0.652117    0.090283    0.202650    0.167658        5.941286       -3.107943   13.011963    4.576371    0.152238    7.074807
    0.437811    0.650562    0.086706    0.203859    0.165055        5.940758       -3.107980   13.083986    4.599735    0.152238    7.074807
    0.440299    0.649069    0.083109    0.204972    0.161972        5.940232       -3.108018   13.155841    4.622997    0.152238    7.074807
    0.442786    0.647640    0.079492    0.205994    0.158422        5.939708       -3.108056   13.227534    4.646161    0.152238    7.074807
    0.445274    0.646274    0.075859    0.206929    0.154417        5.939186       -3.108095   13.299073    4.669233    0.152238    7.074807
    0.447761    0.644973    0.072209    0.207782    0.149972        5.938666       -3.108133   13.370464    4.692215    0.152238    7.074807
    0.450249    0.643735    0.068545    0.208558    0.145101        5.938148       -3.108172   13.441715    4.715113    0.152238    7.074807
    0.452736    0.642562    0.064869    0.209261    0.139820        5.937632       -3.108210   13.512832    4.737932    0.152238    7.074807
    0.455224    0.641453    0.061180    0.209896    0.134146        5.937117       -3.108249   13.583823    4.760675    0.152238    7.074807
    0.457711    0.640410    0.057481    0.210466    0.128096        5.936604       -3.108288   13.654696    4.783347    0.152238    7.074807
    0.460199    0.639431    0.053773    0.210975    0.121688        5.936093       -3.108328   13.725456    4.805952    0.152238    7.074807
    0.462687    0.638518    0.050056    0.211428    0.114941        5.935582       -3.108367   13.796112    4.828495    0.152238    7.074807
    0.465174    0.637670    0.046331    0.211828    0.107875        5.935073       -3.108406   13.866670    4.850980    0.152238    7.074807
    0.467662    0.636888    0.042600    0.212179    0.100510        5.934566       -3.108446   13.937139    4.873412    0.152238    7.074807
    0.470149    0.636171    0.038863    0.212483    0.092867        5.934059       -3.108485   14.007524    4.895795    0.152238    7.074807
    0.472637    0.635520    0.035121    0.212744    0.084968        5.933553       -3.108525   14.077834    4.918132    0.152238    7.074807
    0.475124    0.634935    0.031375    0.212965    0.076834        5.933048       -3.108565   14.148076    4.940429    0.152238    7.074807
    0.477612    0.634416    0.027625    0.213148    0.068488        5.932544       -3.108605   14.218256    4.962690    0.152238    7.074807
    0.480100    0.633963    0.023873    0.213297    0.059953        5.932041       -3.108645   14.288383    4.984920    0.152238    7.074807
    0.482587    0.633576    0.020118    0.213412    0.051252        5.931538       -3.108685   14.358463    5.007121    0.152238    7.074807
    0.485075    0.633255    0.016361    0.213495    0.042409        5.931035       -3.108725   14.428505    5.029300    0.152238    7.074807
    0.487562    0.633000    0.012604    0.213549    0.033447        5.930533       -3.108765   14.498514    5.051460    0.152238    7.074807
    0.490050    0.632812    0.008845    0.213575    0.024392        5.930032       -3.108805   14.568499    5.073605    0.152238    7.074807
    0.492537    0.632689    0.005086    0.213574    0.015267        5.929530       -3.108845   14.638466    5.095741    0.152238    7.074807
    0.495025    0.632632    0.001328    0.213546    0.006096        5.929029       -3.108885   14.708424    5.117870    0.152238    7.074807
    0.497512    0.632642   -0.002430    0.213492   -0.003095        5.928528       -3.108925   14.778379    5.139998    0.152238    7.074807
    0.500000    0.632718   -0.006186    0.213412   -0.012282        5.928026       -3.108965   14.848339    5.162129    0.152238    7.074807
    0.502488    0.632860   -0.009941    0.213307   -0.021441        5.927525       -3.109005   14.918311    5.184267    0.152238    7.074807
    0.504975    0.633068   -0.013694    0.213175   -0.030548        5.927023       -3.109046   14.988302    5.206416    0.152238    7.074807
    0.507463    0.633342   -0.017445    0.213017   -0.039577        5.926521       -3.109086   15.058320    5.228581    0.152238    7.074807
    0.509950    0.633682   -0.021192    0.212831   -0.048505        5.926019       -3.109126   15.128372    5.250766    0.152238    7.074807
    0.512438    0.634088   -0.024936    0.212616   -0.057308        5.925516       -3.109166   15.198465    5.272975    0.152238    7.074807
    0.514925    0.634559   -0.028675    0.212371   -0.065962        5.925012       -3.109205   15.268606    5.295213    0.152238    7.074807
    0.517413    0.635097   -0.032411    0.212094   -0.074444        5.924508       -3.109245   15.338804    5.317484    0.152238    7.074807
    0.519900    0.635700   -0.036140    0.211783   -0.082731        5.924003       -3.109285   15.409064    5.339792    0.152238    7.074807
    0.522388    0.636369   -0.039865    0.211437   -0.090801        5.923496       -3.109325   15.479395    5.362142    0.152238    7.074807
    0.524876    0.637103   -0.043582    0.211051   -0.098631        5.922989       -3.109364   15.549803    5.384538    0.152238    7.074807
    0.527363    0.637902   -0.047293    0.210625   -0.106201        5.922481       -3.109404   15.620296    5.406985    0.152238    7.074807
    0.529851    0.638767   -0.050996    0.210154   -0.113488        5.921972       -3.109443   15.690881    5.429486    0.152238    7.074807
    0.532338    0.639696   -0.054690    0.209636   -0.120474        5.921461       -3.109483   15.761566    5.452046    0.152238    7.074807
    0.534826    0.640691   -0.058374    0.209068   -0.127138        5.920949       -3.109522   15.832356    5.474669    0.152238    7.074807
    0.537313    0.641750   -0.062048    0.208446   -0.133461        5.920436       -3.109561   15.903261    5.497361    0.152238    7.074807
    0.539801    0.642873   -0.065711    0.207766   -0.139426        5.919921       -3.109600   15.974285    5.520124    0.152238    7.074807
    0.542289    0.644061   -0.069361    0.207025   -0.145014        5.919404       -3.109638   16.045438    5.542964    0.152238    7.074807
    0.544776    0.645312   -0.072997    0.206219   -0.150210        5.918886       -3.109677   16.116726    5.565884    0.152238    7.074807
    0.547264    0.646628   -0.076619    0.205342   -0.154996        5.918365       -3.109715   16.188155    5.588890    0.152238    7.074807
    0.549751    0.648007   -0.080225    0.204392   -0.159360        5.917843       -3.109753   16.259733    5.611986    0.152238    7.074807
    0.552239    0.649448   -0.083813    0.203365   -0.163285        5.917319       -3.109791   16.331468    5.635176    0.152238    7.074807
    0.554726    0.650953   -0.087382    0.202254   -0.166760        5.916792       -3.109829   16.403365    5.658464    0.152238    7.074807
    0.557214    0.652520   -0.090931    0.201057   -0.169772        5.916263       -3.109867   16.475432    5.681854    0.152238    7.074807
    0.559701    0.654149   -0.094458    0.199768   -0.172310        5.915732       -3.109904   16.547676    5.705353    0.152238    7.074807
    0.562189    0.655840   -0.097962    0.198383   -0.174363        5.915198       -3.109941   16.620103    5.728963    0.152238    7.074807
    0.564677    0.657591   -0.101440    0.196897   -0.175924        5.914662       -3.109978   16.692721    5.752688    0.152238    7.074807
    0.567164    0.659404   -0.104892    0.195306   -0.176982        5.914123       -3.110014   16.765536    5.776535    0.152238    7.074807
    0.569652    0.661277   -0.108314    0.193605   -0.177532        5.913582       -3.110050   16.838554    5.800506    0.152238    7.074807
    0.572139    0.663209   -0.111706    0.191789   -0.177568        5.913037       -3.110086   16.911783    5.824607    0.152238    7.074807
    0.574627    0.665200   -0.115064    0.189853   -0.177083        5.912490       -3.110122   16.985229    5.848842    0.152238    7.074807
    0.577114    0.667250   -0.118387    0.187795   -0.176074        5.911939       -3.110157   17.058898    5.873215    0.152238    7.074807
    0.579602    0.669357   -0.121673    0.185607   -0.174539        5.911385       -3.110192   17.132797    5.897731    0.152238    7.074807
    0.582090    0.671522   -0.124920    0.183287   -0.172475        5.910828       -3.110226   17.206932    5.922393    0.152238    7.074807
    0.584577    0.673742   -0.128124    0.180830   -0.169881        5.910268       -3.110260   17.281310    5.947208    0.152238    7.074807
    0.587065    0.676019   -0.131284    0.178232   -0.166757        5.909704       -3.110293   17.355936    5.972178    0.152238    7.074807
    0.589552    0.678350   -0.134396    0.175488   -0.163106        5.909137       -3.110326   17.430818    5.997309    0.152238    7.074807
    0.592040    0.680735   -0.137460    0.172595   -0.158928        5.908566       -3.110359   17.505959    6.022604    0.152238    7.074807
    0.594527    0.683172   -0.140470    0.169548   -0.154227        5.907991       -3.110391   17.581368    6.048068    0.152238    7.074807
    0.597015    0.685662   -0.143426    0.166344   -0.149007        5.907413       -3.110422   17.657049    6.073706    0.152238    7.074807
    0.599502    0.688203   -0.146325    0.162979   -0.143274        5.906831       -3.110453   17.733008    6.099522    0.152238    7.074807
    0.601990    0.690794   -0.149162    0.159451   -0.137032        5.906244       -3.110483   17.809251    6.125521    0.152238    7.074807
    0.604478    0.693434   -0.151936    0.155755   -0.130290        5.905654       -3.110513   17.885783    6.151705    0.152238    7.074807
    0.606965    0.696121   -0.154643    0.151888   -0.123054        5.905060       -3.110542   17.962610    6.178081    0.152238    7.074807
    0.609453    0.698855   -0.157281    0.147848   -0.115334        5.904461       -3.110570   18.039736    6.204652    0.152238    7.074807
    0.611940    0.701634   -0.159846    0.143631   -0.107138        5.903859       -3.110597   18.117167    6.231422    0.152238    7.074807
    0.614428    0.704456   -0.162336    0.139236   -0.098477        5.903252       -3.110624   18.194908    6.258395    0.152238    7.074807
    0.616915    0.707322   -0.164746    0.134659   -0.089363        5.902641       -3.110650   18.272963    6.285577    0.152238    7.074807
    0.619403    0.710229   -0.167074    0.129900   -0.079805        5.902026       -3.110674   18.351338    6.312970    0.152238    7.074807
    0.621891    0.713175   -0.169317    0.124955   -0.069817        5.901406       -3.110698   18.430036    6.340580    0.152238    7.074807
    0.624378    0.716159   -0.171471    0.119823   -0.059412        5.900783       -3.110721   18.509062    6.368409    0.152238    7.074807
    0.626866    0.719180   -0.173533    0.114502   -0.048603        5.900155       -3.110743   18.588420    6.396463    0.152238    7.074807
    0.629353    0.722236   -0.175500    0.108992   -0.037404        5.899523       -3.110764   18.668114    6.424745    0.152238    7.074807
    0.631841    0.725325   -0.177369    0.103290   -0.025830        5.898887       -3.110784   18.748148    6.453258    0.152238    7.074807
    0.634328    0.728446   -0.179135    0.097397   -0.013896        5.898247       -3.110802   18.828525    6.482008    0.152238    7.074807
    0.636816    0.731596   -0.180796    0.091311   -0.001616        5.897604       -3.110819   18.909249    6.510997    0.152238    7.074807
    0.639303    0.734774   -0.182348    0.085032    0.010992        5.896957       -3.110835   18.990323    6.540230    0.152238    7.074807
    0.641791    0.737978   -0.183788    0.078559    0.023913        5.896306       -3.110849   19.071750    6.569709    0.152238    7.074807
    0.644279    0.741206   -0.185112    0.071893    0.037131        5.895652       -3.110862   19.153532    6.599439    0.152238    7.074807
    0.646766    0.744456   -0.186317    0.065033    0.050628        5.894995       -3.110873   19.235673    6.629422    0.152238    7.074807
    0.649254    0.747726   -0.187400    0.057980    0.064388        5.894336       -3.110883   19.318174    6.659663    0.152238    7.074807
    0.651741    0.751013   -0.188357    0.050735    0.078393        5.893674       -3.110890   19.401037    6.690164    0.152238    7.074807
    0.654229    0.754316   -0.189184    0.043298    0.092627        5.893011       -3.110896   19.484265    6.720929    0.152238    7.074807
    0.656716    0.757631   -0.189879    0.035669    0.107071        5.892346       -3.110900   19.567859    6.751960    0.152238    7.074807
    0.659204    0.760958   -0.190439    0.027851    0.121708        5.891681       -3.110902   19.651820    6.783261    0.152238    7.074807
    0.661692    0.764293   -0.190859    0.019844    0.136521        5.891015       -3.110901   19.736149    6.814835    0.152238    7.074807
    0.664179    0.767634   -0.191136    0.011650    0.151492        5.890350       -3.110898   19.820848    6.846683    0.152238    7.074807
    0.666667    0.770979   -0.191268    0.003270    0.166603        5.889686       -3.110893   19.905916    6.878808    0.152238    7.074807
    0.669154    0.774325   -0.191250   -0.005294    0.181837        5.889025       -3.110885   19.991355    6.911213    0.152238    7.074807
    0.671642    0.777669   -0.191080   -0.014039    0.197176        5.888367       -3.110874   20.077163    6.943900    0.152238    7.074807
    0.674129    0.781009   -0.190755   -0.022965    0.212603        5.887714       -3.110860   20.163340    6.976871    0.152238    7.074807
    0.676617    0.784341   -0.190271   -0.032068    0.228102        5.887066       -3.110844   20.249887    7.010127    0.152238    7.074807
    0.679104    0.787665   -0.189625   -0.041346    0.243654        5.886425       -3.110824   20.336802    7.043670    0.152238    7.074807
    0.681592    0.790975   -0.188814   -0.050797    0.259243        5.885793       -3.110800   20.424083    7.077502    0.152238    7.074807
    0.684080    0.794270   -0.187836   -0.060418    0.274853        5.885171       -3.110773   20.511730    7.111623    0.152238    7.074807
    0.686567    0.797547   -0.186687   -0.070205    0.290466        5.884561       -3.110742   20.599740    7.146035    0.152238    7.074807
    0.689055    0.800802   -0.185364   -0.080157    0.306068        5.883965       -3.110708   20.688111    7.180738    0.152238    7.074807
    0.691542    0.804033   -0.183865   -0.090271    0.321641        5.883385       -3.110669   20.776841    7.215732    0.152238    7.074807
    0.694030    0.807236   -0.182186   -0.100542    0.337171        5.882824       -3.110625   20.865927    7.251018    0.152238    7.074807
    0.696517    0.810409   -0.180325   -0.110968    0.352642        5.882285       -3.110577   20.955365    7.286595    0.152238    7.074807
    0.699005    0.813548   -0.178279   -0.121545    0.368039        5.881770       -3.110524   21.045152    7.322464    0.152238    7.074807
    0.701493    0.816650   -0.176046   -0.132269    0.383348        5.881281       -3.110466   21.135284    7.358622    0.152238    7.074807
    0.703980    0.819711   -0.173623   -0.143138    0.398554        5.880824       -3.110403   21.225758    7.395070    0.152238    7.074807
    0.706468    0.822729   -0.171007   -0.154148    0.413644        5.880400       -3.110334   21.316567    7.431805    0.152238    7.074807
    0.708955    0.825700   -0.168196   -0.165294    0.428604        5.880014       -3.110259   21.407707    7.468826    0.152238    7.074807
    0.711443    0.828620   -0.165188   -0.176574    0.443422        5.879669       -3.110178   21.499173    7.506130    0.152238    7.074807
    0.713930    0.831487   -0.161980   -0.187982    0.458083        5.879370       -3.110091   21.590959    7.543715    0.152238    7.074807
    0.716418    0.834296   -0.158571   -0.199516    0.472577        5.879122       -3.109997   21.683059    7.581579    0.152238    7.074807
    0.718905    0.837043   -0.154957   -0.211170    0.486892        5.878928       -3.109896   21.775466    7.619716    0.152238    7.074807
    0.721393    0.839727   -0.151137   -0.222942    0.501015        5.878793       -3.109789   21.868174    7.658124    0.152238    7.074807
    0.723881    0.842342   -0.147109   -0.234827    0.514937        5.878722       -3.109674   21.961174    7.696799    0.152238    7.074807
    0.726368    0.844885   -0.142871   -0.246820    0.528647        5.878720       -3.109551   22.054460    7.735735    0.152238    7.074807
    0.728856    0.847352   -0.138421   -0.258918    0.542134        5.878792       -3.109421   22.148023    7.774927    0.152238    7.074807
    0.731343    0.849740   -0.133757   -0.271116    0.555389        5.878943       -3.109283   22.241854    7.814369    0.152238    7.074807
    0.733831    0.852045   -0.128878   -0.283410    0.568404        5.879176       -3.109137   22.335945    7.854055    0.152238    7.074807
    0.736318    0.854263   -0.123781   -0.295796    0.581168        5.879498       -3.108982   22.430286    7.893978    0.152238    7.074807
    0.738806    0.856389   -0.118466   -0.308269    0.593674        5.879910       -3.108820   22.524867    7.934131    0.152238    7.074807
    0.741294    0.858421   -0.112930   -0.320826    0.605914        5.880418       -3.108649   22.619678    7.974505    0.152238    7.074807
    0.743781    0.860355   -0.107173   -0.333461    0.617881        5.881025       -3.108470   22.714708    8.015092    0.152238    7.074807
    0.746269    0.862185   -0.101193   -0.346170    0.629567        5.881732       -3.108282   22.809946    8.055883    0.152238    7.074807
    0.748756    0.863909   -0.094988   -0.358950    0.640967        5.882541       -3.108087   22.905381    8.096868    0.152238    7.074807
    0.751244    0.865522   -0.088558   -0.371796    0.652072        5.883452       -3.107883   23.001001    8.138036    0.152238    7.074807
    0.753731    0.867021   -0.081901   -0.384702    0.662878        5.884466       -3.107672   23.096792    8.179376    0.152238    7.074807
    0.756219    0.868400   -0.075017   -0.397666    0.673379        5.885580       -3.107453   23.192743    8.220877    0.152238    7.074807
    0.758706    0.869657   -0.067904   -0.410683    0.683569        5.886790       -3.107227   23.288839    8.262527    0.152238    7.074807
    0.761194    0.870787   -0.060561   -0.423748    0.693443        5.888093       -3.106995   23.385068    8.304311    0.152238    7.074807
    0.763682    0.871786   -0.052988   -0.436857    0.702997        5.889483       -3.106757   23.481414    8.346216    0.152238    7.074807
    0.766169    0.872650   -0.045184   -0.450006    0.712225        5.890951       -3.106513   23.577864    8.388228    0.152238    7.074807
    0.768657    0.873375   -0.037149   -0.463190    0.721123        5.892488       -3.106264   23.674401    8.430332    0.152238    7.074807
    0.771144    0.873956   -0.028881   -0.476406    0.729686        5.894085       -3.106012   23.771010    8.472512    0.152238    7.074807
    0.773632    0.874390   -0.020380   -0.489648    0.737911        5.895728       -3.105756   23.867676    8.514751    0.152238    7.074807
    0.776119    0.874672   -0.011646   -0.502914    0.745793        5.897405       -3.105498   23.964381    8.557031    0.152238    7.074807
    0.778607    0.874798   -0.002678   -0.516197    0.753327        5.899101       -3.105239   24.061109    8.599336    0.152238    7.074807
    0.781095    0.874765    0.006523   -0.529495    0.760509        5.900802       -3.104980   24.157842    8.641647    0.152238    7.074807
    0.783582    0.874567    0.015959   -0.542803    0.767336        5.902492       -3.104721   24.254562    8.683944    0.152238    7.074807
    0.786070    0.874202    0.025629   -0.556117    0.773802        5.904155       -3.104464   24.351251    8.726207    0.152238    7.074807
    0.788557    0.873664    0.035533   -0.569432    0.779905        5.905776       -3.104210   24.447890    8.768416    0.152238    7.074807
    0.791045    0.872950    0.045672   -0.582745    0.785638        5.907340       -3.103960   24.544461    8.810549    0.152238    7.074807
    0.793532    0.872056    0.056045   -0.596050    0.790999        5.908833       -3.103714   24.640942    8.852586    0.152238    7.074807
    0.796020    0.870977    0.066651   -0.609344    0.795983        5.910241       -3.103475   24.737314    8.894502    0.152238    7.074807
    0.798507    0.869710    0.077492   -0.622622    0.800586        5.911554       -3.103242   24.833556    8.936276    0.152238    7.074807
    0.800995    0.868251    0.088566   -0.635881    0.804804        5.912760       -3.103016   24.929648    8.977884    0.152238    7.074807
    0.803483    0.866595    0.099874   -0.649115    0.808632        5.913853       -3.102799   25.025568    9.019301    0.152238    7.074807
    0.805970    0.864740    0.111414   -0.662320    0.812067        5.914825       -3.102591   25.121293    9.060504    0.152238    7.074807
    0.808458    0.862681    0.123186   -0.675493    0.815104        5.915672       -3.102392   25.216803    9.101468    0.152238    7.074807
    0.810945    0.860414    0.135190   -0.688628    0.817741        5.916393       -3.102203   25.312073    9.142166    0.152238    7.074807
    0.813433    0.857935    0.147424   -0.701721    0.819974        5.916987       -3.102025   25.407080    9.182574    0.152238    7.074807
    0.815920    0.855242    0.159889   -0.714769    0.821800        5.917455       -3.101857   25.501802    9.222666    0.152238    7.074807
    0.818408    0.852330    0.172582   -0.727765    0.823216        5.917801       -3.101700   25.596214    9.262415    0.152238    7.074807
    0.820896    0.849197    0.185504   -0.740707    0.824220        5.918029       -3.101555   25.690292    9.301795    0.152238    7.074807
    0.823383    0.845837    0.198653   -0.753590    0.824809        5.918145       -3.101420   25.784011    9.340780    0.152238    7.074807
    0.825871    0.842249    0.212029   -0.766408    0.824981        5.918155       -3.101296   25.877345    9.379342    0.152238    7.074807
    0.828358    0.838429    0.225629   -0.779158    0.824735        5.918069       -3.101183   25.970270    9.417456    0.152238    7.074807
    0.830846    0.834374    0.239453   -0.791835    0.824070        5.917894       -3.101080   26.062760    9.455095    0.152238    7.074807
    0.833333    0.830080    0.253500   -0.804436    0.822985        5.917638       -3.100988   26.154788    9.492233    0.152238    7.074807
    0.835821    0.825545    0.267767   -0.816954    0.821480        5.917311       -3.100906   26.246328    9.528844    0.152238    7.074807
    0.838308    0.820767    0.282254   -0.829387    0.819554        5.916920       -3.100833   26.337353    9.564901    0.152238    7.074807
    0.840796    0.815741    0.296959   -0.841729    0.817209        5.916476       -3.100769   26.427836    9.600379    0.152238    7.074807
    0.843284    0.810466    0.311881   -0.853977    0.814445        5.915986       -3.100714   26.517750    9.635254    0.152238    7.074807
    0.845771    0.804940    0.327017   -0.866125    0.811263        5.915458       -3.100668   26.607067    9.669501    0.152238    7.074807
    0.848259    0.799159    0.342366   -0.878171    0.807664        5.914900       -3.100629   26.695758    9.703096    0.152238    7.074807
    0.850746    0.793122    0.357926   -0.890109    0.803651        5.914318       -3.100598   26.783796    9.736016    0.152238    7.074807
    0.853234    0.786828    0.373696   -0.901935    0.799226        5.913719       -3.100574   26.871152    9.768239    0.152238    7.074807
    0.855721    0.780273    0.389672   -0.913645    0.794391        5.913108       -3.100557   26.957798    9.799743    0.152238    7.074807
    0.858209    0.773456    0.405853   -0.925235    0.789149        5.912492       -3.100545   27.043704    9.830508    0.152238    7.074807
    0.860697    0.766376    0.422238   -0.936702    0.783504        5.911873       -3.100539   27.128842    9.860514    0.152238    7.074807
    0.863184    0.759031    0.438823   -0.948040    0.777457        5.911257       -3.100538   27.213183    9.889744    0.152238    7.074807
    0.865672    0.751421    0.455606   -0.959246    0.771014        5.910647       -3.100543   27.296697    9.918180    0.152238    7.074807
    0.868159    0.743543    0.472586   -0.970316    0.764179        5.910046       -3.100551   27.379354    9.945806    0.152238    7.074807
    0.870647    0.735399    0.489759   -0.981247    0.756954        5.909457       -3.100564   27.461126    9.972608    0.152238    7.074807
    0.873134    0.726986    0.507123   -0.992034    0.749345        5.908881       -3.100581   27.541982    9.998574    0.152238    7.074807
    0.875622    0.718304    0.524675   -1.002674    0.741356        5.908321       -3.100601   27.621893   10.023691    0.152238    7.074807
    0.878109    0.709354    0.542414   -1.013163    0.732993        5.907777       -3.100624   27.700829   10.047950    0.152238    7.074807
    0.880597    0.700135    0.560336   -1.023498    0.724259        5.907251       -3.100650   27.778761   10.071343    0.152238    7.074807
    0.883085    0.690647    0.578438   -1.033675    0.715161        5.906743       -3.100679   27.855658   10.093863    0.152238    7.074807
    0.885572    0.680892    0.596718   -1.043690    0.705703        5.906255       -3.100710   27.931492   10.115506    0.152238    7.074807
    0.888060    0.670869    0.615173   -1.053541    0.695891        5.905787       -3.100743   28.006231   10.136268    0.152238    7.074807
    0.890547    0.660579    0.633800   -1.063224    0.685731        5.905337       -3.100778   28.079848   10.156150    0.152238    7.074807
    0.893035    0.650024    0.652595   -1.072735    0.675229        5.904908       -3.100815   28.152313   10.175150    0.152238    7.074807
    0.895522    0.639206    0.671557   -1.082072    0.664390        5.904498       -3.100854   28.223595   10.193272    0.152238    7.074807
    0.898010    0.628125    0.690681   -1.091232    0.653222        5.904107       -3.100894   28.293667   10.210521    0.152238    7.074807
    0.900498    0.616783    0.709965   -1.100211    0.641729        5.903736       -3.100935   28.362499   10.226903    0.152238    7.074807
    0.902985    0.605183    0.729405   -1.109006    0.629918        5.903382       -3.100978   28.430063   10.242427    0.152238    7.074807
    0.905473    0.593327    0.748999   -1.117615    0.617797        5.903047       -3.101021   28.496329   10.257102    0.152238    7.074807
    0.907960    0.581217    0.768742   -1.126035    0.605371        5.902729       -3.101065   28.561271   10.270941    0.152238    7.074807
    0.910448    0.568857    0.788632   -1.134263    0.592647        5.902429       -3.101111   28.624860   10.283957    0.152238    7.074807
    0.912935    0.556249    0.808665   -1.142297    0.579633        5.902145       -3.101157   28.687068   10.296166    0.152238    7.074807
    0.915423    0.543397    0.828837   -1.150133    0.566335        5.901876       -3.101203   28.747868   10.307587    0.152238    7.074807
    0.917910    0.530304    0.849146   -1.157770    0.552760        5.901623       -3.101251   28.807234   10.318237    0.152238    7.074807
    0.920398    0.516975    0.869587   -1.165205    0.538915        5.901384       -3.101298   28.865140   10.328137    0.152238    7.074807
    0.922886    0.503412    0.890158   -1.172435    0.524808        5.901160       -3.101347   28.921558   10.337310    0.152238    7.074807
    0.925373    0.489621    0.910854   -1.179459    0.510446        5.900949       -3.101396   28.976464   10.345780    0.152238    7.074807
    0.927861    0.475606    0.931671   -1.186274    0.495836        5.900751       -3.101445   29.029832   10.353571    0.152238    7.074807
    0.930348    0.461372    0.952607   -1.192878    0.480986        5.900565       -3.101494   29.081639   10.360709    0.152238    7.074807
    0.932836    0.446924    0.973657   -1.199268    0.465904        5.900391       -3.101544   29.131859   10.367222    0.152238    7.074807
    0.935323    0.432267    0.994818   -1.205444    0.450597        5.900228       -3.101595   29.180471   10.373137    0.152238    7.074807
    0.937811    0.417407    1.016085   -1.211402    0.435072        5.900075       -3.101645   29.227450   10.378485    0.152238    7.074807
    0.940299    0.402349    1.037455   -1.217142    0.419339        5.899933       -3.101696   29.272776   10.383295    0.152238    7.074807
    0.942786    0.387099    1.058925   -1.222661    0.403403        5.899801       -3.101748   29.316425   10.387596    0.152238    7.074807
    0.945274    0.371664    1.080489   -1.227957    0.387274        5.899678       -3.101799   29.358378   10.391421    0.152238    7.074807
    0.947761    0.356050    1.102145   -1.233030    0.370960        5.899564       -3.101851   29.398614   10.394800    0.152238    7.074807
    0.950249    0.340264    1.123888   -1.237877    0.354467        5.899458       -3.101903   29.437114   10.397763    0.152238    7.074807
    0.952736    0.324311    1.145715   -1.242497    0.337805        5.899360       -3.101956   29.473859   10.400343    0.152238    7.074807
    0.955224    0.308200    1.167620   -1.246889    0.320982        5.899269       -3.102008   29.508832   10.402570    0.152238    7.074807
    0.957711    0.291938    1.189601   -1.251051    0.304005        5.899186       -3.102062   29.542014   10.404474    0.152238    7.074807
    0.960199    0.275531    1.211654   -1.254982    0.286883        5.899110       -3.102115   29.573390   10.406086    0.152238    7.074807
    0.962687    0.258988    1.233773   -1.258681    0.269624        5.899040       -3.102169   29.602944   10.407434    0.152238    7.074807
    0.965174    0.242316    1.255955   -1.262146    0.252236        5.898976       -3.102223   29.630662   10.408548    0.152238    7.074807
    0.967662    0.225523    1.278197   -1.265377    0.234728        5.898919       -3.102278   29.656530   10.409454    0.152238    7.074807
    0.970149    0.208617    1.300493   -1.268373    0.217109        5.898867       -3.102333   29.680534   10.410178    0.152238    7.074807
    0.972637    0.191606    1.322839   -1.271132    0.199385        5.898820       -3.102388   29.702662   10.410747    0.152238    7.074807
    0.975124    0.174498    1.345233   -1.273655    0.181566        5.898779       -3.102444   29.722905   10.411182    0.152238    7.074807
    0.977612    0.157302    1.367668   -1.275939    0.163661        5.898742       -3.102501   29.741250   10.411507    0.152238    7.074807
    0.980100    0.140026    1.390142   -1.277985    0.145677        5.898710       -3.102558   29.757690   10.411741    0.152238    7.074807
    0.982587    0.122680    1.412649   -1.279792    0.127623        5.898683       -3.102616   29.772215   10.411902    0.152238    7.074807
    0.985075    0.105270    1.435187   -1.281359    0.109507        5.898660       -3.102674   29.784819   10.412008    0.152238    7.074807
    0.987562    0.087808    1.457749   -1.282685    0.091339        5.898641       -3.102733   29.795495   10.412072    0.152238    7.074807
    0.990050    0.070300    1.480333   -1.283771    0.073126        5.898625       -3.102792   29.804237   10.412108    0.152238    7.074807
    0.992537    0.052757    1.502934   -1.284617    0.054877        5.898614       -3.102852   29.811041   10.412125    0.152238    7.074807
    0.995025    0.035186    1.525548   -1.285220    0.036601        5.898606       -3.102913   29.815903   10.412131    0.152238    7.074807
    0.997512    0.017598    1.548170   -1.285583    0.018306        5.898601       -3.102975   29.818822   10.412133    0.152238    7.074807
    1.000000    0.000000    1.570796   -1.285704    0.000000        5.898600       -3.103037   29.819795   10.412133    0.152238    7.074807
