           t           r         psi          cs          qs               p             sig           A           V          Q2           S
    0.000000    0.000000   -1.570796   -0.663144    0.000000    -1000.817239      775.788448    0.000000    0.000000    0.152845    5.407011
    0.009804    0.052999   -1.535446   -0.673392    0.448389    -1001.559806      757.229667    0.008827    0.000004    0.152845    5.407011
    0.019608    0.105930   -1.499224   -0.694296    0.630004    -1003.984984      739.340843    0.035297    0.000067    0.152845    5.407011
    0.029412    0.158722   -1.461749   -0.720305    0.747143    -1008.417444      722.029032    0.079376    0.000340    0.152845    5.407011
    0.039216    0.211292   -1.422783   -0.750551    0.858945    -1015.264845      705.210453    0.141004    0.001085    0.152845    5.407011
    0.049020    0.263550   -1.382091   -0.785570    0.987131    -1025.048623      688.812381    0.220092    0.002677    0.152845    5.407011
    0.058824    0.315393   -1.339393   -0.826505    1.143959    -1038.440861      672.776030    0.316520    0.005610    0.152845    5.407011
    0.068627    0.366701   -1.294333   -0.874966    1.340270    -1056.313156      657.060983    0.430130    0.010504    0.152845    5.407011
    0.078431    0.417337   -1.246459   -0.933072    1.588066    -1079.801270      641.652096    0.560721    0.018108    0.152845    5.407011
    0.088235    0.467133   -1.195190   -1.003547    1.901170    -1110.388771      626.570297    0.708042    0.029310    0.152845    5.407011
    0.098039    0.515892   -1.139784   -1.089813    2.294254    -1150.009484      611.889598    0.871783    0.045136    0.152845    5.407011
    0.107843    0.563366   -1.079297   -1.195972    2.778973    -1201.157460      597.763950    1.051557    0.066758    0.152845    5.407011
    0.117647    0.609247   -1.012557   -1.326476    3.354288    -1266.962829      584.469491    1.246888    0.095483    0.152845    5.407011
    0.127451    0.653145   -0.938166   -1.485101    3.986371    -1351.117818      572.469959    1.457182    0.132733    0.152845    5.407011
    0.137255    0.694565   -0.854593   -1.672576    4.573609    -1457.375359      562.514062    1.681700    0.179989    0.152845    5.407011
    0.147059    0.732888   -0.760441   -1.882143    4.900233    -1588.047751      555.767805    1.919518    0.238669    0.152845    5.407011
    0.156863    0.767372   -0.655013   -2.093022    4.609083    -1740.596332      553.957952    2.169482    0.309911    0.152845    5.407011
    0.166667    0.797194   -0.539225   -2.264417    3.272699    -1901.709641      559.429732    2.430179    0.394243    0.152845    5.407011
    0.176471    0.821577   -0.416677   -2.337484    0.659552    -2041.067818      574.895504    2.699922    0.491192    0.152845    5.407011
    0.186275    0.839994   -0.294180   -2.254791   -2.867016    -2113.352884      602.595314    2.976801    0.599052    0.152845    5.407011
    0.196078    0.852399   -0.180789   -1.995195   -6.236317    -2078.863267      642.948973    3.258807    0.715066    0.152845    5.407011
    0.205882    0.859331   -0.085114   -1.597775   -8.258383    -1933.970976      693.619403    3.544011    0.836081    0.152845    5.407011
    0.215686    0.861807   -0.012354   -1.145924   -8.474207    -1718.831264      750.110399    3.830748    0.959344    0.152845    5.407011
    0.225490    0.861057    0.036903   -0.722602   -7.322922    -1490.798883      807.624611    4.117738    1.082961    0.152845    5.407011
    0.235294    0.858259    0.065659   -0.377344   -5.588044    -1293.631103      862.649860    4.404108    1.205894    0.152845    5.407011
    0.245098    0.854381    0.078536   -0.123414   -3.869151    -1147.360559      913.392930    4.689342    1.327700    0.152845    5.407011
    0.254902    0.850138    0.080204    0.048066   -2.445301    -1054.208355      959.397419    4.973207    1.448276    0.152845    5.407011
    0.264706    0.846014    0.074598    0.153999   -1.373118    -1007.589191     1000.977024    5.255668    1.567684    0.152845    5.407011
    0.274510    0.842311    0.064734    0.211343   -0.610066     -998.234755     1038.784892    5.536820    1.686057    0.152845    5.407011
    0.284314    0.839192    0.052799    0.234177   -0.088519    -1017.149762     1073.564221    5.816833    1.803555    0.152845    5.407011
    0.294118    0.836725    0.040323    0.233330    0.253620    -1056.653254     1106.027589    6.095914    1.920350    0.152845    5.407011
    0.303922    0.834910    0.028336    0.216884    0.464938    -1110.532796     1136.808623    6.374283    2.036606    0.152845    5.407011
    0.313725    0.833701    0.017498    0.190833    0.581240    -1173.873905     1166.448856    6.652150    2.152482    0.152845    5.407011
    0.323529    0.833028    0.008194    0.159623    0.628537    -1242.817792     1195.399553    6.929706    2.268119    0.152845    5.407011
    0.333333    0.832802    0.000607    0.126553    0.625967    -1314.343416     1224.028701    7.207115    2.383642    0.152845    5.407011
    0.343137    0.832932   -0.005233    0.094043    0.588030    -1386.100168     1252.628948    7.484510    2.499154    0.152845    5.407011
    0.352941    0.833327   -0.009404    0.063823    0.526112    -1456.289579     1281.425049    7.761995    2.614739    0.152845    5.407011
    0.362745    0.833902   -0.012061    0.037057    0.449437    -1523.584724     1310.580643    8.039644    2.730457    0.152845    5.407011
    0.372549    0.834583   -0.013406    0.014439    0.365597    -1587.073905     1340.204666    8.317504    2.846348    0.152845    5.407011
    0.382353    0.835305   -0.013670   -0.003726    0.280814    -1646.216321     1370.357824    8.595600    2.962434    0.152845    5.407011
    0.392157    0.836017   -0.013090   -0.017454    0.200033    -1700.800179     1401.059398    8.873935    3.078721    0.152845    5.407011
    0.401961    0.836681   -0.011894   -0.027013    0.126954    -1750.897201     1432.294494    9.152500    3.195201    0.152845    5.407011
    0.411765    0.837271   -0.010292   -0.032847    0.064068    -1796.811132     1464.021591    9.431275    3.311859    0.152845    5.407011
    0.421569    0.837769   -0.008467   -0.035519    0.012735    -1839.021128     1496.180128    9.710232    3.428671    0.152845    5.407011
    0.431373    0.838167   -0.006571   -0.035648   -0.026680    -1878.123155     1528.697726    9.989337    3.545609    0.152845    5.407011
    0.441176    0.838466   -0.004722   -0.033857   -0.054624    -1914.773627     1561.496691   10.268559    3.662647    0.152845    5.407011
    0.450980    0.838670   -0.003005   -0.030736   -0.072135    -1949.639393     1594.499477   10.547865    3.779755    0.152845    5.407011
    0.460784    0.838788   -0.001477   -0.026814   -0.080630    -1983.357153     1627.632922   10.827223    3.896909    0.152845    5.407011
    0.470588    0.838831   -0.000168   -0.022542   -0.081701    -2016.503987     1660.831219   11.106608    4.014085    0.152845    5.407011
    0.480392    0.838810    0.000913   -0.018285   -0.076958    -2049.579169     1694.037648   11.385997    4.131264    0.152845    5.407011
    0.490196    0.838738    0.001776   -0.014329   -0.067897    -2082.996294     1727.205256   11.665369    4.248430    0.152845    5.407011
    0.500000    0.838625    0.002441   -0.010880   -0.055829    -2117.083979     1760.296649   11.944711    4.365569    0.152845    5.407011
    0.509804    0.838482    0.002941   -0.008083   -0.041824    -2152.093111     1793.283125   12.224010    4.482673    0.152845    5.407011
    0.519608    0.838316    0.003311   -0.006029   -0.026705    -2188.208626     1826.143335   12.503256    4.599733    0.152845    5.407011
    0.529412    0.838132    0.003594   -0.004767   -0.011041    -2225.564085     1858.861654   12.782445    4.716743    0.152845    5.407011
    0.539216    0.837936    0.003831   -0.004322    0.004827    -2264.257689     1891.426386   13.061570    4.833701    0.152845    5.407011
    0.549020    0.837726    0.004067   -0.004704    0.020774    -2304.368741     1923.827903   13.340628    4.950602    0.152845    5.407011
    0.558824    0.837504    0.004344   -0.005914    0.036858    -2345.973962     1956.056774   13.619614    5.067442    0.152845    5.407011
    0.568627    0.837264    0.004709   -0.007962    0.053303    -2389.163308     1988.101927   13.898523    5.184218    0.152845    5.407011
    0.578431    0.837002    0.005204   -0.010868    0.070473    -2434.055179     2019.948838   14.177348    5.300924    0.152845    5.407011
    0.588235    0.836709    0.005877   -0.014671    0.088860    -2480.811009     2051.577755   14.456082    5.417553    0.152845    5.407011
    0.598039    0.836375    0.006776   -0.019436    0.109062    -2529.649275     2082.961918   14.734711    5.534093    0.152845    5.407011
    0.607843    0.835986    0.007956   -0.025261    0.131780    -2580.858940     2114.065782   15.013220    5.650533    0.152845    5.407011
    0.617647    0.835526    0.009475   -0.032276    0.157797    -2634.812195     2144.843197   15.291588    5.766853    0.152845    5.407011
    0.627451    0.834974    0.011402   -0.040654    0.187972    -2691.976190     2175.235556   15.569789    5.883032    0.152845    5.407011
    0.637255    0.834308    0.013813   -0.050609    0.223219    -2752.923096     2205.169913   15.847787    5.999039    0.152845    5.407011
    0.647059    0.833500    0.016800   -0.062399    0.264481    -2818.337398     2234.557118   16.125541    6.114837    0.152845    5.407011
    0.656863    0.832515    0.020467   -0.076328    0.312694    -2889.018792     2263.290047   16.402997    6.230381    0.152845    5.407011
    0.666667    0.831316    0.024936   -0.092742    0.368736    -2965.878344     2291.242080   16.680091    6.345613    0.152845    5.407011
    0.676471    0.829855    0.030350   -0.112026    0.433343    -3049.924897     2318.266027   16.956743    6.460464    0.152845    5.407011
    0.686275    0.828079    0.036871   -0.134590    0.507016    -3142.238075     2344.193795   17.232857    6.574849    0.152845    5.407011
    0.696078    0.825924    0.044684   -0.160861    0.589889    -3243.923944     2368.837175   17.508319    6.688663    0.152845    5.407011
    0.705882    0.823317    0.053998   -0.191251    0.681587    -3356.049767     2391.990175   17.782990    6.801781    0.152845    5.407011
    0.715686    0.820172    0.065040   -0.226138    0.781067    -3479.555797     2413.433353   18.056705    6.914051    0.152845    5.407011
    0.725490    0.816391    0.078058   -0.265821    0.886481    -3615.145080     2432.940527   18.329270    7.025292    0.152845    5.407011
    0.735294    0.811865    0.093311   -0.310485    0.995086    -3763.157082     2450.288058   18.600455    7.135287    0.152845    5.407011
    0.745098    0.806469    0.111064   -0.360153    1.103246    -3923.437321     2465.266566   18.869992    7.243780    0.152845    5.407011
    0.754902    0.800067    0.131580   -0.414647    1.206565    -4095.221849     2477.694455   19.137567    7.350471    0.152845    5.407011
    0.764706    0.792508    0.155103   -0.473564    1.300178    -4277.060516     2487.432068   19.402821    7.455014    0.152845    5.407011
    0.774510    0.783634    0.181854   -0.536262    1.379195    -4466.803488     2494.394778   19.665344    7.557011    0.152845    5.407011
    0.784314    0.773277    0.212009   -0.601877    1.439236    -4661.669335     2498.563059   19.924668    7.656018    0.152845    5.407011
    0.794118    0.761268    0.245698   -0.669370    1.476991    -4858.399467     2499.987666   20.180273    7.751545    0.152845    5.407011
    0.803922    0.747434    0.282989   -0.737587    1.490654    -5053.485354     2498.788675   20.431578    7.843065    0.152845    5.407011
    0.813725    0.731610    0.323889   -0.805350    1.480168    -5243.437039     2495.148097   20.677949    7.930031    0.152845    5.407011
    0.823529    0.713643    0.368344   -0.871541    1.447194    -5425.050322     2489.296946   20.918697    8.011891    0.152845    5.407011
    0.833333    0.693392    0.416244   -0.935175    1.394833    -5595.630077     2481.498590   21.153083    8.088110    0.152845    5.407011
    0.843137    0.670741    0.467432   -0.995462    1.327162    -5753.138415     2472.030741   21.380328    8.158204    0.152845    5.407011
    0.852941    0.645594    0.521713   -1.051834    1.248708    -5896.254711     2461.168399   21.599615    8.221761    0.152845    5.407011
    0.862745    0.617887    0.578872   -1.103951    1.163948    -6024.353314     2449.169524   21.810101    8.278475    0.152845    5.407011
    0.872549    0.587587    0.638676   -1.151682    1.076933    -6137.418466     2436.264443   22.010927    8.328171    0.152845    5.407011
    0.882353    0.554690    0.700896   -1.195072    0.991044    -6235.922116     2422.649210   22.201229    8.370822    0.152845    5.407011
    0.892157    0.519230    0.765304   -1.234307    0.908901    -6320.689243     2408.482528   22.380145    8.406566    0.152845    5.407011
    0.901961    0.481272    0.831688   -1.269670    0.832379    -6392.769768     2393.885484   22.546832    8.435709    0.152845    5.407011
    0.911765    0.440912    0.899852   -1.301511    0.762690    -6453.328902     2378.943249   22.700474    8.458714    0.152845    5.407011
    0.921569    0.398281    0.969619   -1.330213    0.700509    -6503.561135     2363.707961   22.840290    8.476189    0.152845    5.407011
    0.931373    0.353539    1.040833   -1.356172    0.646091    -6544.628141     2348.202151   22.965551    8.488854    0.152845    5.407011
    0.941176    0.306872    1.113358   -1.379781    0.599374    -6577.617899     2332.422289   23.075584    8.497509    0.152845    5.407011
    0.950980    0.258495    1.187082   -1.401423    0.560025    -6603.521013     2316.342192   23.169782    8.502986    0.152845    5.407011
    0.960784    0.208645    1.261909   -1.421459    0.527334    -6623.220046     2299.916171   23.247614    8.506107    0.152845    5.407011
    0.970588    0.157583    1.337762   -1.440221    0.499559    -6637.488221     2283.081922   23.308634    8.507632    0.152845    5.407011
    0.980392    0.105587    1.414583   -1.457953    0.470136    -6646.994954     2265.763228   23.352483    8.508212    0.152845    5.407011
    0.990196    0.052955    1.492312   -1.474354    0.401091    -6652.317874     2247.872545   23.378899    8.508348    0.152845    5.407011
    1.000000   -0.000000    1.570796   -1.484426    0.000000    -6653.971997     2229.313622   23.387723    8.508357    0.152845    5.407011
