           t           r         psi          cs          qs               p             sig           A           V          Q2           S
    0.000000    0.000000   -1.570796    2.620519    0.000000       48.426261       -7.361928    0.000000    0.000000    0.194323    5.692537
    0.002488    0.014157   -1.607889    2.617206    0.627038       48.444924       -7.804428    0.000630   -0.000000    0.194323    5.692537
    0.004975    0.028295   -1.644886    2.607100    1.275873       48.502450       -8.241673    0.002519   -0.000001    0.194323    5.692537
    0.007463    0.042394   -1.681691    2.589949    1.946176       48.600408       -8.673818    0.005664   -0.000007    0.194323    5.692537
    0.009950    0.056436   -1.718202    2.565503    2.637499       48.740014       -9.101021    0.010061   -0.000021    0.194323    5.692537
    0.012438    0.070402   -1.754314    2.533513    3.349266       48.922272       -9.523436    0.015704   -0.000051    0.194323    5.692537
    0.014925    0.084276   -1.789917    2.493733    4.080764       49.148010       -9.941217    0.022586   -0.000104    0.194323    5.692537
    0.017413    0.098041   -1.824901    2.445923    4.831137       49.417884      -10.354515    0.030698   -0.000192    0.194323    5.692537
    0.019900    0.111683   -1.859149    2.389851    5.599374       49.732382      -10.763478    0.040028   -0.000323    0.194323    5.692537
    0.022388    0.125189   -1.892544    2.325294    6.384302       50.091822      -11.168249    0.050567   -0.000511    0.194323    5.692537
    0.024876    0.138548   -1.924963    2.252044    7.184576       50.496344      -11.568966    0.062301   -0.000769    0.194323    5.692537
    0.027363    0.151750   -1.956282    2.169907    7.998666       50.945910      -11.965762    0.075217   -0.001108    0.194323    5.692537
    0.029851    0.164788   -1.986375    2.078709    8.824844       51.440297      -12.358760    0.089300   -0.001543    0.194323    5.692537
    0.032338    0.177659   -2.015110    1.978300    9.661175       51.979096      -12.748078    0.104535   -0.002088    0.194323    5.692537
    0.034826    0.190359   -2.042358    1.868556   10.505495       52.561709      -13.133826    0.120908   -0.002755    0.194323    5.692537
    0.037313    0.202890   -2.067985    1.749387   11.355403       53.187348      -13.516103    0.138404   -0.003557    0.194323    5.692537
    0.039801    0.215253   -2.091858    1.620736   12.208234       53.855035      -13.895001    0.157007   -0.004506    0.194323    5.692537
    0.042289    0.227454   -2.113841    1.482592   13.061047       54.563603      -14.270601    0.176703   -0.005612    0.194323    5.692537
    0.044776    0.239503   -2.133802    1.334990   13.910602       55.311693      -14.642972    0.197477   -0.006887    0.194323    5.692537
    0.047264    0.251408   -2.151606    1.178017   14.753334       56.097756      -15.012175    0.219317   -0.008339    0.194323    5.692537
    0.049751    0.263185   -2.167121    1.011819   15.585340       56.920051      -15.378256    0.242210   -0.009975    0.194323    5.692537
    0.052239    0.274847   -2.180219    0.836610   16.402351       57.776642      -15.741252    0.266146   -0.011802    0.194323    5.692537
    0.054726    0.286414   -2.190773    0.652670   17.199718       58.665388      -16.101183    0.291116   -0.013824    0.194323    5.692537
    0.057214    0.297904   -2.198664    0.460361   17.972396       59.583940      -16.458059    0.317111   -0.016043    0.194323    5.692537
    0.059701    0.309341   -2.203774    0.260122   18.714939       60.529725      -16.811872    0.344125   -0.018462    0.194323    5.692537
    0.062189    0.320747   -2.205996    0.052481   19.421499       61.499926      -17.162600    0.372156   -0.021079    0.194323    5.692537
    0.064677    0.332146   -2.205228   -0.161945   20.085843       62.491461      -17.510204    0.401201   -0.023892    0.194323    5.692537
    0.067164    0.343565   -2.201380   -0.382447   20.701380       63.500955      -17.854623    0.431261   -0.026895    0.194323    5.692537
    0.069652    0.355030   -2.194372   -0.608223   21.261215       64.524702      -18.195779    0.462338   -0.030081    0.194323    5.692537
    0.072139    0.366565   -2.184134   -0.838376   21.758214       65.558624      -18.533569    0.494439   -0.033440    0.194323    5.692537
    0.074627    0.378197   -2.170612   -1.071922   22.185097       66.598223      -18.867864    0.527570   -0.036958    0.194323    5.692537
    0.077114    0.389950   -2.153765   -1.307793   22.534563       67.638529      -19.198509    0.561742   -0.040617    0.194323    5.692537
    0.079602    0.401848   -2.133568   -1.544842   22.799423       68.674035      -19.525312    0.596965   -0.044398    0.194323    5.692537
    0.082090    0.413910   -2.110014   -1.781856   22.972769       69.698638      -19.848049    0.633254   -0.048273    0.194323    5.692537
    0.084577    0.426156   -2.083111   -2.017567   23.048152       70.705570      -20.166451    0.670624   -0.052213    0.194323    5.692537
    0.087065    0.438599   -2.052886   -2.250667   23.019773       71.687330      -20.480200    0.709093   -0.056181    0.194323    5.692537
    0.089552    0.451252   -2.019388   -2.479822   22.882672       72.635618      -20.788925    0.748678   -0.060133    0.194323    5.692537
    0.092040    0.464120   -1.982680   -2.703694   22.632920       73.541276      -21.092190    0.789398   -0.064021    0.194323    5.692537
    0.094527    0.477204   -1.942848   -2.920954   22.267777       74.394231      -21.389483    0.831273   -0.067786    0.194323    5.692537
    0.097015    0.490501   -1.899993   -3.130306   21.785835       75.183468      -21.680210    0.874321   -0.071363    0.194323    5.692537
    0.099502    0.504000   -1.854237   -3.330499   21.187120       75.897007      -21.963674    0.918562   -0.074680    0.194323    5.692537
    0.101990    0.517685   -1.805718   -3.520347   20.473147       76.521924      -22.239068    0.964012   -0.077655    0.194323    5.692537
    0.104478    0.531535   -1.754591   -3.698746   19.646926       77.044403      -22.505451    1.010687   -0.080199    0.194323    5.692537
    0.106965    0.545519   -1.701025   -3.864680   18.712928       77.449848      -22.761734    1.058600   -0.082216    0.194323    5.692537
    0.109453    0.559603   -1.645202   -4.017236   17.676994       77.723049      -23.006658    1.107763   -0.083603    0.194323    5.692537
    0.111940    0.573747   -1.587319   -4.155611   16.546209       77.848447      -23.238768    1.158182   -0.084251    0.194323    5.692537
    0.114428    0.587904   -1.527581   -4.279110   15.328742       77.810474      -23.456398    1.209860   -0.084049    0.194323    5.692537
    0.116915    0.602024   -1.466203   -4.387155   14.033671       77.594029      -23.657638    1.262796   -0.082884    0.194323    5.692537
    0.119403    0.616052   -1.403407   -4.479277   12.670787       77.185070      -23.840321    1.316985   -0.080645    0.194323    5.692537
    0.121891    0.629930   -1.339422   -4.555119   11.250415       76.571348      -24.001996    1.372416   -0.077223    0.194323    5.692537
    0.124378    0.643598   -1.274480   -4.614427    9.783233       75.743294      -24.139917    1.429073   -0.072517    0.194323    5.692537
    0.126866    0.656996   -1.208815   -4.657045    8.280120       74.695027      -24.251035    1.486934   -0.066433    0.194323    5.692537
    0.129353    0.670064   -1.142666   -4.682911    6.752031       73.425479      -24.332000    1.545973   -0.058892    0.194323    5.692537
    0.131841    0.682742   -1.076269   -4.692052    5.209897       71.939572      -24.379180    1.606158   -0.049829    0.194323    5.692537
    0.134328    0.694974   -1.009861   -4.684578    3.664560       70.249373      -24.388695    1.667452   -0.039195    0.194323    5.692537
    0.136816    0.706706   -0.943674   -4.660678    2.126735       68.375109      -24.356477    1.729811   -0.026962    0.194323    5.692537
    0.139303    0.717890   -0.877941   -4.620620    0.606992       66.345910      -24.278357    1.793191   -0.013120    0.194323    5.692537
    0.141791    0.728483   -0.812888   -4.564749   -0.884250       64.200100      -24.150172    1.857540    0.002320    0.194323    5.692537
    0.144279    0.738448   -0.748735   -4.493488   -2.336723       61.984891      -23.967910    1.922804    0.019324    0.194323    5.692537
    0.146766    0.747753   -0.685698   -4.407339   -3.740323       59.755297      -23.727880    1.988925    0.037841    0.194323    5.692537
    0.149254    0.756374   -0.623982   -4.306890   -5.085142       57.572211      -23.426899    2.055843    0.057801    0.194323    5.692537
    0.151741    0.764296   -0.563787   -4.192813   -6.361532       55.499604      -23.062489    2.123498    0.079120    0.194323    5.692537
    0.154229    0.771507   -0.505298   -4.065867   -7.560211       53.600994      -22.633081    2.191826    0.101696    0.194323    5.692537
    0.156716    0.778005   -0.448694   -3.926903   -8.672408       51.935416      -22.138185    2.260764    0.125422    0.194323    5.692537
    0.159204    0.783794   -0.394136   -3.776861   -9.690049       50.553272      -21.578538    2.330249    0.150180    0.194323    5.692537
    0.161692    0.788885   -0.341776   -3.616765  -10.605964       49.492525      -20.956186    2.400217    0.175850    0.194323    5.692537
    0.164179    0.793293   -0.291748   -3.447721  -11.414120       48.775697      -20.274505    2.470608    0.202309    0.194323    5.692537
    0.166667    0.797039   -0.244170   -3.270901  -12.109827       48.408068      -19.538145    2.541361    0.229436    0.194323    5.692537
    0.169154    0.800149   -0.199143   -3.087536  -12.689928       48.377330      -18.752900    2.612419    0.257117    0.194323    5.692537
    0.171642    0.802652   -0.156752   -2.898896  -13.152928       48.654732      -17.925512    2.683727    0.285239    0.194323    5.692537
    0.174129    0.804581   -0.117062   -2.706274  -13.499058       49.197556      -17.063416    2.755231    0.313702    0.194323    5.692537
    0.176617    0.805972   -0.080120   -2.510968  -13.730259       49.952578      -16.174468    2.826883    0.342413    0.194323    5.692537
    0.179104    0.806861   -0.045956   -2.314257  -13.850093       50.860061      -15.266656    2.898636    0.371287    0.194323    5.692537
    0.181592    0.807286   -0.014579   -2.117391  -13.863583       51.857819      -14.347822    2.970448    0.400253    0.194323    5.692537
    0.184080    0.807286    0.014016   -1.921565  -13.776996       52.884925      -13.425426    3.042278    0.429246    0.194323    5.692537
    0.186567    0.806902    0.039852   -1.727913  -13.597598       53.884765      -12.506347    3.114090    0.458216    0.194323    5.692537
    0.189055    0.806171    0.062968   -1.537490  -13.333386       54.807280      -11.596736    3.185853    0.487117    0.194323    5.692537
    0.191542    0.805132    0.083416   -1.351268  -12.992823       55.610343      -10.701926    3.257536    0.515916    0.194323    5.692537
    0.194030    0.803824    0.101261   -1.170131  -12.584598       56.260356       -9.826389    3.329115    0.544585    0.194323    5.692537
    0.196517    0.802282    0.116583   -0.994866  -12.117406       56.732182       -8.973733    3.400567    0.573104    0.194323    5.692537
    0.199005    0.800541    0.129468   -0.826171  -11.599773       57.008610       -8.146737    3.471873    0.601461    0.194323    5.692537
    0.201493    0.798636    0.140015   -0.664650  -11.039908       57.079479       -7.347407    3.543016    0.629645    0.194323    5.692537
    0.203980    0.796599    0.148328   -0.510820  -10.445609       56.940652       -6.577052    3.613983    0.657653    0.194323    5.692537
    0.206468    0.794461    0.154520   -0.365110   -9.824184       56.592928       -5.836369    3.684765    0.685485    0.194323    5.692537
    0.208955    0.792250    0.158708   -0.227871   -9.182422       56.040998       -5.125523    3.755353    0.713143    0.194323    5.692537
    0.211443    0.789993    0.161015   -0.099379   -8.526569       55.292486       -4.444238    3.825742    0.740630    0.194323    5.692537
    0.213930    0.787717    0.161565    0.020164   -7.862337       54.357126       -3.791868    3.895929    0.767954    0.194323    5.692537
    0.216418    0.785445    0.160487    0.130619   -7.194920       53.246057       -3.167479    3.965913    0.795122    0.194323    5.692537
    0.218905    0.783199    0.157909    0.231910   -6.529019       51.971261       -2.569904    4.035697    0.822141    0.194323    5.692537
    0.221393    0.780998    0.153962    0.324019   -5.868871       50.545124       -1.997804    4.105282    0.849022    0.194323    5.692537
    0.223881    0.778861    0.148776    0.406981   -5.218286       48.980093       -1.449710    4.174675    0.875772    0.194323    5.692537
    0.226368    0.776805    0.142479    0.480880   -4.580671       47.288431       -0.924069    4.243881    0.902402    0.194323    5.692537
    0.228856    0.774844    0.135199    0.545848   -3.959069       45.482045       -0.419270    4.312907    0.928920    0.194323    5.692537
    0.231343    0.772992    0.127061    0.602060   -3.356180       43.572370        0.066323    4.381765    0.955336    0.194323    5.692537
    0.233831    0.771259    0.118188    0.649730   -2.774384       41.570299        0.534359    4.450462    0.981658    0.194323    5.692537
    0.236318    0.769656    0.108699    0.689112   -2.215767       39.486150        0.986475    4.519011    1.007894    0.194323    5.692537
    0.238806    0.768189    0.098709    0.720491   -1.682135       37.329652        1.424289    4.587424    1.034054    0.194323    5.692537
    0.241294    0.766866    0.088330    0.744187   -1.175028       35.109960        1.849391    4.655712    1.060146    0.194323    5.692537
    0.243781    0.765692    0.077668    0.760545   -0.695735       32.835671        2.263332    4.723890    1.086177    0.194323    5.692537
    0.246269    0.764670    0.066824    0.769938   -0.245306       30.514858        2.667624    4.791969    1.112155    0.194323    5.692537
    0.248756    0.763801    0.055893    0.772758    0.175442       28.155104        3.063735    4.859965    1.138088    0.194323    5.692537
    0.251244    0.763088    0.044967    0.769418    0.565908       25.763540        3.453086    4.927890    1.163983    0.194323    5.692537
    0.253731    0.762528    0.034130    0.760343    0.925704       23.346883        3.837053    4.995758    1.189847    0.194323    5.692537
    0.256219    0.762121    0.023459    0.745973    1.254638       20.911480        4.216966    5.063583    1.215688    0.194323    5.692537
    0.258706    0.761863    0.013026    0.726754    1.552710       18.463343        4.594106    5.131379    1.241513    0.194323    5.692537
    0.261194    0.761750    0.002897    0.703137    1.820096       16.008186        4.969712    5.199159    1.267329    0.194323    5.692537
    0.263682    0.761779   -0.006869    0.675575    2.057138       13.551461        5.344973    5.266934    1.293143    0.194323    5.692537
    0.266169    0.761943   -0.016220    0.644519    2.264330       11.098388        5.721038    5.334719    1.318962    0.194323    5.692537
    0.268657    0.762236   -0.025108    0.610415    2.442312        8.653989        6.099008    5.402523    1.344793    0.194323    5.692537
    0.271144    0.762651   -0.033495    0.573702    2.591847        6.223106        6.479942    5.470360    1.370642    0.194323    5.692537
    0.273632    0.763182   -0.041346    0.534809    2.713819        3.810435        6.864855    5.538238    1.396516    0.194323    5.692537
    0.276119    0.763819   -0.048633    0.494151    2.809213        1.420532        7.254718    5.606168    1.422422    0.194323    5.692537
    0.278607    0.764556   -0.055334    0.452132    2.879106       -0.942159        7.650457    5.674160    1.448366    0.194323    5.692537
    0.281095    0.765383   -0.061433    0.409136    2.924655       -3.273305        8.052955    5.742221    1.474353    0.194323    5.692537
    0.283582    0.766292   -0.066919    0.365530    2.947088       -5.568669        8.463047    5.810360    1.500391    0.194323    5.692537
    0.286070    0.767274   -0.071784    0.321663    2.947690       -7.824115        8.881520    5.878582    1.526484    0.194323    5.692537
    0.288557    0.768320   -0.076029    0.277861    2.927795      -10.035602        9.309116    5.946895    1.552637    0.194323    5.692537
    0.291045    0.769422   -0.079655    0.234431    2.888778      -12.199197        9.746521    6.015304    1.578856    0.194323    5.692537
    0.293532    0.770571   -0.082671    0.191657    2.832043      -14.311084       10.194374    6.083813    1.605145    0.194323    5.692537
    0.296020    0.771758   -0.085088    0.149801    2.759020      -16.367577       10.653256    6.152426    1.631507    0.194323    5.692537
    0.298507    0.772975   -0.086919    0.109101    2.671154      -18.365143       11.123691    6.221145    1.657947    0.194323    5.692537
    0.300995    0.774214   -0.088184    0.069773    2.569896      -20.300423       11.606146    6.289974    1.684468    0.194323    5.692537
    0.303483    0.775467   -0.088903    0.032010    2.456701      -22.170260       12.101024    6.358914    1.711072    0.194323    5.692537
    0.305970    0.776726   -0.089099   -0.004019    2.333019      -23.971728       12.608668    6.427966    1.737761    0.194323    5.692537
    0.308458    0.777984   -0.088798   -0.038166    2.200287      -25.702162       13.129353    6.497130    1.764538    0.194323    5.692537
    0.310945    0.779235   -0.088027   -0.070306    2.059924      -27.359193       13.663288    6.566406    1.791401    0.194323    5.692537
    0.313433    0.780472   -0.086816   -0.100334    1.913324      -28.940779       14.210614    6.635792    1.818354    0.194323    5.692537
    0.315920    0.781689   -0.085196   -0.128170    1.761851      -30.445237       14.771401    6.705287    1.845394    0.194323    5.692537
    0.318408    0.782880   -0.083197   -0.153749    1.606830      -31.871275       15.345651    6.774890    1.872522    0.194323    5.692537
    0.320896    0.784041   -0.080852   -0.177030    1.449544      -33.218018       15.933296    6.844597    1.899737    0.194323    5.692537
    0.323383    0.785166   -0.078194   -0.197989    1.291222      -34.485031       16.534197    6.914406    1.927037    0.194323    5.692537
    0.325871    0.786252   -0.075256   -0.216620    1.133042      -35.672341       17.148150    6.984314    1.954419    0.194323    5.692537
    0.328358    0.787294   -0.072071   -0.232932    0.976117      -36.780446       17.774883    7.054316    1.981883    0.194323    5.692537
    0.330846    0.788290   -0.068670   -0.246954    0.821494      -37.810327       18.414060    7.124409    2.009424    0.194323    5.692537
    0.333333    0.789237   -0.065087   -0.258725    0.670147      -38.763442       19.065285    7.194588    2.037039    0.194323    5.692537
    0.335821    0.790131   -0.061353   -0.268300    0.522973      -39.641727       19.728105    7.264849    2.064726    0.194323    5.692537
    0.338308    0.790972   -0.057499   -0.275747    0.380791      -40.447573       20.402014    7.335188    2.092480    0.194323    5.692537
    0.340796    0.791758   -0.053553   -0.281142    0.244334      -41.183812       21.086459    7.405598    2.120298    0.194323    5.692537
    0.343284    0.792488   -0.049546   -0.284574    0.114250      -41.853683       21.780843    7.476077    2.148174    0.194323    5.692537
    0.345771    0.793161   -0.045503   -0.286138   -0.008898      -42.460805       22.484532    7.546617    2.176106    0.194323    5.692537
    0.348259    0.793776   -0.041450   -0.285938   -0.124639      -43.009128       23.196864    7.617215    2.204089    0.194323    5.692537
    0.350746    0.794334   -0.037412   -0.284084   -0.232585      -43.502895       23.917148    7.687865    2.232117    0.194323    5.692537
    0.353234    0.794836   -0.033412   -0.280689   -0.332438      -43.946592       24.644676    7.758563    2.260187    0.194323    5.692537
    0.355721    0.795281   -0.029470   -0.275871   -0.423981      -44.344897       25.378728    7.829302    2.288294    0.194323    5.692537
    0.358209    0.795671   -0.025605   -0.269751   -0.507081      -44.702628       26.118578    7.900078    2.316434    0.194323    5.692537
    0.360697    0.796006   -0.021836   -0.262450   -0.581681      -45.024690       26.863497    7.970887    2.344603    0.194323    5.692537
    0.363184    0.796290   -0.018177   -0.254090   -0.647798      -45.316025       27.612764    8.041724    2.372795    0.194323    5.692537
    0.365672    0.796522   -0.014644   -0.244791   -0.705518      -45.581560       28.365669    8.112583    2.401008    0.194323    5.692537
    0.368159    0.796705   -0.011248   -0.234674   -0.754990      -45.826161       29.121516    8.183460    2.429237    0.194323    5.692537
    0.370647    0.796841   -0.008001   -0.223856   -0.796419      -46.054589       29.879631    8.254352    2.457478    0.194323    5.692537
    0.373134    0.796932   -0.004911   -0.212449   -0.830063      -46.271459       30.639364    8.325254    2.485728    0.194323    5.692537
    0.375622    0.796981   -0.001987   -0.200565   -0.856226      -46.481207       31.400092    8.396162    2.513983    0.194323    5.692537
    0.378109    0.796989    0.000767   -0.188309   -0.875248      -46.688058       32.161225    8.467073    2.542241    0.194323    5.692537
    0.380597    0.796960    0.003345   -0.175781   -0.887503      -46.895999       32.922205    8.537983    2.570497    0.194323    5.692537
    0.383085    0.796895    0.005745   -0.163076   -0.893393      -47.108760       33.682512    8.608888    2.598750    0.194323    5.692537
    0.385572    0.796798    0.007963   -0.150285   -0.893338      -47.329799       34.441662    8.679787    2.626997    0.194323    5.692537
    0.388060    0.796671    0.010001   -0.137490   -0.887775      -47.562289       35.199208    8.750675    2.655236    0.194323    5.692537
    0.390547    0.796516    0.011858   -0.124770   -0.877148      -47.809112       35.954744    8.821551    2.683464    0.194323    5.692537
    0.393035    0.796336    0.013535   -0.112194   -0.861908      -48.072858       36.707903    8.892412    2.711679    0.194323    5.692537
    0.395522    0.796133    0.015036   -0.099830   -0.842505      -48.355822       37.458355    8.963255    2.739881    0.194323    5.692537
    0.398010    0.795911    0.016364   -0.087734   -0.819383      -48.660013       38.205811    9.034080    2.768066    0.194323    5.692537
    0.400498    0.795671    0.017522   -0.075960   -0.792982      -48.987159       38.950016    9.104884    2.796235    0.194323    5.692537
    0.402985    0.795415    0.018517   -0.064554   -0.763726      -49.338717       39.690755    9.175667    2.824385    0.194323    5.692537
    0.405473    0.795147    0.019352   -0.053557   -0.732028      -49.715882       40.427846    9.246425    2.852517    0.194323    5.692537
    0.407960    0.794868    0.020036   -0.043003   -0.698284      -50.119606       41.161141    9.317160    2.880629    0.194323    5.692537
    0.410448    0.794580    0.020573   -0.032922   -0.662871      -50.550604       41.890524    9.387869    2.908720    0.194323    5.692537
    0.412935    0.794286    0.020970   -0.023339   -0.626146      -51.009378       42.615908    9.458553    2.936791    0.194323    5.692537
    0.415423    0.793987    0.021236   -0.014271   -0.588447      -51.496225       43.337235    9.529210    2.964840    0.194323    5.692537
    0.417910    0.793685    0.021377   -0.005734   -0.550087      -52.011257       44.054475    9.599840    2.992868    0.194323    5.692537
    0.420398    0.793382    0.021401    0.002262   -0.511357      -52.554416       44.767620    9.670443    3.020875    0.194323    5.692537
    0.422886    0.793080    0.021316    0.009711   -0.472527      -53.125488       45.476685    9.741020    3.048860    0.194323    5.692537
    0.425373    0.792779    0.021128    0.016611   -0.433843      -53.724121       46.181707    9.811569    3.076824    0.194323    5.692537
    0.427861    0.792482    0.020848    0.022963   -0.395529      -54.349839       46.882740    9.882092    3.104768    0.194323    5.692537
    0.430348    0.792189    0.020481    0.028772   -0.357785      -55.002052       47.579857    9.952589    3.132690    0.194323    5.692537
    0.432836    0.791902    0.020035    0.034044   -0.320792      -55.680078       48.273145   10.023060    3.160592    0.194323    5.692537
    0.435323    0.791622    0.019519    0.038789   -0.284708      -56.383147       48.962704   10.093505    3.188475    0.194323    5.692537
    0.437811    0.791350    0.018939    0.043020   -0.249674      -57.110417       49.648646   10.163926    3.216338    0.194323    5.692537
    0.440299    0.791086    0.018303    0.046751   -0.215808      -57.860988       50.331095   10.234323    3.244183    0.194323    5.692537
    0.442786    0.790832    0.017617    0.049996   -0.183213      -58.633906       51.010182   10.304698    3.272010    0.194323    5.692537
    0.445274    0.790587    0.016889    0.052775   -0.151974      -59.428177       51.686046   10.375050    3.299820    0.194323    5.692537
    0.447761    0.790354    0.016125    0.055104   -0.122159      -60.242776       52.358832   10.445380    3.327613    0.194323    5.692537
    0.450249    0.790131    0.015331    0.057004   -0.093822      -61.076652       53.028691   10.515691    3.355391    0.194323    5.692537
    0.452736    0.789919    0.014512    0.058495   -0.067004      -61.928739       53.695776   10.585982    3.383154    0.194323    5.692537
    0.455224    0.789720    0.013676    0.059598   -0.041732      -62.797961       54.360245   10.656254    3.410902    0.194323    5.692537
    0.457711    0.789532    0.012826    0.060334   -0.018022      -63.683238       55.022256   10.726510    3.438638    0.194323    5.692537
    0.460199    0.789357    0.011969    0.060726    0.004121      -64.583490       55.681969   10.796749    3.466361    0.194323    5.692537
    0.462687    0.789193    0.011108    0.060795    0.024703      -65.497647       56.339544   10.866974    3.494072    0.194323    5.692537
    0.465174    0.789042    0.010248    0.060563    0.043735      -66.424648       56.995139   10.937184    3.521772    0.194323    5.692537
    0.467662    0.788903    0.009394    0.060052    0.061240      -67.363448       57.648911   11.007381    3.549463    0.194323    5.692537
    0.470149    0.788776    0.008549    0.059283    0.077245      -68.313019       58.301017   11.077567    3.577144    0.194323    5.692537
    0.472637    0.788661    0.007716    0.058278    0.091785      -69.272358       58.951610   11.147742    3.604818    0.194323    5.692537
    0.475124    0.788557    0.006899    0.057058    0.104898      -70.240483       59.600838   11.217907    3.632483    0.194323    5.692537
    0.477612    0.788465    0.006101    0.055643    0.116629      -71.216442       60.248849   11.288063    3.660142    0.194323    5.692537
    0.480100    0.788384    0.005324    0.054052    0.127026      -72.199310       60.895785   11.358212    3.687795    0.194323    5.692537
    0.482587    0.788314    0.004571    0.052304    0.136140      -73.188193       61.541785   11.428354    3.715443    0.194323    5.692537
    0.485075    0.788255    0.003844    0.050419    0.144025      -74.182231       62.186980   11.498490    3.743086    0.194323    5.692537
    0.487562    0.788205    0.003144    0.048413    0.150736      -75.180596       62.831500   11.568621    3.770726    0.194323    5.692537
    0.490050    0.788166    0.002473    0.046304    0.156332      -76.182496       63.475468   11.638749    3.798362    0.194323    5.692537
    0.492537    0.788135    0.001833    0.044108    0.160872      -77.187174       64.119002   11.708873    3.825997    0.194323    5.692537
    0.495025    0.788114    0.001224    0.041840    0.164415      -78.193910       64.762215   11.778995    3.853629    0.194323    5.692537
    0.497512    0.788100    0.000648    0.039514    0.167021      -79.202020       65.405213   11.849116    3.881260    0.194323    5.692537
    0.500000    0.788095    0.000105    0.037144    0.168751      -80.210859       66.048096   11.919235    3.908891    0.194323    5.692537
    0.502488    0.788097   -0.000404    0.034744    0.169664      -81.219820       66.690961   11.989355    3.936521    0.194323    5.692537
    0.504975    0.788106   -0.000878    0.032324    0.169821      -82.228331       67.333896   12.059475    3.964152    0.194323    5.692537
    0.507463    0.788122   -0.001319    0.029897    0.169279      -83.235863       67.976984   12.129596    3.991784    0.194323    5.692537
    0.509950    0.788144   -0.001725    0.027472    0.168098      -84.241919       68.620303   12.199718    4.019417    0.194323    5.692537
    0.512438    0.788171   -0.002097    0.025059    0.166332      -85.246045       69.263923   12.269843    4.047051    0.194323    5.692537
    0.514925    0.788203   -0.002435    0.022666    0.164039      -86.247821       69.907911   12.339971    4.074688    0.194323    5.692537
    0.517413    0.788240   -0.002739    0.020302    0.161271      -87.246865       70.552326   12.410102    4.102327    0.194323    5.692537
    0.519900    0.788280   -0.003010    0.017974    0.158082      -88.242834       71.197220   12.480236    4.129969    0.194323    5.692537
    0.522388    0.788325   -0.003248    0.015688    0.154522      -89.235418       71.842643   12.550373    4.157614    0.194323    5.692537
    0.524876    0.788372   -0.003455    0.013450    0.150640      -90.224345       72.488637   12.620515    4.185262    0.194323    5.692537
    0.527363    0.788422   -0.003630    0.011264    0.146484      -91.209376       73.135237   12.690662    4.212913    0.194323    5.692537
    0.529851    0.788475   -0.003774    0.009136    0.142098      -92.190309       73.782476   12.760812    4.240568    0.194323    5.692537
    0.532338    0.788529   -0.003889    0.007068    0.137526      -93.166974       74.430379   12.830968    4.268227    0.194323    5.692537
    0.534826    0.788585   -0.003974    0.005064    0.132809      -94.139235       75.078968   12.901129    4.295889    0.194323    5.692537
    0.537313    0.788641   -0.004032    0.003126    0.127988      -95.106986       75.728258   12.971294    4.323556    0.194323    5.692537
    0.539801    0.788699   -0.004063    0.001255    0.123099      -96.070154       76.378259   13.041465    4.351226    0.194323    5.692537
    0.542289    0.788756   -0.004068   -0.000545    0.118178      -97.028698       77.028979   13.111640    4.378901    0.194323    5.692537
    0.544776    0.788814   -0.004048   -0.002276    0.113260      -97.982602       77.680418   13.181821    4.406579    0.194323    5.692537
    0.547264    0.788871   -0.004004   -0.003937    0.108375      -98.931883       78.332574   13.252007    4.434262    0.194323    5.692537
    0.549751    0.788927   -0.003937   -0.005527    0.103554      -99.876583       78.985439   13.322198    4.461949    0.194323    5.692537
    0.552239    0.788982   -0.003848   -0.007048    0.098825     -100.816771       79.639003   13.392394    4.489639    0.194323    5.692537
    0.554726    0.789036   -0.003738   -0.008501    0.094214     -101.752543       80.293250   13.462595    4.517333    0.194323    5.692537
    0.557214    0.789088   -0.003607   -0.009886    0.089745     -102.684018       80.948161   13.532800    4.545031    0.194323    5.692537
    0.559701    0.789138   -0.003458   -0.011206    0.085441     -103.611341       81.603714   13.603010    4.572733    0.194323    5.692537
    0.562189    0.789186   -0.003290   -0.012462    0.081323     -104.534676       82.259882   13.673225    4.600438    0.194323    5.692537
    0.564677    0.789231   -0.003105   -0.013658    0.077412     -105.454213       82.916636   13.743443    4.628147    0.194323    5.692537
    0.567164    0.789274   -0.002904   -0.014795    0.073724     -106.370160       83.573943   13.813666    4.655858    0.194323    5.692537
    0.569652    0.789313   -0.002687   -0.015878    0.070276     -107.282746       84.231769   13.883892    4.683572    0.194323    5.692537
    0.572139    0.789350   -0.002454   -0.016907    0.067084     -108.192219       84.890073   13.954121    4.711290    0.194323    5.692537
    0.574627    0.789383   -0.002208   -0.017889    0.064162     -109.098845       85.548817   14.024354    4.739009    0.194323    5.692537
    0.577114    0.789412   -0.001948   -0.018825    0.061521     -110.002907       86.207954   14.094589    4.766731    0.194323    5.692537
    0.579602    0.789438   -0.001675   -0.019720    0.059174     -110.904706       86.867440   14.164827    4.794455    0.194323    5.692537
    0.582090    0.789460   -0.001390   -0.020577    0.057130     -111.804558       87.527226   14.235067    4.822180    0.194323    5.692537
    0.584577    0.789477   -0.001092   -0.021401    0.055400     -112.702792       88.187260   14.305308    4.849907    0.194323    5.692537
    0.587065    0.789491   -0.000784   -0.022196    0.053990     -113.599756       88.847489   14.375551    4.877635    0.194323    5.692537
    0.589552    0.789499   -0.000464   -0.022967    0.052910     -114.495807       89.507858   14.445795    4.905363    0.194323    5.692537
    0.592040    0.789504   -0.000133   -0.023717    0.052165     -115.391319       90.168311   14.516040    4.933092    0.194323    5.692537
    0.594527    0.789503    0.000208   -0.024451    0.051761     -116.286676       90.828787   14.586285    4.960822    0.194323    5.692537
    0.597015    0.789498    0.000559   -0.025175    0.051704     -117.182276       91.489226   14.656529    4.988551    0.194323    5.692537
    0.599502    0.789487    0.000921   -0.025892    0.051999     -118.078529       92.149564   14.726773    5.016279    0.194323    5.692537
    0.601990    0.789472    0.001292   -0.026608    0.052649     -118.975856       92.809738   14.797016    5.044007    0.194323    5.692537
    0.604478    0.789451    0.001674   -0.027328    0.053659     -119.874688       93.469680   14.867257    5.071733    0.194323    5.692537
    0.606965    0.789424    0.002066   -0.028055    0.055032     -120.775470       94.129322   14.937496    5.099458    0.194323    5.692537
    0.609453    0.789392    0.002469   -0.028796    0.056771     -121.678655       94.788595   15.007732    5.127180    0.194323    5.692537
    0.611940    0.789354    0.002882   -0.029555    0.058879     -122.584710       95.447426   15.077965    5.154900    0.194323    5.692537
    0.614428    0.789310    0.003306   -0.030337    0.061360     -123.494110       96.105741   15.148195    5.182617    0.194323    5.692537
    0.616915    0.789261    0.003741   -0.031148    0.064214     -124.407343       96.763467   15.218420    5.210331    0.194323    5.692537
    0.619403    0.789204    0.004188   -0.031992    0.067446     -125.324906       97.420525   15.288641    5.238041    0.194323    5.692537
    0.621891    0.789142    0.004647   -0.032874    0.071058     -126.247310       98.076836   15.358856    5.265747    0.194323    5.692537
    0.624378    0.789073    0.005120   -0.033800    0.075052     -127.175075       98.732319   15.429066    5.293448    0.194323    5.692537
    0.626866    0.788997    0.005605   -0.034775    0.079430     -128.108733       99.386892   15.499269    5.321144    0.194323    5.692537
    0.629353    0.788914    0.006105   -0.035803    0.084197     -129.048828      100.040469   15.569465    5.348834    0.194323    5.692537
    0.631841    0.788824    0.006619   -0.036891    0.089354     -129.995918      100.692962   15.639653    5.376518    0.194323    5.692537
    0.634328    0.788726    0.007150   -0.038043    0.094906     -130.950572      101.344283   15.709833    5.404196    0.194323    5.692537
    0.636816    0.788621    0.007697   -0.039265    0.100854     -131.913373      101.994338   15.780004    5.431866    0.194323    5.692537
    0.639303    0.788508    0.008262   -0.040562    0.107204     -132.884918      102.643035   15.850165    5.459528    0.194323    5.692537
    0.641791    0.788387    0.008846   -0.041938    0.113959     -133.865816      103.290274   15.920316    5.487183    0.194323    5.692537
    0.644279    0.788258    0.009450   -0.043401    0.121123     -134.856695      103.935958   15.990456    5.514828    0.194323    5.692537
    0.646766    0.788119    0.010076   -0.044955    0.128700     -135.858194      104.579981   16.060584    5.542464    0.194323    5.692537
    0.649254    0.787972    0.010724   -0.046605    0.136697     -136.870970      105.222240   16.130699    5.570089    0.194323    5.692537
    0.651741    0.787816    0.011396   -0.048357    0.145117     -137.895699      105.862624   16.200800    5.597704    0.194323    5.692537
    0.654229    0.787649    0.012094   -0.050216    0.153966     -138.933069      106.501022   16.270887    5.625307    0.194323    5.692537
    0.656716    0.787473    0.012819   -0.052189    0.163251     -139.983790      107.137316   16.340959    5.652898    0.194323    5.692537
    0.659204    0.787286    0.013572   -0.054280    0.172977     -141.048589      107.771387   16.411015    5.680476    0.194323    5.692537
    0.661692    0.787088    0.014357   -0.056496    0.183151     -142.128211      108.403112   16.481054    5.708040    0.194323    5.692537
    0.664179    0.786879    0.015173   -0.058842    0.193780     -143.223422      109.032363   16.551075    5.735589    0.194323    5.692537
    0.666667    0.786659    0.016024   -0.061324    0.204870     -144.335007      109.659008   16.621076    5.763124    0.194323    5.692537
    0.669154    0.786425    0.016911   -0.063948    0.216428     -145.463771      110.282910   16.691058    5.790641    0.194323    5.692537
    0.671642    0.786180    0.017836   -0.066721    0.228463     -146.610542      110.903928   16.761018    5.818142    0.194323    5.692537
    0.674129    0.785920    0.018801   -0.069647    0.240981     -147.776166      111.521916   16.830955    5.845625    0.194323    5.692537
    0.676617    0.785647    0.019809   -0.072733    0.253990     -148.961513      112.136724   16.900869    5.873088    0.194323    5.692537
    0.679104    0.785359    0.020862   -0.075985    0.267498     -150.167472      112.748195   16.970758    5.900532    0.194323    5.692537
    0.681592    0.785056    0.021962   -0.079410    0.281513     -151.394953      113.356169   17.040621    5.927954    0.194323    5.692537
    0.684080    0.784737    0.023111   -0.083014    0.296041     -152.644891      113.960477   17.110455    5.955353    0.194323    5.692537
    0.686567    0.784401    0.024314   -0.086803    0.311090     -153.918237      114.560949   17.180261    5.982730    0.194323    5.692537
    0.689055    0.784048    0.025571   -0.090784    0.326668     -155.215965      115.157405   17.250036    6.010081    0.194323    5.692537
    0.691542    0.783677    0.026886   -0.094963    0.342780     -156.539068      115.749662   17.319779    6.037406    0.194323    5.692537
    0.694030    0.783286    0.028261   -0.099347    0.359434     -157.888559      116.337528   17.389489    6.064703    0.194323    5.692537
    0.696517    0.782876    0.029700   -0.103943    0.376636     -159.265465      116.920809   17.459162    6.091972    0.194323    5.692537
    0.699005    0.782445    0.031206   -0.108756    0.394389     -160.670834      117.499301   17.528798    6.119210    0.194323    5.692537
    0.701493    0.781992    0.032781   -0.113795    0.412700     -162.105726      118.072794   17.598395    6.146416    0.194323    5.692537
    0.703980    0.781517    0.034430   -0.119065    0.431571     -163.571213      118.641076   17.667950    6.173589    0.194323    5.692537
    0.706468    0.781017    0.036155   -0.124573    0.451005     -165.068381      119.203922   17.737462    6.200726    0.194323    5.692537
    0.708955    0.780492    0.037959   -0.130326    0.471004     -166.598322      119.761106   17.806929    6.227825    0.194323    5.692537
    0.711443    0.779942    0.039847   -0.136331    0.491568     -168.162133      120.312393   17.876348    6.254886    0.194323    5.692537
    0.713930    0.779364    0.041821   -0.142594    0.512696     -169.760915      120.857543   17.945716    6.281905    0.194323    5.692537
    0.716418    0.778757    0.043886   -0.149122    0.534386     -171.395766      121.396309   18.015032    6.308881    0.194323    5.692537
    0.718905    0.778121    0.046046   -0.155922    0.556634     -173.067781      121.928438   18.084292    6.335811    0.194323    5.692537
    0.721393    0.777453    0.048304   -0.162999    0.579433     -174.778043      122.453672   18.153495    6.362694    0.194323    5.692537
    0.723881    0.776753    0.050663   -0.170361    0.602776     -176.527624      122.971747   18.222637    6.389526    0.194323    5.692537
    0.726368    0.776019    0.053130   -0.178013    0.626653     -178.317575      123.482393   18.291714    6.416306    0.194323    5.692537
    0.728856    0.775248    0.055706   -0.185961    0.651053     -180.148922      123.985335   18.360725    6.443030    0.194323    5.692537
    0.731343    0.774441    0.058398   -0.194212    0.675961     -182.022662      124.480296   18.429666    6.469695    0.194323    5.692537
    0.733831    0.773595    0.061208   -0.202770    0.701360     -183.939755      124.966990   18.498533    6.496300    0.194323    5.692537
    0.736318    0.772708    0.064142   -0.211642    0.727232     -185.901118      125.445132   18.567324    6.522841    0.194323    5.692537
    0.738806    0.771779    0.067204   -0.220831    0.753553     -187.907616      125.914430   18.636033    6.549314    0.194323    5.692537
    0.741294    0.770806    0.070398   -0.230343    0.780301     -189.960058      126.374592   18.704658    6.575716    0.194323    5.692537
    0.743781    0.769786    0.073729   -0.240182    0.807447     -192.059188      126.825323   18.773194    6.602044    0.194323    5.692537
    0.746269    0.768719    0.077201   -0.250352    0.834961     -194.205677      127.266325   18.841637    6.628295    0.194323    5.692537
    0.748756    0.767601    0.080820   -0.260856    0.862810     -196.400112      127.697303   18.909983    6.654463    0.194323    5.692537
    0.751244    0.766432    0.084591   -0.271698    0.890957     -198.642993      128.117958   18.978228    6.680546    0.194323    5.692537
    0.753731    0.765208    0.088517   -0.282879    0.919364     -200.934722      128.527996   19.046365    6.706540    0.194323    5.692537
    0.756219    0.763927    0.092604   -0.294402    0.947987     -203.275592      128.927122   19.114392    6.732439    0.194323    5.692537
    0.758706    0.762588    0.096856   -0.306268    0.976781     -205.665784      129.315046   19.182302    6.758239    0.194323    5.692537
    0.761194    0.761188    0.101279   -0.318478    1.005699     -208.105351      129.691480   19.250090    6.783936    0.194323    5.692537
    0.763682    0.759724    0.105878   -0.331032    1.034688     -210.594219      130.056142   19.317751    6.809525    0.194323    5.692537
    0.766169    0.758194    0.110656   -0.343929    1.063696     -213.132170      130.408757   19.385278    6.835000    0.194323    5.692537
    0.768657    0.756595    0.115620   -0.357168    1.092665     -215.718840      130.749055   19.452667    6.860357    0.194323    5.692537
    0.771144    0.754926    0.120773   -0.370747    1.121537     -218.353713      131.076776   19.519910    6.885590    0.194323    5.692537
    0.773632    0.753182    0.126121   -0.384662    1.150250     -221.036107      131.391668   19.587001    6.910693    0.194323    5.692537
    0.776119    0.751363    0.131669   -0.398911    1.178740     -223.765176      131.693492   19.653934    6.935660    0.194323    5.692537
    0.778607    0.749463    0.137420   -0.413489    1.206944     -226.539901      131.982018   19.720701    6.960486    0.194323    5.692537
    0.781095    0.747482    0.143381   -0.428390    1.234794     -229.359087      132.257031   19.787296    6.985163    0.194323    5.692537
    0.783582    0.745416    0.149554   -0.443608    1.262223     -232.221359      132.518329   19.853711    7.009685    0.194323    5.692537
    0.786070    0.743261    0.155946   -0.459136    1.289161     -235.125160      132.765725   19.919938    7.034046    0.194323    5.692537
    0.788557    0.741016    0.162559   -0.474967    1.315541     -238.068752      132.999049   19.985969    7.058239    0.194323    5.692537
    0.791045    0.738677    0.169399   -0.491092    1.341293     -241.050214      133.218148   20.051796    7.082255    0.194323    5.692537
    0.793532    0.736240    0.176468   -0.507500    1.366347     -244.067443      133.422888   20.117411    7.106089    0.194323    5.692537
    0.796020    0.733704    0.183773   -0.524182    1.390637     -247.118162      133.613151   20.182804    7.129732    0.194323    5.692537
    0.798507    0.731064    0.191315   -0.541126    1.414095     -250.199919      133.788844   20.247968    7.153176    0.194323    5.692537
    0.800995    0.728317    0.199099   -0.558320    1.436656     -253.310094      133.949889   20.312892    7.176414    0.194323    5.692537
    0.803483    0.725461    0.207128   -0.575752    1.458257     -256.445911      134.096235   20.377566    7.199436    0.194323    5.692537
    0.805970    0.722492    0.215406   -0.593407    1.478836     -259.604440      134.227848   20.441982    7.222236    0.194323    5.692537
    0.808458    0.719407    0.223935   -0.611272    1.498337     -262.782614      134.344720   20.506128    7.244804    0.194323    5.692537
    0.810945    0.716202    0.232719   -0.629332    1.516704     -265.977235      134.446862   20.569994    7.267131    0.194323    5.692537
    0.813433    0.712874    0.241760   -0.647571    1.533887     -269.184990      134.534309   20.633570    7.289209    0.194323    5.692537
    0.815920    0.709420    0.251060   -0.665973    1.549839     -272.402464      134.607120   20.696844    7.311028    0.194323    5.692537
    0.818408    0.705837    0.260621   -0.684521    1.564517     -275.626156      134.665376   20.759805    7.332580    0.194323    5.692537
    0.820896    0.702121    0.270447   -0.703200    1.577885     -278.852494      134.709178   20.822441    7.353855    0.194323    5.692537
    0.823383    0.698270    0.280537   -0.721991    1.589909     -282.077852      134.738652   20.884741    7.374844    0.194323    5.692537
    0.825871    0.694279    0.290895   -0.740876    1.600563     -285.298567      134.753944   20.946692    7.395538    0.194323    5.692537
    0.828358    0.690146    0.301520   -0.759839    1.609824     -288.510958      134.755220   21.008281    7.415927    0.194323    5.692537
    0.830846    0.685867    0.312414   -0.778860    1.617676     -291.711341      134.742666   21.069497    7.436001    0.194323    5.692537
    0.833333    0.681440    0.323578   -0.797923    1.624108     -294.896052      134.716490   21.130325    7.455752    0.194323    5.692537
    0.835821    0.676861    0.335013   -0.817009    1.629117     -298.061461      134.676914   21.190752    7.475170    0.194323    5.692537
    0.838308    0.672128    0.346717   -0.836101    1.632701     -301.203988      134.624181   21.250765    7.494245    0.194323    5.692537
    0.840796    0.667236    0.358692   -0.855180    1.634868     -304.320126      134.558546   21.310350    7.512969    0.194323    5.692537
    0.843284    0.662185    0.370936   -0.874228    1.635631     -307.406452      134.480281   21.369493    7.531332    0.194323    5.692537
    0.845771    0.656969    0.383451   -0.893230    1.635005     -310.459644      134.389670   21.428179    7.549326    0.194323    5.692537
    0.848259    0.651588    0.396233   -0.912168    1.633015     -313.476497      134.287011   21.486393    7.566942    0.194323    5.692537
    0.850746    0.646038    0.409284   -0.931025    1.629688     -316.453936      134.172610   21.544122    7.584172    0.194323    5.692537
    0.853234    0.640317    0.422601   -0.949786    1.625057     -319.389025      134.046783   21.601349    7.601007    0.194323    5.692537
    0.855721    0.634422    0.436182   -0.968435    1.619158     -322.278982      133.909854   21.658059    7.617440    0.194323    5.692537
    0.858209    0.628351    0.450027   -0.986958    1.612032     -325.121186      133.762151   21.714237    7.633463    0.194323    5.692537
    0.860697    0.622102    0.464133   -1.005339    1.603725     -327.913187      133.604010   21.769866    7.649069    0.194323    5.692537
    0.863184    0.615672    0.478499   -1.023567    1.594284     -330.652712      133.435768   21.824932    7.664251    0.194323    5.692537
    0.865672    0.609061    0.493121   -1.041628    1.583761     -333.337666      133.257762   21.879418    7.679005    0.194323    5.692537
    0.868159    0.602265    0.507998   -1.059511    1.572209     -335.966143      133.070333   21.933307    7.693323    0.194323    5.692537
    0.870647    0.595284    0.523127   -1.077203    1.559684     -338.536423      132.873818   21.986583    7.707200    0.194323    5.692537
    0.873134    0.588116    0.538505   -1.094695    1.546244     -341.046973      132.668553   22.039230    7.720633    0.194323    5.692537
    0.875622    0.580759    0.554129   -1.111976    1.531947     -343.496450      132.454870   22.091231    7.733618    0.194323    5.692537
    0.878109    0.573213    0.569996   -1.129040    1.516854     -345.883695      132.233097   22.142569    7.746151    0.194323    5.692537
    0.880597    0.565476    0.586103   -1.145876    1.501024     -348.207733      132.003553   22.193227    7.758230    0.194323    5.692537
    0.883085    0.557548    0.602447   -1.162478    1.484517     -350.467768      131.766555   22.243188    7.769853    0.194323    5.692537
    0.885572    0.549427    0.619025   -1.178840    1.467393     -352.663178      131.522408   22.292435    7.781018    0.194323    5.692537
    0.888060    0.541115    0.635832   -1.194957    1.449711     -354.793508      131.271411   22.340951    7.791727    0.194323    5.692537
    0.890547    0.532609    0.652866   -1.210823    1.431529     -356.858466      131.013852   22.388718    7.801980    0.194323    5.692537
    0.893035    0.523911    0.670123   -1.226434    1.412904     -358.857914      130.750008   22.435721    7.811777    0.194323    5.692537
    0.895522    0.515019    0.687599   -1.241788    1.393889     -360.791861      130.480148   22.481941    7.821121    0.194323    5.692537
    0.898010    0.505936    0.705290   -1.256881    1.374537     -362.660454      130.204528   22.527361    7.830015    0.194323    5.692537
    0.900498    0.496660    0.723194   -1.271713    1.354898     -364.463971      129.923390   22.571965    7.838463    0.194323    5.692537
    0.902985    0.487194    0.741305   -1.286281    1.335018     -366.202808      129.636967   22.615735    7.846470    0.194323    5.692537
    0.905473    0.477537    0.759621   -1.300585    1.314941     -367.877478      129.345479   22.658654    7.854042    0.194323    5.692537
    0.907960    0.467691    0.778138   -1.314625    1.294708     -369.488593      129.049131   22.700705    7.861185    0.194323    5.692537
    0.910448    0.457657    0.796852   -1.328402    1.274355     -371.036862      128.748117   22.741872    7.867906    0.194323    5.692537
    0.912935    0.447437    0.815759   -1.341916    1.253914     -372.523080      128.442616   22.782138    7.874213    0.194323    5.692537
    0.915423    0.437033    0.834855   -1.355169    1.233414     -373.948117      128.132795   22.821486    7.880116    0.194323    5.692537
    0.917910    0.426446    0.854137   -1.368162    1.212876     -375.312913      127.818808   22.859901    7.885624    0.194323    5.692537
    0.920398    0.415680    0.873602   -1.380898    1.192320     -376.618468      127.500793   22.897366    7.890748    0.194323    5.692537
    0.922886    0.404735    0.893244   -1.393379    1.171758     -377.865834      127.178878   22.933865    7.895499    0.194323    5.692537
    0.925373    0.393615    0.913062   -1.405607    1.151196     -379.056109      126.853177   22.969382    7.899889    0.194323    5.692537
    0.927861    0.382323    0.933052   -1.417584    1.130634     -380.190429      126.523788   23.003902    7.903930    0.194323    5.692537
    0.930348    0.370862    0.953209   -1.429314    1.110066     -381.269958      126.190799   23.037410    7.907636    0.194323    5.692537
    0.932836    0.359235    0.973530   -1.440799    1.089476     -382.295889      125.854285   23.069891    7.911021    0.194323    5.692537
    0.935323    0.347445    0.994013   -1.452041    1.068841     -383.269430      125.514308   23.101330    7.914098    0.194323    5.692537
    0.937811    0.335497    1.014652   -1.463042    1.048130     -384.191803      125.170916   23.131713    7.916883    0.194323    5.692537
    0.940299    0.323394    1.035446   -1.473804    1.027300     -385.064240      124.824148   23.161026    7.919390    0.194323    5.692537
    0.942786    0.311140    1.056391   -1.484328    1.006298     -385.887974      124.474028   23.189255    7.921635    0.194323    5.692537
    0.945274    0.298739    1.077483   -1.494616    0.985058     -386.664236      124.120571   23.216388    7.923634    0.194323    5.692537
    0.947761    0.286197    1.098719   -1.504666    0.963501     -387.394254      123.763780   23.242410    7.925401    0.194323    5.692537
    0.950249    0.273517    1.120096   -1.514479    0.941532     -388.079246      123.403645   23.267311    7.926953    0.194323    5.692537
    0.952736    0.260705    1.141610   -1.524052    0.919039     -388.720418      123.040149   23.291078    7.928305    0.194323    5.692537
    0.955224    0.247766    1.163257   -1.533382    0.895892     -389.318963      122.673261   23.313699    7.929474    0.194323    5.692537
    0.957711    0.234706    1.185035   -1.542463    0.871937     -389.876054      122.302943   23.335164    7.930475    0.194323    5.692537
    0.960199    0.221528    1.206940   -1.551291    0.846997     -390.392849      121.929146   23.355461    7.931324    0.194323    5.692537
    0.962687    0.208241    1.228968   -1.559855    0.820867     -390.870481      121.551812   23.374580    7.932034    0.194323    5.692537
    0.965174    0.194848    1.251116   -1.568145    0.793311     -391.310063      121.170873   23.392513    7.932622    0.194323    5.692537
    0.967662    0.181356    1.273379   -1.576146    0.764058     -391.712684      120.786255   23.409250    7.933101    0.194323    5.692537
    0.970149    0.167772    1.295753   -1.583843    0.732794     -392.079411      120.397873   23.424782    7.933484    0.194323    5.692537
    0.972637    0.154102    1.318233   -1.591214    0.699162     -392.411282      120.005636   23.439102    7.933785    0.194323    5.692537
    0.975124    0.140352    1.340816   -1.598234    0.662751     -392.709316      119.609445   23.452202    7.934016    0.194323    5.692537
    0.977612    0.126529    1.363495   -1.604873    0.623092     -392.974505      119.209194   23.464075    7.934188    0.194323    5.692537
    0.980100    0.112640    1.386266   -1.611095    0.579647     -393.207818      118.804770   23.474715    7.934312    0.194323    5.692537
    0.982587    0.098691    1.409121   -1.616858    0.531801     -393.410203      118.396056   23.484117    7.934398    0.194323    5.692537
    0.985075    0.084690    1.432054   -1.622112    0.478852     -393.582590      117.982926   23.492275    7.934455    0.194323    5.692537
    0.987562    0.070644    1.455058   -1.626799    0.419997     -393.725890      117.565251   23.499186    7.934489    0.194323    5.692537
    0.990050    0.056561    1.478124   -1.630851    0.354316     -393.841005      117.142897   23.504845    7.934508    0.194323    5.692537
    0.992537    0.042447    1.501242   -1.634186    0.280763     -393.928832      116.715724   23.509250    7.934517    0.194323    5.692537
    0.995025    0.028311    1.524402   -1.636713    0.198137     -393.990281      116.283590   23.512398    7.934520    0.194323    5.692537
    0.997512    0.014159    1.547591   -1.638323    0.105071     -394.026299      115.846347   23.514287    7.934521    0.194323    5.692537
    1.000000   -0.000000    1.570796   -1.638891    0.000000     -394.037973      115.403848   23.514917    7.934521    0.194323    5.692537
