           t           r         psi          cs          qs               p             sig           A           V          Q2           S
    0.000000    0.000000   -1.570796   -1.233400    0.000000       27.441614       -8.767975    0.000000    0.000000    0.222553    5.869792
    0.002488    0.014601   -1.552786   -1.233630    0.041928       27.440717       -8.809357    0.000670    0.000000    0.222553    5.869792
    0.004975    0.029197   -1.534768   -1.234314    0.082798       27.437950       -8.850183    0.002679    0.000001    0.222553    5.869792
    0.007463    0.043783   -1.516738   -1.235437    0.122552       27.433230       -8.890467    0.006027    0.000004    0.222553    5.869792
    0.009950    0.058355   -1.498688   -1.236987    0.161131       27.426481       -8.930219    0.010712    0.000011    0.222553    5.869792
    0.012438    0.072909   -1.480612   -1.238949    0.198477       27.417625       -8.969451    0.016734    0.000027    0.222553    5.869792
    0.014925    0.087438   -1.462505   -1.241310    0.234528       27.406584       -9.008175    0.024089    0.000057    0.222553    5.869792
    0.017413    0.101939   -1.444361   -1.244054    0.269225       27.393279       -9.046401    0.032777    0.000105    0.222553    5.869792
    0.019900    0.116406   -1.426173   -1.247165    0.302509       27.377625       -9.084137    0.042793    0.000180    0.222553    5.869792
    0.022388    0.130835   -1.407938   -1.250625    0.334319       27.359533       -9.121393    0.054134    0.000287    0.222553    5.869792
    0.024876    0.145221   -1.389650   -1.254419    0.364594       27.338912       -9.158177    0.066798    0.000437    0.222553    5.869792
    0.027363    0.159559   -1.371304   -1.258528    0.393275       27.315665       -9.194494    0.080779    0.000639    0.222553    5.869792
    0.029851    0.173843   -1.352896   -1.262933    0.420303       27.289691       -9.230353    0.096073    0.000904    0.222553    5.869792
    0.032338    0.188069   -1.334421   -1.267614    0.445619       27.260884       -9.265757    0.112675    0.001243    0.222553    5.869792
    0.034826    0.202232   -1.315876   -1.272553    0.469163       27.229133       -9.300710    0.130580    0.001668    0.222553    5.869792
    0.037313    0.216327   -1.297258   -1.277727    0.490877       27.194323       -9.335216    0.149781    0.002193    0.222553    5.869792
    0.039801    0.230348   -1.278562   -1.283115    0.510705       27.156333       -9.369275    0.170271    0.002833    0.222553    5.869792
    0.042289    0.244290   -1.259786   -1.288696    0.528589       27.115039       -9.402890    0.192044    0.003601    0.222553    5.869792
    0.044776    0.258148   -1.240927   -1.294447    0.544475       27.070309       -9.436057    0.215093    0.004513    0.222553    5.869792
    0.047264    0.271917   -1.221984   -1.300343    0.558306       27.022010       -9.468776    0.239408    0.005587    0.222553    5.869792
    0.049751    0.285591   -1.202953   -1.306362    0.570030       26.970001       -9.501042    0.264983    0.006838    0.222553    5.869792
    0.052239    0.299164   -1.183833   -1.312478    0.579594       26.914139       -9.532851    0.291808    0.008284    0.222553    5.869792
    0.054726    0.312632   -1.164624   -1.318665    0.586948       26.854275       -9.564194    0.319873    0.009942    0.222553    5.869792
    0.057214    0.325989   -1.145324   -1.324899    0.592041       26.790259       -9.595062    0.349168    0.011833    0.222553    5.869792
    0.059701    0.339230   -1.125933   -1.331152    0.594826       26.721934       -9.625447    0.379684    0.013973    0.222553    5.869792
    0.062189    0.352348   -1.106451   -1.337397    0.595257       26.649144       -9.655333    0.411409    0.016382    0.222553    5.869792
    0.064677    0.365339   -1.086877   -1.343606    0.593289       26.571727       -9.684708    0.444332    0.019080    0.222553    5.869792
    0.067164    0.378196   -1.067214   -1.349751    0.588880       26.489523       -9.713552    0.478440    0.022086    0.222553    5.869792
    0.069652    0.390915   -1.047461   -1.355803    0.581990       26.402370       -9.741849    0.513722    0.025419    0.222553    5.869792
    0.072139    0.403489   -1.027621   -1.361733    0.572581       26.310106       -9.769575    0.550164    0.029099    0.222553    5.869792
    0.074627    0.415913   -1.007695   -1.367510    0.560619       26.212572       -9.796707    0.587752    0.033145    0.222553    5.869792
    0.077114    0.428181   -0.987687   -1.373105    0.546070       26.109611       -9.823217    0.626474    0.037577    0.222553    5.869792
    0.079602    0.440288   -0.967598   -1.378485    0.528906       26.001070       -9.849076    0.666313    0.042413    0.222553    5.869792
    0.082090    0.452228   -0.947432   -1.383621    0.509101       25.886805       -9.874251    0.707256    0.047672    0.222553    5.869792
    0.084577    0.463997   -0.927193   -1.388479    0.486632       25.766677       -9.898707    0.749286    0.053372    0.222553    5.869792
    0.087065    0.475587   -0.906886   -1.393029    0.461481       25.640560       -9.922405    0.792388    0.059531    0.222553    5.869792
    0.089552    0.486995   -0.886514   -1.397236    0.433633       25.508340       -9.945304    0.836545    0.066164    0.222553    5.869792
    0.092040    0.498214   -0.866084   -1.401070    0.403078       25.369917       -9.967358    0.881740    0.073290    0.222553    5.869792
    0.094527    0.509240   -0.845601   -1.404496    0.369812       25.225210       -9.988519    0.927955    0.080922    0.222553    5.869792
    0.097015    0.520067   -0.825071   -1.407481    0.333835       25.074161      -10.008734    0.975173    0.089075    0.222553    5.869792
    0.099502    0.530691   -0.804501   -1.409992    0.295152       24.916733      -10.027949    1.023375    0.097762    0.222553    5.869792
    0.101990    0.541106   -0.783897   -1.411995    0.253776       24.752919      -10.046105    1.072542    0.106996    0.222553    5.869792
    0.104478    0.551308   -0.763269   -1.413457    0.209726       24.582744      -10.063140    1.122654    0.116789    0.222553    5.869792
    0.106965    0.561292   -0.742623   -1.414344    0.163027       24.406265      -10.078987    1.173693    0.127148    0.222553    5.869792
    0.109453    0.571054   -0.721969   -1.414624    0.113715       24.223581      -10.093579    1.225638    0.138085    0.222553    5.869792
    0.111940    0.580590   -0.701315   -1.414262    0.061830       24.034831      -10.106842    1.278467    0.149604    0.222553    5.869792
    0.114428    0.589895   -0.680671   -1.413226    0.007424       23.840201      -10.118703    1.332161    0.161713    0.222553    5.869792
    0.116915    0.598966   -0.660048   -1.411484   -0.049442       23.639927      -10.129083    1.386699    0.174416    0.222553    5.869792
    0.119403    0.607800   -0.639456   -1.409003   -0.108697       23.434297      -10.137902    1.442057    0.187715    0.222553    5.869792
    0.121891    0.616392   -0.618905   -1.405753   -0.170260       23.223654      -10.145077    1.498215    0.201611    0.222553    5.869792
    0.124378    0.624741   -0.598407   -1.401703   -0.234038       23.008401      -10.150526    1.555150    0.216106    0.222553    5.869792
    0.126866    0.632842   -0.577975   -1.396824   -0.299926       22.788999      -10.154163    1.612839    0.231196    0.222553    5.869792
    0.129353    0.640694   -0.557620   -1.391087   -0.367807       22.565969      -10.155902    1.671261    0.246879    0.222553    5.869792
    0.131841    0.648295   -0.537355   -1.384465   -0.437549       22.339892      -10.155659    1.730391    0.263149    0.222553    5.869792
    0.134328    0.655642   -0.517194   -1.376932   -0.509011       22.111411      -10.153349    1.790207    0.280001    0.222553    5.869792
    0.136816    0.662733   -0.497149   -1.368465   -0.582033       21.881222      -10.148888    1.850685    0.297426    0.222553    5.869792
    0.139303    0.669569   -0.477235   -1.359041   -0.656444       21.650077      -10.142197    1.911803    0.315415    0.222553    5.869792
    0.141791    0.676147   -0.457466   -1.348639   -0.732060       21.418776      -10.133200    1.973535    0.333957    0.222553    5.869792
    0.144279    0.682467   -0.437856   -1.337242   -0.808679       21.188157      -10.121824    2.035859    0.353041    0.222553    5.869792
    0.146766    0.688529   -0.418420   -1.324834   -0.886090       20.959095      -10.108003    2.098751    0.372652    0.222553    5.869792
    0.149254    0.694333   -0.399172   -1.311400   -0.964065       20.732487      -10.091677    2.162188    0.392777    0.222553    5.869792
    0.151741    0.699879   -0.380128   -1.296932   -1.042365       20.509242      -10.072795    2.226145    0.413399    0.222553    5.869792
    0.154229    0.705168   -0.361303   -1.281421   -1.120738       20.290270      -10.051312    2.290599    0.434502    0.222553    5.869792
    0.156716    0.710202   -0.342712   -1.264863   -1.198921       20.076468      -10.027196    2.355527    0.456068    0.222553    5.869792
    0.159204    0.714982   -0.324370   -1.247256   -1.276644       19.868704      -10.000425    2.420904    0.478079    0.222553    5.869792
    0.161692    0.719511   -0.306293   -1.228604   -1.353625       19.667805       -9.970988    2.486709    0.500515    0.222553    5.869792
    0.164179    0.723789   -0.288496   -1.208910   -1.429578       19.474542       -9.938886    2.552918    0.523357    0.222553    5.869792
    0.166667    0.727820   -0.270995   -1.188187   -1.504212       19.289612       -9.904134    2.619508    0.546584    0.222553    5.869792
    0.169154    0.731607   -0.253803   -1.166445   -1.577234       19.113630       -9.866762    2.686456    0.570175    0.222553    5.869792
    0.171642    0.735154   -0.236936   -1.143703   -1.648348       18.947111       -9.826812    2.753741    0.594110    0.222553    5.869792
    0.174129    0.738463   -0.220408   -1.119981   -1.717265       18.790462       -9.784340    2.821341    0.618366    0.222553    5.869792
    0.176617    0.741540   -0.204234   -1.095304   -1.783697       18.643973       -9.739418    2.889233    0.642923    0.222553    5.869792
    0.179104    0.744387   -0.188427   -1.069701   -1.847364       18.507811       -9.692129    2.957397    0.667758    0.222553    5.869792
    0.181592    0.747011   -0.173000   -1.043203   -1.907997       18.382013       -9.642572    3.025812    0.692852    0.222553    5.869792
    0.184080    0.749416   -0.157966   -1.015848   -1.965337       18.266488       -9.590855    3.094458    0.718183    0.222553    5.869792
    0.186567    0.751607   -0.143338   -0.987674   -2.019140       18.161018       -9.537101    3.163314    0.743729    0.222553    5.869792
    0.189055    0.753590   -0.129127   -0.958725   -2.069181       18.065263       -9.481441    3.232362    0.769472    0.222553    5.869792
    0.191542    0.755369   -0.115344   -0.929046   -2.115250       17.978764       -9.424016    3.301582    0.795390    0.222553    5.869792
    0.194030    0.756952   -0.101999   -0.898688   -2.157158       17.900960       -9.364975    3.370957    0.821465    0.222553    5.869792
    0.196517    0.758345   -0.089103   -0.867701   -2.194739       17.831193       -9.304472    3.440468    0.847678    0.222553    5.869792
    0.199005    0.759553   -0.076663   -0.836141   -2.227850       17.768725       -9.242667    3.510098    0.874010    0.222553    5.869792
    0.201493    0.760584   -0.064687   -0.804064   -2.256369       17.712751       -9.179721    3.579831    0.900446    0.222553    5.869792
    0.203980    0.761443   -0.053184   -0.771529   -2.280201       17.662415       -9.115799    3.649650    0.926967    0.222553    5.869792
    0.206468    0.762138   -0.042158   -0.738596   -2.299275       17.616826       -9.051065    3.719541    0.953558    0.222553    5.869792
    0.208955    0.762676   -0.031616   -0.705328   -2.313542       17.575074       -8.985679    3.789488    0.980204    0.222553    5.869792
    0.211443    0.763064   -0.021562   -0.671788   -2.322982       17.536243       -8.919802    3.859478    1.006892    0.222553    5.869792
    0.213930    0.763308   -0.011999   -0.638039   -2.327592       17.499426       -8.853587    3.929497    1.033607    0.222553    5.869792
    0.216418    0.763417   -0.002930   -0.604145   -2.327398       17.463739       -8.787183    3.999531    1.060337    0.222553    5.869792
    0.218905    0.763396    0.005643   -0.570172   -2.322442       17.428333       -8.720732    4.069570    1.087072    0.222553    5.869792
    0.221393    0.763254    0.013720   -0.536185   -2.312791       17.392399       -8.654369    4.139601    1.113799    0.222553    5.869792
    0.223881    0.762998    0.021302   -0.502247   -2.298529       17.355181       -8.588221    4.209614    1.140510    0.222553    5.869792
    0.226368    0.762635    0.028388   -0.468424   -2.279756       17.315982       -8.522405    4.279599    1.167194    0.222553    5.869792
    0.228856    0.762172    0.034982   -0.434777   -2.256592       17.274164       -8.457029    4.349545    1.193845    0.222553    5.869792
    0.231343    0.761616    0.041086   -0.401371   -2.229168       17.229158       -8.392193    4.419445    1.220454    0.222553    5.869792
    0.233831    0.760974    0.046705   -0.368265   -2.197631       17.180460       -8.327985    4.489290    1.247014    0.222553    5.869792
    0.236318    0.760255    0.051842   -0.335521   -2.162138       17.127631       -8.264485    4.559072    1.273521    0.222553    5.869792
    0.238806    0.759464    0.056505   -0.303197   -2.122856       17.070301       -8.201764    4.628785    1.299968    0.222553    5.869792
    0.241294    0.758608    0.060699   -0.271350   -2.079962       17.008164       -8.139881    4.698422    1.326352    0.222553    5.869792
    0.243781    0.757694    0.064432   -0.240035   -2.033640       16.940972       -8.078889    4.767978    1.352667    0.222553    5.869792
    0.246269    0.756730    0.067711   -0.209306   -1.984080       16.868537       -8.018831    4.837448    1.378911    0.222553    5.869792
    0.248756    0.755721    0.070547   -0.179215   -1.931477       16.790727       -7.959740    4.906827    1.405082    0.222553    5.869792
    0.251244    0.754673    0.072948   -0.149810   -1.876031       16.707455       -7.901644    4.976112    1.431177    0.222553    5.869792
    0.253731    0.753594    0.074926   -0.121140   -1.817945       16.618683       -7.844561    5.045299    1.457194    0.222553    5.869792
    0.256219    0.752489    0.076490   -0.093249   -1.757423       16.524412       -7.788505    5.114386    1.483132    0.222553    5.869792
    0.258706    0.751365    0.077653   -0.066179   -1.694671       16.424680       -7.733480    5.183371    1.508991    0.222553    5.869792
    0.261194    0.750226    0.078427   -0.039971   -1.629897       16.319559       -7.679487    5.252252    1.534770    0.222553    5.869792
    0.263682    0.749078    0.078824   -0.014663   -1.563306       16.209144       -7.626520    5.321028    1.560469    0.222553    5.869792
    0.266169    0.747928    0.078859    0.009711   -1.495106       16.093560       -7.574568    5.389698    1.586089    0.222553    5.869792
    0.268657    0.746780    0.078545    0.033118   -1.425502       15.972949       -7.523616    5.458263    1.611631    0.222553    5.869792
    0.271144    0.745638    0.077897    0.055528   -1.354696       15.847471       -7.473646    5.526723    1.637095    0.222553    5.869792
    0.273632    0.744509    0.076929    0.076915   -1.282892       15.717300       -7.424634    5.595079    1.662484    0.222553    5.869792
    0.276119    0.743395    0.075656    0.097254   -1.210289       15.582622       -7.376554    5.663332    1.687798    0.222553    5.869792
    0.278607    0.742303    0.074094    0.116524   -1.137082       15.443629       -7.329379    5.731483    1.713041    0.222553    5.869792
    0.281095    0.741235    0.072258    0.134706   -1.063465       15.300524       -7.283076    5.799536    1.738213    0.222553    5.869792
    0.283582    0.740196    0.070166    0.151786   -0.989629       15.153511       -7.237612    5.867492    1.763317    0.222553    5.869792
    0.286070    0.739189    0.067831    0.167750   -0.915758       15.002798       -7.192953    5.935354    1.788355    0.222553    5.869792
    0.288557    0.738217    0.065272    0.182589   -0.842036       14.848597       -7.149060    6.003125    1.813331    0.222553    5.869792
    0.291045    0.737285    0.062505    0.196297   -0.768640       14.691116       -7.105897    6.070808    1.838247    0.222553    5.869792
    0.293532    0.736394    0.059545    0.208870   -0.695743       14.530566       -7.063423    6.138409    1.863106    0.222553    5.869792
    0.296020    0.735548    0.056411    0.220307   -0.623511       14.367155       -7.021600    6.205929    1.887910    0.222553    5.869792
    0.298507    0.734749    0.053117    0.230611   -0.552109       14.201089       -6.980385    6.273374    1.912664    0.222553    5.869792
    0.300995    0.733998    0.049682    0.239787   -0.481693       14.032571       -6.939737    6.340748    1.937370    0.222553    5.869792
    0.303483    0.733299    0.046120    0.247844   -0.412414       13.861801       -6.899616    6.408055    1.962031    0.222553    5.869792
    0.305970    0.732652    0.042449    0.254791   -0.344417       13.688976       -6.859978    6.475300    1.986652    0.222553    5.869792
    0.308458    0.732060    0.038685    0.260644   -0.277839       13.514290       -6.820783    6.542489    2.011234    0.222553    5.869792
    0.310945    0.731523    0.034843    0.265419   -0.212815       13.337931       -6.781986    6.609626    2.035783    0.222553    5.869792
    0.313433    0.731043    0.030939    0.269135   -0.149467       13.160087       -6.743548    6.676716    2.060300    0.222553    5.869792
    0.315920    0.730620    0.026988    0.271814   -0.087914       12.980938       -6.705424    6.743765    2.084790    0.222553    5.869792
    0.318408    0.730255    0.023006    0.273480   -0.028266       12.800663       -6.667575    6.810778    2.109257    0.222553    5.869792
    0.320896    0.729949    0.019007    0.274160    0.029372       12.619437       -6.629958    6.877760    2.133703    0.222553    5.869792
    0.323383    0.729700    0.015004    0.273882    0.084907       12.437431       -6.592532    6.944716    2.158132    0.222553    5.869792
    0.325871    0.729510    0.011013    0.272678    0.138251       12.254814       -6.555257    7.011652    2.182549    0.222553    5.869792
    0.328358    0.729378    0.007046    0.270580    0.189323       12.071749       -6.518092    7.078574    2.206955    0.222553    5.869792
    0.330846    0.729304    0.003116    0.267624    0.238052       11.888400       -6.480997    7.145486    2.231356    0.222553    5.869792
    0.333333    0.729287   -0.000766    0.263845    0.284374       11.704924       -6.443933    7.212394    2.255753    0.222553    5.869792
    0.335821    0.729326   -0.004586    0.259282    0.328234       11.521480       -6.406862    7.279303    2.280152    0.222553    5.869792
    0.338308    0.729421   -0.008334    0.253974    0.369584       11.338220       -6.369745    7.346218    2.304554    0.222553    5.869792
    0.340796    0.729569   -0.011999    0.247961    0.408384       11.155296       -6.332545    7.413144    2.328964    0.222553    5.869792
    0.343284    0.729771   -0.015572    0.241285    0.444602       10.972860       -6.295225    7.480086    2.353384    0.222553    5.869792
    0.345771    0.730024   -0.019042    0.233987    0.478214       10.791057       -6.257748    7.547049    2.377818    0.222553    5.869792
    0.348259    0.730326   -0.022402    0.226112    0.509205       10.610035       -6.220080    7.614038    2.402270    0.222553    5.869792
    0.350746    0.730677   -0.025643    0.217703    0.537566       10.429937       -6.182186    7.681057    2.426741    0.222553    5.869792
    0.353234    0.731074   -0.028757    0.208803    0.563296       10.250907       -6.144031    7.748110    2.451236    0.222553    5.869792
    0.355721    0.731516   -0.031738    0.199458    0.586401       10.073085       -6.105583    7.815201    2.475756    0.222553    5.869792
    0.358209    0.732000   -0.034580    0.189710    0.606895        9.896611       -6.066810    7.882335    2.500305    0.222553    5.869792
    0.360697    0.732525   -0.037277    0.179604    0.624797        9.721623       -6.027679    7.949515    2.524886    0.222553    5.869792
    0.363184    0.733088   -0.039823    0.169185    0.640135        9.548258       -5.988162    8.016745    2.549501    0.222553    5.869792
    0.365672    0.733687   -0.042216    0.158495    0.652942        9.376650       -5.948227    8.084029    2.574153    0.222553    5.869792
    0.368159    0.734320   -0.044451    0.147578    0.663257        9.206931       -5.907848    8.151369    2.598843    0.222553    5.869792
    0.370647    0.734984   -0.046525    0.136475    0.671125        9.039234       -5.866996    8.218768    2.623575    0.222553    5.869792
    0.373134    0.735677   -0.048436    0.125229    0.676599        8.873688       -5.825646    8.286230    2.648350    0.222553    5.869792
    0.375622    0.736397   -0.050181    0.113880    0.679733        8.710418       -5.783772    8.353757    2.673171    0.222553    5.869792
    0.378109    0.737141   -0.051761    0.102467    0.680590        8.549550       -5.741350    8.421351    2.698039    0.222553    5.869792
    0.380597    0.737907   -0.053174    0.091030    0.679235        8.391205       -5.698358    8.489014    2.722956    0.222553    5.869792
    0.383085    0.738692   -0.054419    0.079606    0.675740        8.235500       -5.654775    8.556748    2.747924    0.222553    5.869792
    0.385572    0.739495   -0.055499    0.068231    0.670178        8.082553       -5.610579    8.624555    2.772944    0.222553    5.869792
    0.388060    0.740312   -0.056412    0.056939    0.662629        7.932472       -5.565754    8.692436    2.798018    0.222553    5.869792
    0.390547    0.741140   -0.057162    0.045765    0.653175        7.785367       -5.520280    8.760393    2.823146    0.222553    5.869792
    0.393035    0.741979   -0.057749    0.034739    0.641901        7.641338       -5.474144    8.828427    2.848330    0.222553    5.869792
    0.395522    0.742825   -0.058177    0.023894    0.628895        7.500483       -5.427330    8.896538    2.873570    0.222553    5.869792
    0.398010    0.743676   -0.058448    0.013256    0.614250        7.362894       -5.379826    8.964726    2.898867    0.222553    5.869792
    0.400498    0.744530   -0.058566    0.002855    0.598057        7.228656       -5.331621    9.032993    2.924223    0.222553    5.869792
    0.402985    0.745385   -0.058533   -0.007285    0.580414        7.097849       -5.282705    9.101338    2.949636    0.222553    5.869792
    0.405473    0.746238   -0.058354   -0.017140    0.561416        6.970546       -5.233071    9.169762    2.975108    0.222553    5.869792
    0.407960    0.747087   -0.058034   -0.026687    0.541162        6.846811       -5.182713    9.238263    3.000639    0.222553    5.869792
    0.410448    0.747931   -0.057576   -0.035906    0.519752        6.726700       -5.131626    9.306843    3.026228    0.222553    5.869792
    0.412935    0.748767   -0.056987   -0.044778    0.497287        6.610263       -5.079809    9.375499    3.051875    0.222553    5.869792
    0.415423    0.749594   -0.056271   -0.053285    0.473867        6.497539       -5.027260    9.444232    3.077581    0.222553    5.869792
    0.417910    0.750409   -0.055433   -0.061413    0.449594        6.388559       -4.973981    9.513040    3.103343    0.222553    5.869792
    0.420398    0.751211   -0.054479   -0.069147    0.424568        6.283343       -4.919974    9.581922    3.129163    0.222553    5.869792
    0.422886    0.751999   -0.053415   -0.076475    0.398889        6.181903       -4.865245    9.650877    3.155039    0.222553    5.869792
    0.425373    0.752770   -0.052248   -0.083387    0.372658        6.084239       -4.809799    9.719904    3.180970    0.222553    5.869792
    0.427861    0.753523   -0.050982   -0.089874    0.345974        5.990340       -4.753646    9.789001    3.206955    0.222553    5.869792
    0.430348    0.754258   -0.049625   -0.095928    0.318934        5.900188       -4.696794    9.858166    3.232994    0.222553    5.869792
    0.432836    0.754972   -0.048183   -0.101545    0.291633        5.813750       -4.639256    9.927397    3.259084    0.222553    5.869792
    0.435323    0.755664   -0.046662   -0.106719    0.264166        5.730984       -4.581046    9.996693    3.285225    0.222553    5.869792
    0.437811    0.756333   -0.045069   -0.111449    0.236625        5.651837       -4.522177   10.066051    3.311415    0.222553    5.869792
    0.440299    0.756979   -0.043410   -0.115733    0.209099        5.576246       -4.462667   10.135470    3.337652    0.222553    5.869792
    0.442786    0.757600   -0.041691   -0.119572    0.181675        5.504136       -4.402534   10.204947    3.363936    0.222553    5.869792
    0.445274    0.758196   -0.039920   -0.122966    0.154438        5.435423       -4.341797   10.274479    3.390263    0.222553    5.869792
    0.447761    0.758766   -0.038102   -0.125920    0.127468        5.370012       -4.280477   10.344065    3.416633    0.222553    5.869792
    0.450249    0.759308   -0.036245   -0.128436    0.100843        5.307798       -4.218597   10.413702    3.443043    0.222553    5.869792
    0.452736    0.759824   -0.034354   -0.130522    0.074639        5.248669       -4.156178   10.483388    3.469492    0.222553    5.869792
    0.455224    0.760311   -0.032435   -0.132182    0.048924        5.192501       -4.093247   10.553120    3.495978    0.222553    5.869792
    0.457711    0.760771   -0.030496   -0.133426    0.023767        5.139164       -4.029828   10.622895    3.522498    0.222553    5.869792
    0.460199    0.761202   -0.028541   -0.134261   -0.000769        5.088521       -3.965947   10.692711    3.549051    0.222553    5.869792
    0.462687    0.761604   -0.026577   -0.134698   -0.024626        5.040426       -3.901631   10.762565    3.575635    0.222553    5.869792
    0.465174    0.761978   -0.024609   -0.134746   -0.047747        4.994728       -3.836909   10.832455    3.602247    0.222553    5.869792
    0.467662    0.762322   -0.022644   -0.134417   -0.070083        4.951272       -3.771807   10.902378    3.628885    0.222553    5.869792
    0.470149    0.762639   -0.020686   -0.133724   -0.091587        4.909897       -3.706355   10.972331    3.655548    0.222553    5.869792
    0.472637    0.762927   -0.018740   -0.132680   -0.112215        4.870437       -3.640582   11.042311    3.682233    0.222553    5.869792
    0.475124    0.763186   -0.016813   -0.131297   -0.131931        4.832727       -3.574516   11.112317    3.708938    0.222553    5.869792
    0.477612    0.763418   -0.014907   -0.129590   -0.150700        4.796595       -3.508186   11.182346    3.735661    0.222553    5.869792
    0.480100    0.763622   -0.013030   -0.127574   -0.168492        4.761872       -3.441623   11.252394    3.762400    0.222553    5.869792
    0.482587    0.763798   -0.011183   -0.125264   -0.185283        4.728387       -3.374854   11.322460    3.789154    0.222553    5.869792
    0.485075    0.763948   -0.009373   -0.122674   -0.201052        4.695970       -3.307908   11.392541    3.815919    0.222553    5.869792
    0.487562    0.764072   -0.007602   -0.119823   -0.215780        4.664450       -3.240814   11.462634    3.842694    0.222553    5.869792
    0.490050    0.764171   -0.005875   -0.116724   -0.229455        4.633661       -3.173599   11.532738    3.869477    0.222553    5.869792
    0.492537    0.764244   -0.004195   -0.113395   -0.242069        4.603438       -3.106290   11.602849    3.896267    0.222553    5.869792
    0.495025    0.764293   -0.002565   -0.109852   -0.253614        4.573621       -3.038915   11.672966    3.923061    0.222553    5.869792
    0.497512    0.764319   -0.000988   -0.106112   -0.264091        4.544051       -2.971499   11.743087    3.949857    0.222553    5.869792
    0.500000    0.764322    0.000533   -0.102191   -0.273500        4.514578       -2.904067   11.813208    3.976655    0.222553    5.869792
    0.502488    0.764304    0.001996   -0.098106   -0.281847        4.485053       -2.836644   11.883330    4.003453    0.222553    5.869792
    0.504975    0.764264    0.003398   -0.093873   -0.289140        4.455336       -2.769252   11.953448    4.030248    0.222553    5.869792
    0.507463    0.764205    0.004737   -0.089510   -0.295391        4.425292       -2.701915   12.023562    4.057039    0.222553    5.869792
    0.509950    0.764126    0.006011   -0.085032   -0.300613        4.394791       -2.634652   12.093669    4.083826    0.222553    5.869792
    0.512438    0.764030    0.007219   -0.080455   -0.304825        4.363712       -2.567485   12.163769    4.110606    0.222553    5.869792
    0.514925    0.763916    0.008360   -0.075796   -0.308044        4.331941       -2.500432   12.233859    4.137379    0.222553    5.869792
    0.517413    0.763786    0.009432   -0.071070   -0.310293        4.299370       -2.433512   12.303938    4.164143    0.222553    5.869792
    0.519900    0.763641    0.010435   -0.066293   -0.311597        4.265900       -2.366740   12.374004    4.190896    0.222553    5.869792
    0.522388    0.763482    0.011368   -0.061480   -0.311979        4.231439       -2.300133   12.444056    4.217639    0.222553    5.869792
    0.524876    0.763309    0.012231   -0.056645   -0.311469        4.195901       -2.233704   12.514093    4.244370    0.222553    5.869792
    0.527363    0.763125    0.013022   -0.051802   -0.310095        4.159211       -2.167468   12.584113    4.271089    0.222553    5.869792
    0.529851    0.762929    0.013743   -0.046966   -0.307888        4.121300       -2.101435   12.654116    4.297794    0.222553    5.869792
    0.532338    0.762724    0.014394   -0.042151   -0.304879        4.082105       -2.035616   12.724101    4.324484    0.222553    5.869792
    0.534826    0.762509    0.014974   -0.037368   -0.301101        4.041574       -1.970022   12.794066    4.351160    0.222553    5.869792
    0.537313    0.762287    0.015485   -0.032631   -0.296587        3.999660       -1.904659   12.864011    4.377820    0.222553    5.869792
    0.539801    0.762057    0.015928   -0.027952   -0.291372        3.956324       -1.839536   12.933936    4.404464    0.222553    5.869792
    0.542289    0.761822    0.016302   -0.023342   -0.285490        3.911533       -1.774659   13.003839    4.431091    0.222553    5.869792
    0.544776    0.761582    0.016610   -0.018813   -0.278976        3.865261       -1.710032   13.073721    4.457702    0.222553    5.869792
    0.547264    0.761337    0.016852   -0.014374   -0.271866        3.817491       -1.645659   13.143580    4.484296    0.222553    5.869792
    0.549751    0.761090    0.017030   -0.010037   -0.264195        3.768208       -1.581544   13.213416    4.510872    0.222553    5.869792
    0.552239    0.760840    0.017146   -0.005810   -0.255997        3.717408       -1.517687   13.283230    4.537431    0.222553    5.869792
    0.554726    0.760589    0.017200   -0.001703   -0.247308        3.665089       -1.454090   13.353021    4.563973    0.222553    5.869792
    0.557214    0.760338    0.017196    0.002276   -0.238162        3.611255       -1.390753   13.422789    4.590497    0.222553    5.869792
    0.559701    0.760088    0.017134    0.006119   -0.228593        3.555916       -1.327675   13.492534    4.617003    0.222553    5.869792
    0.562189    0.759838    0.017018    0.009819   -0.218636        3.499088       -1.264853   13.562256    4.643492    0.222553    5.869792
    0.564677    0.759591    0.016848    0.013369   -0.208322        3.440789       -1.202286   13.631955    4.669964    0.222553    5.869792
    0.567164    0.759346    0.016628    0.016762   -0.197684        3.381044       -1.139970   13.701631    4.696419    0.222553    5.869792
    0.569652    0.759106    0.016360    0.019993   -0.186752        3.319878       -1.077900   13.771285    4.722857    0.222553    5.869792
    0.572139    0.758869    0.016045    0.023055   -0.175558        3.257325       -1.016072   13.840918    4.749279    0.222553    5.869792
    0.574627    0.758637    0.015687    0.025946   -0.164131        3.193419       -0.954481   13.910528    4.775684    0.222553    5.869792
    0.577114    0.758411    0.015288    0.028659   -0.152498        3.128196       -0.893121   13.980118    4.802074    0.222553    5.869792
    0.579602    0.758191    0.014851    0.031191   -0.140687        3.061699       -0.831984   14.049688    4.828448    0.222553    5.869792
    0.582090    0.757978    0.014378    0.033538   -0.128723        2.993970       -0.771065   14.119237    4.854807    0.222553    5.869792
    0.584577    0.757771    0.013873    0.035698   -0.116632        2.925055       -0.710354   14.188767    4.881152    0.222553    5.869792
    0.587065    0.757573    0.013337    0.037668   -0.104435        2.855001       -0.649846   14.258279    4.907483    0.222553    5.869792
    0.589552    0.757382    0.012774    0.039445   -0.092156        2.783858       -0.589530   14.327773    4.933801    0.222553    5.869792
    0.592040    0.757200    0.012186    0.041028   -0.079814        2.711677       -0.529399   14.397249    4.960106    0.222553    5.869792
    0.594527    0.757026    0.011576    0.042416   -0.067429        2.638510       -0.469443   14.466710    4.986399    0.222553    5.869792
    0.597015    0.756862    0.010948    0.043606   -0.055018        2.564410       -0.409654   14.536154    5.012680    0.222553    5.869792
    0.599502    0.756707    0.010304    0.044598   -0.042598        2.489431       -0.350021   14.605585    5.038950    0.222553    5.869792
    0.601990    0.756561    0.009647    0.045393   -0.030183        2.413629       -0.290537   14.675001    5.065210    0.222553    5.869792
    0.604478    0.756425    0.008979    0.045989   -0.017787        2.337058       -0.231189   14.744404    5.091461    0.222553    5.869792
    0.606965    0.756299    0.008305    0.046387   -0.005422        2.259775       -0.171970   14.813796    5.117702    0.222553    5.869792
    0.609453    0.756182    0.007626    0.046586    0.006902        2.181835       -0.112869   14.883176    5.143935    0.222553    5.869792
    0.611940    0.756076    0.006945    0.046588    0.019176        2.103293       -0.053877   14.952546    5.170161    0.222553    5.869792
    0.614428    0.755980    0.006266    0.046394    0.031392        2.024204        0.005017   15.021907    5.196380    0.222553    5.869792
    0.616915    0.755893    0.005591    0.046003    0.043545        1.944624        0.063822   15.091259    5.222592    0.222553    5.869792
    0.619403    0.755816    0.004924    0.045418    0.055630        1.864605        0.122548   15.160604    5.248799    0.222553    5.869792
    0.621891    0.755749    0.004266    0.044640    0.067643        1.784202        0.181205   15.229942    5.275001    0.222553    5.869792
    0.624378    0.755692    0.003621    0.043669    0.079582        1.703465        0.239801   15.299275    5.301199    0.222553    5.869792
    0.626866    0.755643    0.002992    0.042507    0.091449        1.622446        0.298346   15.368603    5.327393    0.222553    5.869792
    0.629353    0.755604    0.002381    0.041157    0.103242        1.541195        0.356849   15.437926    5.353584    0.222553    5.869792
    0.631841    0.755574    0.001791    0.039619    0.114964        1.459758        0.415318   15.507247    5.379773    0.222553    5.869792
    0.634328    0.755552    0.001225    0.037894    0.126619        1.378181        0.473762   15.576565    5.405960    0.222553    5.869792
    0.636816    0.755538    0.000685    0.035986    0.138212        1.296510        0.532189   15.645881    5.432146    0.222553    5.869792
    0.639303    0.755532    0.000175    0.033895    0.149748        1.214785        0.590606   15.715197    5.458331    0.222553    5.869792
    0.641791    0.755533   -0.000304    0.031622    0.161234        1.133046        0.649021   15.784512    5.484516    0.222553    5.869792
    0.644279    0.755540   -0.000748    0.029171    0.172678        1.051331        0.707440   15.853828    5.510701    0.222553    5.869792
    0.646766    0.755554   -0.001155    0.026541    0.184091        0.969673        0.765869   15.923145    5.536887    0.222553    5.869792
    0.649254    0.755574   -0.001522    0.023735    0.195481        0.888105        0.824315   15.992463    5.563074    0.222553    5.869792
    0.651741    0.755598   -0.001847    0.020754    0.206860        0.806655        0.882781   16.061783    5.589263    0.222553    5.869792
    0.654229    0.755628   -0.002128    0.017598    0.218241        0.725348        0.941274   16.131106    5.615454    0.222553    5.869792
    0.656716    0.755660   -0.002360    0.014271    0.229636        0.644207        0.999797   16.200431    5.641646    0.222553    5.869792
    0.659204    0.755696   -0.002543    0.010771    0.241059        0.563249        1.058353   16.269760    5.667841    0.222553    5.869792
    0.661692    0.755734   -0.002674    0.007100    0.252525        0.482488        1.116945   16.339092    5.694039    0.222553    5.869792
    0.664179    0.755774   -0.002750    0.003259    0.264048        0.401936        1.175575   16.408428    5.720239    0.222553    5.869792
    0.666667    0.755814   -0.002768   -0.000752    0.275645        0.321598        1.234243   16.477768    5.746442    0.222553    5.869792
    0.669154    0.755855   -0.002727   -0.004932    0.287332        0.241476        1.292951   16.547111    5.772648    0.222553    5.869792
    0.671642    0.755894   -0.002624   -0.009282    0.299126        0.161566        1.351697   16.616457    5.798857    0.222553    5.869792
    0.674129    0.755931   -0.002455   -0.013801    0.311045        0.081862        1.410480   16.685808    5.825068    0.222553    5.869792
    0.676617    0.755965   -0.002220   -0.018489    0.323105        0.002349        1.469298   16.755161    5.851282    0.222553    5.869792
    0.679104    0.755995   -0.001915   -0.023348    0.335325       -0.076990        1.528147   16.824518    5.877498    0.222553    5.869792
    0.681592    0.756021   -0.001537   -0.028378    0.347723       -0.156179        1.587023   16.893877    5.903716    0.222553    5.869792
    0.684080    0.756040   -0.001085   -0.033580    0.360317       -0.235248        1.645921   16.963238    5.929935    0.222553    5.869792
    0.686567    0.756052   -0.000556   -0.038955    0.373125       -0.314233        1.704834   17.032600    5.956156    0.222553    5.869792
    0.689055    0.756056    0.000053   -0.044504    0.386165       -0.393174        1.763755   17.101964    5.982377    0.222553    5.869792
    0.691542    0.756050    0.000745   -0.050230    0.399455       -0.472120        1.822675   17.171327    6.008598    0.222553    5.869792
    0.694030    0.756034    0.001521   -0.056134    0.413014       -0.551125        1.881584   17.240689    6.034819    0.222553    5.869792
    0.696517    0.756005    0.002385   -0.062218    0.426858       -0.630250        1.940472   17.310049    6.061038    0.222553    5.869792
    0.699005    0.755964    0.003339   -0.068484    0.441004       -0.709563        1.999326   17.379406    6.087254    0.222553    5.869792
    0.701493    0.755907    0.004386   -0.074935    0.455469       -0.789138        2.058132   17.448759    6.113467    0.222553    5.869792
    0.703980    0.755835    0.005528   -0.081574    0.470268       -0.869056        2.116876   17.518105    6.139675    0.222553    5.869792
    0.706468    0.755745    0.006769   -0.088404    0.485417       -0.949407        2.175542   17.587444    6.165878    0.222553    5.869792
    0.708955    0.755637    0.008111   -0.095428    0.500930       -1.030285        2.234112   17.656775    6.192073    0.222553    5.869792
    0.711443    0.755508    0.009557   -0.102649    0.516820       -1.111794        2.292568   17.726094    6.218260    0.222553    5.869792
    0.713930    0.755357    0.011110   -0.110071    0.533100       -1.194043        2.350889   17.795400    6.244437    0.222553    5.869792
    0.716418    0.755183    0.012772   -0.117697    0.549780       -1.277149        2.409054   17.864692    6.270602    0.222553    5.869792
    0.718905    0.754984    0.014548   -0.125532    0.566871       -1.361235        2.467040   17.933966    6.296753    0.222553    5.869792
    0.721393    0.754758    0.016439   -0.133578    0.584381       -1.446433        2.524822   18.003221    6.322890    0.222553    5.869792
    0.723881    0.754503    0.018450   -0.141841    0.602317       -1.532878        2.582376   18.072454    6.349008    0.222553    5.869792
    0.726368    0.754218    0.020582   -0.150324    0.620685       -1.620715        2.639673   18.141662    6.375107    0.222553    5.869792
    0.728856    0.753901    0.022841   -0.159032    0.639489       -1.710092        2.696685   18.210842    6.401184    0.222553    5.869792
    0.731343    0.753551    0.025228   -0.167968    0.658731       -1.801165        2.753382   18.279992    6.427237    0.222553    5.869792
    0.733831    0.753164    0.027747   -0.177137    0.678412       -1.894093        2.809734   18.349109    6.453263    0.222553    5.869792
    0.736318    0.752740    0.030402   -0.186544    0.698529       -1.989041        2.865708   18.418187    6.479258    0.222553    5.869792
    0.738806    0.752276    0.033196   -0.196192    0.719081       -2.086178        2.921269   18.487226    6.505221    0.222553    5.869792
    0.741294    0.751770    0.036132   -0.206086    0.740060       -2.185676        2.976384   18.556219    6.531148    0.222553    5.869792
    0.743781    0.751220    0.039215   -0.216229    0.761459       -2.287710        3.031015   18.625165    6.557036    0.222553    5.869792
    0.746269    0.750624    0.042448   -0.226626    0.783269       -2.392457        3.085125   18.694058    6.582881    0.222553    5.869792
    0.748756    0.749980    0.045835   -0.237281    0.805476       -2.500094        3.138676   18.762893    6.608680    0.222553    5.869792
    0.751244    0.749285    0.049379   -0.248197    0.828067       -2.610800        3.191629   18.831668    6.634429    0.222553    5.869792
    0.753731    0.748538    0.053084   -0.259377    0.851025       -2.724752        3.243944   18.900376    6.660123    0.222553    5.869792
    0.756219    0.747735    0.056955   -0.270826    0.874330       -2.842125        3.295579   18.969014    6.685760    0.222553    5.869792
    0.758706    0.746875    0.060994   -0.282545    0.897961       -2.963091        3.346493   19.037575    6.711333    0.222553    5.869792
    0.761194    0.745954    0.065207   -0.294538    0.921894       -3.087817        3.396643   19.106054    6.736840    0.222553    5.869792
    0.763682    0.744971    0.069597   -0.306806    0.946101       -3.216466        3.445987   19.174446    6.762274    0.222553    5.869792
    0.766169    0.743923    0.074168   -0.319353    0.970554       -3.349194        3.494482   19.242745    6.787631    0.222553    5.869792
    0.768657    0.742806    0.078924   -0.332180    0.995222       -3.486146        3.542084   19.310945    6.812905    0.222553    5.869792
    0.771144    0.741619    0.083870   -0.345287    1.020072       -3.627461        3.588751   19.379038    6.838092    0.222553    5.869792
    0.773632    0.740359    0.089009   -0.358676    1.045067       -3.773265        3.634438   19.447020    6.863185    0.222553    5.869792
    0.776119    0.739022    0.094346   -0.372346    1.070169       -3.923672        3.679104   19.514883    6.888179    0.222553    5.869792
    0.778607    0.737607    0.099884   -0.386299    1.095339       -4.078783        3.722706   19.582619    6.913066    0.222553    5.869792
    0.781095    0.736109    0.105628   -0.400532    1.120534       -4.238684        3.765202   19.650222    6.937842    0.222553    5.869792
    0.783582    0.734527    0.111582   -0.415046    1.145711       -4.403443        3.806551   19.717683    6.962499    0.222553    5.869792
    0.786070    0.732857    0.117750   -0.429838    1.170823       -4.573112        3.846713   19.784996    6.987030    0.222553    5.869792
    0.788557    0.731095    0.124136   -0.444905    1.195825       -4.747725        3.885649   19.852151    7.011429    0.222553    5.869792
    0.791045    0.729240    0.130744   -0.460246    1.220667       -4.927295        3.923322   19.919140    7.035688    0.222553    5.869792
    0.793532    0.727287    0.137578   -0.475856    1.245301       -5.111815        3.959694   19.985954    7.059798    0.222553    5.869792
    0.796020    0.725234    0.144642   -0.491731    1.269674       -5.301256        3.994733   20.052585    7.083754    0.222553    5.869792
    0.798507    0.723077    0.151939   -0.507867    1.293737       -5.495567        4.028405   20.119022    7.107546    0.222553    5.869792
    0.800995    0.720812    0.159474   -0.524258    1.317437       -5.694674        4.060679   20.185257    7.131166    0.222553    5.869792
    0.803483    0.718438    0.167250   -0.540899    1.340721       -5.898481        4.091527   20.251279    7.154605    0.222553    5.869792
    0.805970    0.715950    0.175271   -0.557782    1.363538       -6.106868        4.120923   20.317078    7.177856    0.222553    5.869792
    0.808458    0.713345    0.183540   -0.574900    1.385835       -6.319692        4.148842   20.382643    7.200908    0.222553    5.869792
    0.810945    0.710619    0.192061   -0.592247    1.407561       -6.536786        4.175264   20.447964    7.223753    0.222553    5.869792
    0.813433    0.707769    0.200837   -0.609812    1.428663       -6.757964        4.200170   20.513029    7.246382    0.222553    5.869792
    0.815920    0.704792    0.209870   -0.627588    1.449091       -6.983012        4.223543   20.577827    7.268784    0.222553    5.869792
    0.818408    0.701684    0.219165   -0.645565    1.468797       -7.211700        4.245371   20.642346    7.290951    0.222553    5.869792
    0.820896    0.698442    0.228724   -0.663733    1.487731       -7.443776        4.265644   20.706573    7.312872    0.222553    5.869792
    0.823383    0.695062    0.238549   -0.682080    1.505847       -7.678968        4.284353   20.770497    7.334536    0.222553    5.869792
    0.825871    0.691540    0.248643   -0.700597    1.523099       -7.916988        4.301495   20.834104    7.355935    0.222553    5.869792
    0.828358    0.687874    0.259009   -0.719271    1.539446       -8.157530        4.317068   20.897381    7.377058    0.222553    5.869792
    0.830846    0.684059    0.269649   -0.738090    1.554845       -8.400274        4.331073   20.960316    7.397894    0.222553    5.869792
    0.833333    0.680093    0.280564   -0.757042    1.569259       -8.644889        4.343515   21.022893    7.418434    0.222553    5.869792
    0.835821    0.675972    0.291757   -0.776115    1.582649       -8.891031        4.354401   21.085100    7.438666    0.222553    5.869792
    0.838308    0.671692    0.303230   -0.795294    1.594983       -9.138348        4.363740   21.146921    7.458580    0.222553    5.869792
    0.840796    0.667251    0.314983   -0.814567    1.606229       -9.386480        4.371546   21.208342    7.478166    0.222553    5.869792
    0.843284    0.662644    0.327018   -0.833920    1.616358       -9.635064        4.377833   21.269348    7.497413    0.222553    5.869792
    0.845771    0.657869    0.339336   -0.853339    1.625344       -9.883734        4.382620   21.329924    7.516312    0.222553    5.869792
    0.848259    0.652923    0.351938   -0.872810    1.633165      -10.132123        4.385926   21.390053    7.534852    0.222553    5.869792
    0.850746    0.647801    0.364825   -0.892318    1.639799      -10.379864        4.387774   21.449721    7.553023    0.222553    5.869792
    0.853234    0.642502    0.377996   -0.911849    1.645230      -10.626597        4.388188   21.508911    7.570815    0.222553    5.869792
    0.855721    0.637023    0.391453   -0.931389    1.649443      -10.871965        4.387195   21.567607    7.588219    0.222553    5.869792
    0.858209    0.631360    0.405196   -0.950924    1.652425      -11.115618        4.384822   21.625792    7.605225    0.222553    5.869792
    0.860697    0.625510    0.419223   -0.970438    1.654168      -11.357217        4.381100   21.683448    7.621825    0.222553    5.869792
    0.863184    0.619472    0.433535   -0.989917    1.654665      -11.596433        4.376059   21.740559    7.638010    0.222553    5.869792
    0.865672    0.613242    0.448131   -1.009347    1.653912      -11.832948        4.369732   21.797107    7.653771    0.222553    5.869792
    0.868159    0.606818    0.463011   -1.028714    1.651908      -12.066460        4.362151   21.853075    7.669102    0.222553    5.869792
    0.870647    0.600198    0.478172   -1.048002    1.648652      -12.296679        4.353352   21.908445    7.683995    0.222553    5.869792
    0.873134    0.593379    0.493615   -1.067199    1.644149      -12.523333        4.343369   21.963198    7.698442    0.222553    5.869792
    0.875622    0.586360    0.509337   -1.086291    1.638404      -12.746165        4.332237   22.017316    7.712439    0.222553    5.869792
    0.878109    0.579139    0.525337   -1.105263    1.631423      -12.964937        4.319992   22.070782    7.725980    0.222553    5.869792
    0.880597    0.571714    0.541614   -1.124101    1.623214      -13.179427        4.306670   22.123575    7.739060    0.222553    5.869792
    0.883085    0.564084    0.558164   -1.142794    1.613789      -13.389433        4.292306   22.175678    7.751674    0.222553    5.869792
    0.885572    0.556247    0.574986   -1.161328    1.603158      -13.594771        4.276937   22.227071    7.763820    0.222553    5.869792
    0.888060    0.548203    0.592077   -1.179690    1.591335      -13.795274        4.260598   22.277736    7.775495    0.222553    5.869792
    0.890547    0.539949    0.609435   -1.197867    1.578334      -13.990795        4.243323   22.327653    7.786698    0.222553    5.869792
    0.893035    0.531486    0.627057   -1.215848    1.564169      -14.181206        4.225147   22.376803    7.797428    0.222553    5.869792
    0.895522    0.522814    0.644941   -1.233621    1.548856      -14.366395        4.206104   22.425168    7.807684    0.222553    5.869792
    0.898010    0.513931    0.663082   -1.251173    1.532411      -14.546269        4.186226   22.472727    7.817468    0.222553    5.869792
    0.900498    0.504838    0.681477   -1.268494    1.514850      -14.720752        4.165545   22.519461    7.826782    0.222553    5.869792
    0.902985    0.495535    0.700124   -1.285572    1.496190      -14.889783        4.144092   22.565352    7.835628    0.222553    5.869792
    0.905473    0.486022    0.719019   -1.302397    1.476447      -15.053318        4.121897   22.610379    7.844012    0.222553    5.869792
    0.907960    0.476301    0.738157   -1.318958    1.455639      -15.211329        4.098988   22.654525    7.851937    0.222553    5.869792
    0.910448    0.466371    0.757535   -1.335245    1.433781      -15.363800        4.075394   22.697768    7.859410    0.222553    5.869792
    0.912935    0.456235    0.777149   -1.351248    1.410890      -15.510730        4.051139   22.740092    7.866437    0.222553    5.869792
    0.915423    0.445893    0.796994   -1.366957    1.386980      -15.652129        4.026249   22.781475    7.873027    0.222553    5.869792
    0.917910    0.435348    0.817066   -1.382363    1.362067      -15.788021        4.000748   22.821901    7.879188    0.222553    5.869792
    0.920398    0.424601    0.837361   -1.397455    1.336164      -15.918441        3.974656   22.861350    7.884930    0.222553    5.869792
    0.922886    0.413654    0.857874   -1.412227    1.309284      -16.043430        3.947996   22.899804    7.890264    0.222553    5.869792
    0.925373    0.402511    0.878601   -1.426667    1.281441      -16.163043        3.920785   22.937245    7.895201    0.222553    5.869792
    0.927861    0.391174    0.899536   -1.440767    1.252644      -16.277340        3.893043   22.973654    7.899755    0.222553    5.869792
    0.930348    0.379645    0.920674   -1.454520    1.222903      -16.386391        3.864784   23.009014    7.903937    0.222553    5.869792
    0.932836    0.367929    0.942010   -1.467916    1.192228      -16.490271        3.836024   23.043308    7.907763    0.222553    5.869792
    0.935323    0.356029    0.963540   -1.480946    1.160625      -16.589060        3.806776   23.076519    7.911247    0.222553    5.869792
    0.937811    0.343948    0.985256   -1.493603    1.128100      -16.682846        3.777052   23.108630    7.914404    0.222553    5.869792
    0.940299    0.331692    1.007155   -1.505879    1.094659      -16.771719        3.746862   23.139624    7.917250    0.222553    5.869792
    0.942786    0.319264    1.029231   -1.517764    1.060304      -16.855774        3.716216   23.169486    7.919802    0.222553    5.869792
    0.945274    0.306670    1.051477   -1.529251    1.025036      -16.935109        3.685121   23.198200    7.922076    0.222553    5.869792
    0.947761    0.293913    1.073887   -1.540332    0.988855      -17.009823        3.653584   23.225751    7.924090    0.222553    5.869792
    0.950249    0.281000    1.096457   -1.550998    0.951760      -17.080019        3.621609   23.252124    7.925860    0.222553    5.869792
    0.952736    0.267936    1.119179   -1.561241    0.913747      -17.145801        3.589201   23.277306    7.927405    0.222553    5.869792
    0.955224    0.254727    1.142048   -1.571052    0.874811      -17.207273        3.556361   23.301283    7.928741    0.222553    5.869792
    0.957711    0.241379    1.165056   -1.580422    0.834946      -17.264540        3.523092   23.324041    7.929885    0.222553    5.869792
    0.960199    0.227897    1.188198   -1.589344    0.794142      -17.317709        3.489392   23.345569    7.930856    0.222553    5.869792
    0.962687    0.214289    1.211467   -1.597807    0.752391      -17.366883        3.455261   23.365854    7.931670    0.222553    5.869792
    0.965174    0.200562    1.234857   -1.605804    0.709678      -17.412169        3.420697   23.384884    7.932343    0.222553    5.869792
    0.967662    0.186721    1.258359   -1.613324    0.665992      -17.453669        3.385696   23.402651    7.932891    0.222553    5.869792
    0.970149    0.172775    1.281968   -1.620358    0.621316      -17.491486        3.350254   23.419142    7.933331    0.222553    5.869792
    0.972637    0.158730    1.305676   -1.626896    0.575634      -17.525723        3.314365   23.434350    7.933676    0.222553    5.869792
    0.975124    0.144595    1.329476   -1.632928    0.528925      -17.556480        3.278024   23.448264    7.933941    0.222553    5.869792
    0.977612    0.130376    1.353360   -1.638444    0.481170      -17.583854        3.241223   23.460878    7.934139    0.222553    5.869792
    0.980100    0.116082    1.377321   -1.643431    0.432346      -17.607945        3.203954   23.472185    7.934282    0.222553    5.869792
    0.982587    0.101721    1.401350   -1.647880    0.382429      -17.628847        3.166209   23.482176    7.934380    0.222553    5.869792
    0.985075    0.087300    1.425441   -1.651778    0.331392      -17.646655        3.127977   23.490847    7.934445    0.222553    5.869792
    0.987562    0.072828    1.449584   -1.655113    0.279209      -17.661462        3.089250   23.498193    7.934484    0.222553    5.869792
    0.990050    0.058314    1.473772   -1.657873    0.225849      -17.673360        3.050015   23.504209    7.934506    0.222553    5.869792
    0.992537    0.043766    1.497996   -1.660044    0.171282      -17.682440        3.010262   23.508892    7.934516    0.222553    5.869792
    0.995025    0.029191    1.522248   -1.661613    0.115475      -17.688796        2.969978   23.512239    7.934520    0.222553    5.869792
    0.997512    0.014600    1.546517   -1.662565    0.058393      -17.692525        2.929151   23.514248    7.934521    0.222553    5.869792
    1.000000    0.000000    1.570796   -1.662886    0.000000      -17.693734        2.887769   23.514917    7.934521    0.222553    5.869792
