           t           r         psi          cs          qs               p             sig           A           V          Q2           S
    0.000000   -0.000000   -1.570796   -0.673456    0.000000     -735.578588      568.980999    0.000000    0.000000    0.185148    4.458219
    0.009804    0.043702   -1.541229   -0.681927    0.466959     -736.062114      555.078375    0.006001    0.000002    0.185148    4.458219
    0.019608    0.087365   -1.511036   -0.700898    0.707275     -737.616609      541.647288    0.024000    0.000031    0.185148    4.458219
    0.029412    0.130947   -1.479876   -0.725681    0.864918     -740.405765      528.646244    0.053979    0.000159    0.185148    4.458219
    0.039216    0.174403   -1.447536   -0.754832    0.998249     -744.626564      516.038918    0.095911    0.000508    0.185148    4.458219
    0.049020    0.217682   -1.413831   -0.788220    1.133214     -750.519563      503.795101    0.149754    0.001254    0.185148    4.458219
    0.058824    0.260724   -1.378565   -0.826315    1.283366     -758.379172      491.891975    0.215452    0.002630    0.185148    4.458219
    0.068627    0.303464   -1.341517   -0.869941    1.457588     -768.566245      480.315878    0.292930    0.004929    0.185148    4.458219
    0.078431    0.345825   -1.302422   -0.920194    1.663081     -781.523377      469.064726    0.382095    0.008508    0.185148    4.458219
    0.088235    0.387719   -1.260961   -0.978412    1.906318     -797.792917      458.151386    0.482832    0.013791    0.185148    4.458219
    0.098039    0.429041   -1.216754   -1.046165    2.192864     -818.036962      447.608360    0.594998    0.021272    0.185148    4.458219
    0.107843    0.469669   -1.169345   -1.125206    2.526175     -843.057053      437.494307    0.718420    0.031518    0.185148    4.458219
    0.117647    0.509454   -1.118202   -1.217353    2.905110     -873.808015      427.903081    0.852887    0.045169    0.185148    4.458219
    0.127451    0.548218   -1.062714   -1.324240    3.319694     -911.394251      418.976124    0.998145    0.062935    0.185148    4.458219
    0.137255    0.585749   -1.002212   -1.446850    3.744714     -957.025589      410.919121    1.153884    0.085589    0.185148    4.458219
    0.147059    0.621787   -0.936012   -1.584759    4.131284    -1011.891572      404.023553    1.319731    0.113945    0.185148    4.458219
    0.156863    0.656025   -0.863497   -1.735011    4.398010    -1076.887621      398.692637    1.495237    0.148821    0.185148    4.458219
    0.166667    0.688106   -0.784262   -1.890688    4.426349    -1152.102931      395.468337    1.679857    0.190980    0.185148    4.458219
    0.176471    0.717628   -0.698317   -2.039507    4.068822    -1235.991397      395.050214    1.872946    0.241043    0.185148    4.458219
    0.186275    0.744167   -0.606341   -2.163158    3.181453    -1324.268041      398.287367    2.073742    0.299369    0.185148    4.458219
    0.196078    0.767316   -0.509925   -2.238551    1.686780    -1408.902735      406.114072    2.281370    0.365934    0.185148    4.458219
    0.205882    0.786745   -0.411706   -2.242049   -0.346699    -1478.095555      419.398927    2.494850    0.440242    0.185148    4.458219
    0.215686    0.802265   -0.315238   -2.156553   -2.655280    -1518.367706      438.705756    2.713132    0.521313    0.185148    4.458219
    0.225490    0.813887   -0.224539   -1.979021   -4.821849    -1519.020538      464.032080    2.935138    0.607792    0.185148    4.458219
    0.235294    0.821840   -0.143374   -1.724120   -6.423220    -1477.051298      494.659750    3.159824    0.698149    0.185148    4.458219
    0.245098    0.826544   -0.074529   -1.420928   -7.205155    -1399.161442      529.237900    3.386237    0.790921    0.185148    4.458219
    0.254902    0.828544   -0.019361   -1.103920   -7.166411    -1299.177940      566.088056    3.613557    0.884892    0.185148    4.458219
    0.264706    0.828434    0.022214   -0.803251   -6.506622    -1192.784741      603.579898    3.841123    0.979171    0.185148    4.458219
    0.274510    0.826784    0.051391   -0.538963   -5.500466    -1092.979980      640.408078    4.068435    1.073175    0.185148    4.458219
    0.284314    0.824098    0.069996   -0.320229   -4.389504    -1008.090252      675.699610    4.295141    1.166571    0.185148    4.458219
    0.294118    0.820794    0.080063   -0.147880   -3.334173     -941.993360      708.984865    4.521016    1.259194    0.185148    4.458219
    0.303922    0.817202    0.083540   -0.017807   -2.415523     -895.348890      740.103120    4.745937    1.350989    0.185148    4.458219
    0.313725    0.813571    0.082145    0.076223   -1.658637     -866.909215      769.098871    4.969862    1.441965    0.185148    4.458219
    0.323529    0.810080    0.077306    0.140796   -1.057265     -854.513976      796.136497    5.192805    1.532170    0.185148    4.458219
    0.333333    0.806853    0.070177    0.181950   -0.591520     -855.717276      821.439918    5.414823    1.621669    0.185148    4.458219
    0.343137    0.803970    0.061666    0.204844   -0.238089     -868.130758      845.254045    5.636001    1.710541    0.185148    4.458219
    0.352941    0.801476    0.052474    0.213728    0.024885     -889.583499      867.822100    5.856441    1.798869    0.185148    4.458219
    0.362745    0.799387    0.043137    0.212045    0.216025     -918.176976      889.373349    6.076250    1.886736    0.185148    4.458219
    0.372549    0.797702    0.034052    0.202561    0.350463     -952.286023      910.117213    6.295542    1.974224    0.185148    4.458219
    0.382353    0.796403    0.025511    0.187500    0.440234     -990.535627      930.241051    6.514425    2.061412    0.185148    4.458219
    0.392157    0.795462    0.017716    0.168650    0.494849    -1031.769802      949.909900    6.733000    2.148374    0.185148    4.458219
    0.401961    0.794842    0.010802    0.147446    0.521856    -1075.020678      969.267200    6.951362    2.235178    0.185148    4.458219
    0.411765    0.794503    0.004844    0.125043    0.527316    -1119.481377      988.435905    7.169594    2.321884    0.185148    4.458219
    0.421569    0.794404   -0.000125    0.102358    0.516183    -1164.483870     1007.519713    7.387766    2.408546    0.185148    4.458219
    0.431373    0.794500   -0.004110    0.080111    0.492581    -1209.481732     1026.604253    7.605939    2.495208    0.185148    4.458219
    0.441176    0.794749   -0.007142    0.058850    0.460013    -1254.037159     1045.758210    7.824160    2.581907    0.185148    4.458219
    0.450980    0.795111   -0.009274    0.038974    0.421500    -1297.811333     1065.034375    8.042466    2.668672    0.185148    4.458219
    0.460784    0.795548   -0.010573    0.020751    0.379674    -1340.557201     1084.470647    8.260883    2.755524    0.185148    4.458219
    0.470588    0.796024   -0.011115    0.004333    0.336837    -1382.113780     1104.091035    8.479426    2.842475    0.185148    4.458219
    0.480392    0.796509   -0.010979   -0.010231    0.294991    -1422.401216     1123.906657    8.698101    2.929532    0.185148    4.458219
    0.490196    0.796975   -0.010247   -0.022981    0.255862    -1461.416004     1143.916784    8.916908    3.016694    0.185148    4.458219
    0.500000    0.797398   -0.008995   -0.034032    0.220905    -1499.225956     1164.109898    9.135837    3.103954    0.185148    4.458219
    0.509804    0.797755   -0.007294   -0.043564    0.191317    -1535.964696     1184.464781    9.354874    3.191301    0.185148    4.458219
    0.519608    0.798030   -0.005206   -0.051808    0.168048    -1571.825638     1204.951586    9.573998    3.278718    0.185148    4.458219
    0.529412    0.798205   -0.002780   -0.059035    0.151820    -1607.055555     1225.532879    9.793183    3.366187    0.185148    4.458219
    0.539216    0.798268   -0.000055   -0.065547    0.143145    -1641.947921     1246.164597   10.012402    3.453682    0.185148    4.458219
    0.549020    0.798206    0.002944   -0.071665    0.142360    -1676.836291     1266.796911   10.231622    3.541178    0.185148    4.458219
    0.558824    0.798007    0.006208   -0.077724    0.149648    -1712.087933     1287.374942   10.450806    3.628644    0.185148    4.458219
    0.568627    0.797659    0.009742   -0.084061    0.165080    -1748.097894     1307.839331   10.669915    3.716049    0.185148    4.458219
    0.578431    0.797151    0.013566   -0.091018    0.188634    -1785.283571     1328.126637   10.888907    3.803357    0.185148    4.458219
    0.588235    0.796469    0.017713   -0.098932    0.220226    -1824.079727     1348.169593   11.107735    3.890531    0.185148    4.458219
    0.598039    0.795597    0.022233   -0.108130    0.259727    -1864.933768     1367.897216   11.326351    3.977528    0.185148    4.458219
    0.607843    0.794519    0.027189   -0.118936    0.306969    -1908.300929     1387.234830   11.544699    4.064303    0.185148    4.458219
    0.617647    0.793214    0.032658   -0.131658    0.361749    -1954.638914     1406.104037   11.762721    4.150806    0.185148    4.458219
    0.627451    0.791656    0.038730   -0.146595    0.423813    -2004.401439     1424.422709   11.980350    4.236982    0.185148    4.458219
    0.637255    0.789819    0.045509   -0.164027    0.492837    -2058.030037     1442.105077   12.197513    4.322769    0.185148    4.458219
    0.647059    0.787667    0.053109   -0.184218    0.568394    -2115.943555     1459.061991   12.414130    4.408095    0.185148    4.458219
    0.656863    0.785164    0.061656   -0.207405    0.649918    -2178.524797     1475.201450   12.630109    4.492884    0.185148    4.458219
    0.666667    0.782265    0.071286   -0.233797    0.736658    -2246.104045     1490.429481   12.845346    4.577044    0.185148    4.458219
    0.676471    0.778920    0.082143   -0.263562    0.827639    -2318.939462     1504.651433   13.059728    4.660475    0.185148    4.458219
    0.686275    0.775073    0.094377   -0.296822    0.921622    -2397.194893     1517.773746   13.273124    4.743062    0.185148    4.458219
    0.696078    0.770661    0.108142   -0.333640    1.017087    -2480.916154     1529.706196   13.485386    4.824673    0.185148    4.458219
    0.705882    0.765614    0.123594   -0.374009    1.112232    -2570.007565     1540.364580   13.696352    4.905162    0.185148    4.458219
    0.715686    0.759858    0.140887   -0.417844    1.204999    -2664.211128     1549.673742   13.905836    4.984363    0.185148    4.458219
    0.725490    0.753311    0.160168   -0.464974    1.293141    -2763.091222     1557.570763   14.113633    5.062090    0.185148    4.458219
    0.735294    0.745887    0.181577   -0.515135    1.374314    -2866.027840     1564.008096   14.319513    5.138140    0.185148    4.458219
    0.745098    0.737494    0.205238   -0.567973    1.446213    -2972.221085     1568.956355   14.523223    5.212288    0.185148    4.458219
    0.754902    0.728040    0.231260   -0.623050    1.506716    -3080.708719     1572.406478   14.724485    5.284290    0.185148    4.458219
    0.764706    0.717426    0.259728   -0.679856    1.554041    -3190.397174     1574.370979   14.922994    5.353887    0.185148    4.458219
    0.774510    0.705558    0.290707   -0.737823    1.586886    -3300.104629     1574.884093   15.118418    5.420806    0.185148    4.458219
    0.784314    0.692339    0.324234   -0.796354    1.604539    -3408.612934     1574.000721   15.310399    5.484768    0.185148    4.458219
    0.794118    0.677679    0.360320   -0.854846    1.606933    -3514.723727     1571.794199   15.498554    5.545491    0.185148    4.458219
    0.803922    0.661491    0.398952   -0.912714    1.594646    -3617.313250     1568.353057   15.682475    5.602701    0.185148    4.458219
    0.813725    0.643697    0.440089   -0.969417    1.568850    -3715.380577     1563.777045   15.861731    5.656140    0.185148    4.458219
    0.823529    0.624229    0.483671   -1.024481    1.531198    -3808.084898     1558.172755   16.035873    5.705577    0.185148    4.458219
    0.833333    0.603029    0.529616   -1.077510    1.483689    -3894.769193     1551.649208   16.204431    5.750819    0.185148    4.458219
    0.843137    0.580054    0.577828   -1.128196    1.428519    -3974.969554     1544.313706   16.366925    5.791723    0.185148    4.458219
    0.852941    0.555275    0.628201   -1.176326    1.367933    -4048.411178     1536.268221   16.522861    5.828202    0.185148    4.458219
    0.862745    0.528679    0.680619   -1.221772    1.304099    -4114.993437     1527.606463   16.671744    5.860238    0.185148    4.458219
    0.872549    0.500270    0.734964   -1.264490    1.239011    -4174.767177     1518.411699   16.813073    5.887888    0.185148    4.458219
    0.882353    0.470071    0.791116   -1.304509    1.174423    -4227.907578     1508.755303   16.946354    5.911283    0.185148    4.458219
    0.892157    0.438122    0.848961   -1.341917    1.111817    -4274.685573     1498.695970   17.071100    5.930634    0.185148    4.458219
    0.901961    0.404480    0.908385   -1.376854    1.052388    -4315.440246     1488.279477   17.186838    5.946221    0.185148    4.458219
    0.911765    0.369221    0.969286   -1.409494    0.997053    -4350.553879     1477.538879   17.293113    5.958392    0.185148    4.458219
    0.921569    0.332441    1.031567   -1.440043    0.946456    -4380.430644     1466.495017   17.389494    5.967548    0.185148    4.458219
    0.931373    0.294249    1.095142   -1.468723    0.900966    -4405.479314     1455.157236   17.475577    5.974127    0.185148    4.458219
    0.941176    0.254774    1.159933   -1.495769    0.860609    -4426.099968     1443.524248   17.550993    5.978591    0.185148    4.458219
    0.950980    0.214159    1.225876   -1.521416    0.824846    -4442.674387     1431.585068   17.615408    5.981399    0.185148    4.458219
    0.960784    0.172562    1.292913   -1.545882    0.791794    -4455.559701     1419.320008   17.668530    5.982991    0.185148    4.458219
    0.970588    0.130156    1.360996   -1.569308    0.755553    -4465.084923     1406.701701   17.710113    5.983766    0.185148    4.458219
    0.980392    0.087126    1.430078   -1.591536    0.696255    -4471.550299     1393.696170   17.739961    5.984060    0.185148    4.458219
    0.990196    0.043672    1.500086   -1.611181    0.540751    -4475.230573     1380.263943   17.757929    5.984128    0.185148    4.458219
    1.000000    0.000000    1.570796   -1.621658    0.000000    -4476.390252     1366.361237   17.763928    5.984133    0.185148    4.458219
