           t           r         psi          cs          qs               p             sig           A           V          Q2           S
    0.000000   -0.000000   -1.570796   -0.680190    0.000000     -692.085014      531.901708    0.000000    0.000000    0.193047    4.276609
    0.009804    0.041922   -1.542157   -0.688319    0.470349     -692.528163      518.896203    0.005522    0.000002    0.193047    4.276609
    0.019608    0.083809   -1.512935   -0.706854    0.723584     -693.948381      506.327136    0.022085    0.000027    0.193047    4.276609
    0.029412    0.125624   -1.482802   -0.731344    0.891882     -696.487387      494.160154    0.049673    0.000136    0.193047    4.276609
    0.039216    0.167325   -1.451546   -0.760279    1.032091     -700.314371      482.365461    0.088263    0.000434    0.193047    4.276609
    0.049020    0.208867   -1.418990   -0.793410    1.170607     -705.634218      470.918624    0.137819    0.001072    0.193047    4.276609
    0.058824    0.250197   -1.384952   -0.831086    1.321361     -712.695289      459.801647    0.198291    0.002247    0.193047    4.276609
    0.068627    0.291257   -1.349226   -0.874000    1.493168     -721.798800      449.004419    0.269618    0.004211    0.193047    4.276609
    0.078431    0.331978   -1.311576   -0.923088    1.692710     -733.310000      438.526667    0.351718    0.007269    0.193047    4.276609
    0.088235    0.372282   -1.271718   -0.979496    1.925573     -747.671072      428.380612    0.444493    0.011784    0.193047    4.276609
    0.098039    0.412078   -1.229320   -1.044546    2.196194     -765.415077      418.594577    0.547821    0.018178    0.193047    4.276609
    0.107843    0.451257   -1.183987   -1.119694    2.506943     -787.179231      409.217890    0.661553    0.026937    0.193047    4.276609
    0.117647    0.489691   -1.135266   -1.206421    2.856216     -813.713685      400.327532    0.785512    0.038608    0.193047    4.276609
    0.127451    0.527228   -1.082642   -1.306039    3.235302     -845.878168      392.037022    0.919481    0.053801    0.193047    4.276609
    0.137255    0.563685   -1.025556   -1.419345    3.623808     -884.612276      384.508117    1.063202    0.073181    0.193047    4.276609
    0.147059    0.598845   -0.963434   -1.546072    3.983785     -930.854807      377.965655    1.216360    0.097453    0.193047    4.276609
    0.156863    0.632451   -0.895751   -1.684104    4.253572     -985.373362      372.715291    1.378583    0.127336    0.193047    4.276609
    0.166667    0.664203   -0.822123   -1.828479    4.344039    -1048.451588      369.162281    1.549422    0.163525    0.193047    4.276609
    0.176471    0.693765   -0.742456   -1.970359    4.142184    -1119.382687      367.826427    1.728344    0.206621    0.193047    4.276609
    0.186275    0.720774   -0.657118   -2.096368    3.528917    -1195.767477      369.343177    1.914726    0.257053    0.193047    4.276609
    0.196078    0.744869   -0.567131   -2.188965    2.416414    -1272.763284      374.434584    2.107847    0.314980    0.193047    4.276609
    0.205882    0.765726   -0.474303   -2.228603    0.801591    -1342.695530      383.830468    2.306896    0.380203    0.193047    4.276609
    0.215686    0.783109   -0.381237   -2.197974   -1.185098    -1395.695094      398.128552    2.510985    0.452127    0.193047    4.276609
    0.225490    0.796920   -0.291114   -2.087536   -3.272326    -1421.881253      417.611827    2.719184    0.529786    0.193047    4.276609
    0.235294    0.807230   -0.207269   -1.900058   -5.111191    -1414.709884      442.086022    2.930556    0.611959    0.193047    4.276609
    0.245098    0.814284   -0.132642   -1.651524   -6.394624    -1373.850648      470.825436    3.144209    0.697344    0.193047    4.276609
    0.254902    0.818468   -0.069281   -1.367277   -6.968033    -1305.694994      502.680051    3.359332    0.784726    0.193047    4.276609
    0.264706    0.820256   -0.018097   -1.075100   -6.864454    -1221.079238      536.309209    3.575230    0.873104    0.193047    4.276609
    0.274510    0.820153    0.021095   -0.798614   -6.253915    -1131.722780      570.437959    3.791340    0.961740    0.193047    4.276609
    0.284314    0.818641    0.049314   -0.553587   -5.354017    -1047.347717      604.038572    4.007226    1.050139    0.193047    4.276609
    0.294118    0.816152    0.068064   -0.347576   -4.356498     -974.410738      636.401752    4.222577    1.138003    0.193047    4.276609
    0.303922    0.813047    0.079023   -0.181709   -3.393529     -916.202982      667.119531    4.437184    1.225176    0.193047    4.276609
    0.313725    0.809618    0.083823   -0.053112   -2.537179     -873.619400      696.022956    4.650925    1.311595    0.193047    4.276609
    0.323529    0.806091    0.083931    0.043014   -1.814746     -846.033674      723.110092    4.863745    1.397254    0.193047    4.276609
    0.333333    0.802636    0.080596    0.111981   -1.226413     -832.006615      748.483540    5.075642    1.482184    0.193047    4.276609
    0.343137    0.799374    0.074849    0.158836   -0.758979     -829.766573      772.303713    5.286653    1.566436    0.193047    4.276609
    0.352941    0.796388    0.067523    0.188023   -0.394513     -837.496333      794.757092    5.496838    1.650072    0.193047    4.276609
    0.362745    0.793729    0.059277    0.203291   -0.114969     -853.484626      816.036207    5.706280    1.733160    0.193047    4.276609
    0.372549    0.791425    0.050627    0.207739    0.095764     -876.193299      836.327834    5.915067    1.815772    0.193047    4.276609
    0.382353    0.789486    0.041972    0.203900    0.251244     -904.276540      855.806574    6.123296    1.897978    0.193047    4.276609
    0.392157    0.787903    0.033616    0.193839    0.362541     -936.575361      874.631743    6.331060    1.979848    0.193047    4.276609
    0.401961    0.786660    0.025781    0.179234    0.438571     -972.101093      892.946227    6.538453    2.061447    0.193047    4.276609
    0.411765    0.785732    0.018630    0.161458    0.486500    -1010.015525      910.876397    6.745561    2.142838    0.193047    4.276609
    0.421569    0.785087    0.012271    0.141624    0.512120    -1049.611618      928.532574    6.952462    2.224077    0.193047    4.276609
    0.431373    0.784691    0.006770    0.120639    0.520170    -1090.296618      946.009727    7.159227    2.305215    0.193047    4.276609
    0.441176    0.784507    0.002161    0.099230    0.514587    -1131.578162      963.388235    7.365916    2.386297    0.193047    4.276609
    0.450980    0.784497   -0.001553    0.077974    0.498700    -1173.053364      980.734625    7.572581    2.467360    0.193047    4.276609
    0.460784    0.784624   -0.004386    0.057315    0.475375    -1214.400552      998.102267    7.779262    2.548435    0.193047    4.276609
    0.470588    0.784853   -0.006372    0.037578    0.447118    -1255.373138     1015.532016    7.985990    2.629547    0.193047    4.276609
    0.480392    0.785148   -0.007554    0.018986    0.416144    -1295.795108     1033.052813    8.192788    2.710713    0.193047    4.276609
    0.490196    0.785476   -0.007982    0.001668    0.384420    -1335.557607     1050.682273    8.399669    2.791943    0.193047    4.276609
    0.500000    0.785807   -0.007712   -0.014334    0.353701    -1374.616128     1068.427262    8.606638    2.873243    0.193047    4.276609
    0.509804    0.786113   -0.006798   -0.029049    0.325537    -1412.987928     1086.284482    8.813691    2.954608    0.193047    4.276609
    0.519608    0.786369   -0.005293   -0.042576    0.301287    -1450.749347     1104.241077    9.020818    3.036034    0.193047    4.276609
    0.529412    0.786550   -0.003242   -0.055068    0.282124    -1488.032791     1122.275242    9.228004    3.117505    0.193047    4.276609
    0.539216    0.786634   -0.000686   -0.066729    0.269037    -1525.023268     1140.356850    9.435225    3.199005    0.193047    4.276609
    0.549020    0.786601    0.002345   -0.077803    0.262839    -1561.954393     1158.448060    9.642453    3.280510    0.193047    4.276609
    0.558824    0.786431    0.005833   -0.088568    0.264175    -1599.103841     1176.503918    9.849654    3.361995    0.193047    4.276609
    0.568627    0.786105    0.009772   -0.099324    0.273529    -1636.788280     1194.472929   10.056791    3.443426    0.193047    4.276609
    0.578431    0.785605    0.014167   -0.110391    0.291237    -1675.357773     1212.297583   10.263820    3.524769    0.193047    4.276609
    0.588235    0.784911    0.019038   -0.122099    0.317495    -1715.189627     1229.914853   10.470691    3.605983    0.193047    4.276609
    0.598039    0.784001    0.024419   -0.134784    0.352368    -1756.681620     1247.256658   10.677352    3.687024    0.193047    4.276609
    0.607843    0.782855    0.030358   -0.148780    0.395797    -1800.244476     1264.250313   10.883743    3.767842    0.193047    4.276609
    0.617647    0.781448    0.036918   -0.164414    0.447592    -1846.293368     1280.818998   11.089798    3.848382    0.193047    4.276609
    0.627451    0.779751    0.044172   -0.182001    0.507432    -1895.238235     1296.882274   11.295444    3.928583    0.193047    4.276609
    0.637255    0.777734    0.052211   -0.201840    0.574851    -1947.472644     1312.356705   11.500602    4.008375    0.193047    4.276609
    0.647059    0.775362    0.061133   -0.224202    0.649218    -2003.360987     1327.156633   11.705183    4.087685    0.193047    4.276609
    0.656863    0.772597    0.071050   -0.249330    0.729719    -2063.223921     1341.195147   11.909088    4.166425    0.193047    4.276609
    0.666667    0.769394    0.082082   -0.277427    0.815337    -2127.322139     1354.385316   12.112208    4.244502    0.193047    4.276609
    0.676471    0.765704    0.094357   -0.308648    0.904830    -2195.838837     1366.641689   12.314422    4.321810    0.193047    4.276609
    0.686275    0.761474    0.108009   -0.343094    0.996725    -2268.861603     1377.882097   12.515593    4.398228    0.193047    4.276609
    0.696078    0.756644    0.123173   -0.380804    1.089325    -2346.364844     1388.029718   12.715572    4.473626    0.193047    4.276609
    0.705882    0.751149    0.139986   -0.421742    1.180729    -2428.194251     1397.015348   12.914193    4.547855    0.193047    4.276609
    0.715686    0.744920    0.158582   -0.465799    1.268885    -2514.055107     1404.779779   13.111271    4.620754    0.193047    4.276609
    0.725490    0.737882    0.179087   -0.512783    1.351656    -2603.506368     1411.276139   13.306603    4.692142    0.193047    4.276609
    0.735294    0.729956    0.201619   -0.562423    1.426920    -2695.962274     1416.472003   13.499966    4.761826    0.193047    4.276609
    0.745098    0.721061    0.226281   -0.614371    1.492681    -2790.702827     1420.351111   13.691115    4.829596    0.193047    4.276609
    0.754902    0.711114    0.253163   -0.668211    1.547185    -2886.893621     1422.914476   13.879784    4.895228    0.193047    4.276609
    0.764706    0.700030    0.282334   -0.723472    1.589039    -2983.614513     1424.180758   14.065685    4.958487    0.193047    4.276609
    0.774510    0.687725    0.313843   -0.779644    1.617305    -3079.895447     1424.185792   14.248507    5.019131    0.193047    4.276609
    0.784314    0.674116    0.347717   -0.836201    1.631567    -3174.756743     1422.981263   14.427917    5.076917    0.193047    4.276609
    0.794118    0.659126    0.383960   -0.892616    1.631954    -3267.250441     1420.632600   14.603562    5.131603    0.193047    4.276609
    0.803922    0.642681    0.422558   -0.948387    1.619123    -3356.499089     1417.216234   14.775067    5.182959    0.193047    4.276609
    0.813725    0.624717    0.463472   -1.003055    1.594200    -3441.728660     1412.816417   14.942042    5.230776    0.193047    4.276609
    0.823529    0.605176    0.506648   -1.056214    1.558691    -3522.293138     1407.521863   15.104078    5.274870    0.193047    4.276609
    0.833333    0.584013    0.552015   -1.107529    1.514369    -3597.689355     1401.422415   15.260753    5.315095    0.193047    4.276609
    0.843137    0.561193    0.599491   -1.156741    1.463157    -3667.561927     1394.605973   15.411635    5.351351    0.193047    4.276609
    0.852941    0.536695    0.648982   -1.203663    1.407013    -3731.699163     1387.155820   15.556285    5.383588    0.193047    4.276609
    0.862745    0.510513    0.700390   -1.248186    1.347834    -3790.021633     1379.148448   15.694260    5.411819    0.193047    4.276609
    0.872549    0.482654    0.753614   -1.290269    1.287380    -3842.565500     1370.651926   15.825116    5.436119    0.193047    4.276609
    0.882353    0.453143    0.808552   -1.329931    1.227216    -3889.462796     1361.724791   15.948414    5.456629    0.193047    4.276609
    0.892157    0.422019    0.865103   -1.367247    1.168688    -3930.920638     1352.415413   16.063725    5.473553    0.193047    4.276609
    0.901961    0.389337    0.923171   -1.402332    1.112902    -3967.200982     1342.761770   16.170629    5.487156    0.193047    4.276609
    0.911765    0.355169    0.982667   -1.435339    1.060724    -3998.602086     1332.791535   16.268727    5.497758    0.193047    4.276609
    0.921569    0.319603    1.043505   -1.466445    1.012767    -4025.442397     1322.522418   16.357637    5.505720    0.193047    4.276609
    0.931373    0.282741    1.105612   -1.495848    0.969365    -4048.047198     1311.962679   16.437005    5.511433    0.193047    4.276609
    0.941176    0.244700    1.168919   -1.523754    0.930457    -4066.738061     1301.111766   16.506503    5.515303    0.193047    4.276609
    0.950980    0.205613    1.233368   -1.550373    0.895255    -4081.824968     1289.961032   16.565839    5.517735    0.193047    4.276609
    0.960784    0.165624    1.298910   -1.575885    0.861210    -4093.600875     1278.494515   16.614757    5.519113    0.193047    4.276609
    0.970588    0.124893    1.365500   -1.600370    0.820716    -4102.338537     1266.689767   16.653038    5.519783    0.193047    4.276609
    0.980392    0.083589    1.433091   -1.623532    0.749955    -4108.289684     1254.518723   16.680510    5.520038    0.193047    4.276609
    0.990196    0.041894    1.501602   -1.643715    0.569473    -4111.687713     1241.948634   16.697045    5.520097    0.193047    4.276609
    1.000000   -0.000000    1.570796   -1.654168    0.000000    -4112.761329     1228.943056   16.702565    5.520101    0.193047    4.276609
