           t           r         psi          cs          qs               p             sig           A           V          Q2           S
    0.000000    0.000000   -1.570796   -1.176239   -0.000000        4.303238       -2.569259    0.000000    0.000000    0.024910    7.609946
    0.009804    0.074512   -1.483085   -1.174423   -0.064889        4.303207       -2.569616    0.017476    0.000029    0.024910    7.609946
    0.019608    0.148452   -1.395645   -1.168979   -0.129376        4.303100       -2.569963    0.069768    0.000453    0.024910    7.609946
    0.029412    0.221260   -1.308746   -1.159927   -0.193020        4.302899       -2.570303    0.156478    0.002259    0.024910    7.609946
    0.039216    0.292398   -1.222656   -1.147304   -0.255385        4.302577       -2.570643    0.276948    0.006997    0.024910    7.609946
    0.049020    0.361361   -1.137640   -1.131160   -0.316041        4.302099       -2.570987    0.430274    0.016649    0.024910    7.609946
    0.058824    0.427685   -1.053957   -1.111560   -0.374569        4.301416       -2.571340    0.615326    0.033468    0.024910    7.609946
    0.068627    0.490957   -0.971862   -1.088587   -0.430565        4.300458       -2.571709    0.830770    0.059796    0.024910    7.609946
    0.078431    0.550817   -0.891605   -1.062336   -0.483638        4.299129       -2.572099    1.075086    0.097888    0.024910    7.609946
    0.088235    0.606969   -0.813425   -1.032920   -0.533422        4.297292       -2.572517    1.346604    0.149749    0.024910    7.609946
    0.098039    0.659175   -0.737554   -1.000464   -0.579577        4.294749       -2.572970    1.643529    0.217003    0.024910    7.609946
    0.107843    0.707266   -0.664213   -0.965109   -0.621802        4.291209       -2.573468    1.963966    0.300799    0.024910    7.609946
    0.117647    0.751131   -0.593614   -0.927008   -0.659837        4.286245       -2.574020    2.305960    0.401760    0.024910    7.609946
    0.127451    0.790724   -0.525954   -0.886327   -0.693487        4.279217       -2.574636    2.667516    0.519975    0.024910    7.609946
    0.137255    0.826055   -0.461421   -0.843238   -0.722637        4.269162       -2.575328    3.046632    0.655024    0.024910    7.609946
    0.147059    0.857187   -0.400186   -0.797918   -0.747286        4.254617       -2.576108    3.441323    0.806040    0.024910    7.609946
    0.156863    0.884233   -0.342411   -0.750541   -0.767589        4.233382       -2.576980    3.849644    0.971783    0.024910    7.609946
    0.166667    0.907346   -0.288242   -0.701264   -0.783924        4.202220       -2.577941    4.269714    1.150738    0.024910    7.609946
    0.176471    0.926719   -0.237816   -0.650217   -0.796969        4.156676       -2.578958    4.699735    1.341203    0.024910    7.609946
    0.186275    0.942578   -0.191262   -0.597474   -0.807776        4.091574       -2.579944    5.138004    1.541389    0.024910    7.609946
    0.196078    0.955173   -0.148706   -0.543035   -0.817727        4.003742       -2.580706    5.582932    1.749497    0.024910    7.609946
    0.205882    0.964780   -0.110278   -0.486811   -0.828122        3.899757       -2.580881    6.033053    1.963794    0.024910    7.609946
    0.215686    0.971696   -0.076114   -0.428681   -0.838941        3.809615       -2.579916    6.487035    2.182668    0.024910    7.609946
    0.225490    0.976234   -0.046359   -0.368665   -0.846736        3.792745       -2.577224    6.943689    2.404673    0.024910    7.609946
    0.235294    0.978723   -0.021140   -0.307247   -0.843456        3.902492       -2.572628    7.401976    2.628562    0.024910    7.609946
    0.245098    0.979502   -0.000519   -0.245642   -0.819643        4.116543       -2.566768    7.861017    2.853301    0.024910    7.609946
    0.254902    0.978914    0.015554   -0.185664   -0.770965        4.335860       -2.560849    8.320088    3.078078    0.024910    7.609946
    0.264706    0.977290    0.027273   -0.129209   -0.700832        4.475269       -2.555870    8.778629    3.302290    0.024910    7.609946
    0.274510    0.974945    0.034960   -0.077780   -0.616803        4.516511       -2.552215    9.236228    3.525525    0.024910    7.609946
    0.284314    0.972165    0.039028   -0.032344   -0.526138        4.483858       -2.549790    9.692614    3.747535    0.024910    7.609946
    0.294118    0.969201    0.039948    0.006575   -0.434013        4.408055       -2.548326   10.147646    3.968208    0.024910    7.609946
    0.303922    0.966271    0.038215    0.038764   -0.343675        4.311306       -2.547547   10.601288    4.187539    0.024910    7.609946
    0.313725    0.963554    0.034332    0.064210   -0.257115        4.206392       -2.547237   11.053600    4.405610    0.024910    7.609946
    0.323529    0.961191    0.028798    0.083050   -0.175635        4.099665       -2.547241   11.504717    4.622564    0.024910    7.609946
    0.333333    0.959286    0.022097    0.095541   -0.100186        3.993789       -2.547450   11.954830    4.838592    0.024910    7.609946
    0.343137    0.957911    0.014691    0.102049   -0.031545        3.889493       -2.547788   12.404172    5.053914    0.024910    7.609946
    0.352941    0.957101    0.007007    0.103044    0.029605        3.786557       -2.548202   12.853001    5.268769    0.024910    7.609946
    0.362745    0.956863   -0.000562    0.099090    0.082648        3.684338       -2.548648   13.301585    5.483400    0.024910    7.609946
    0.372549    0.957174   -0.007672    0.090843    0.127029        3.582065       -2.549092   13.750187    5.698048    0.024910    7.609946
    0.382353    0.957989   -0.014028    0.079032    0.162261        3.479017       -2.549500   14.199056    5.912940    0.024910    7.609946
    0.392157    0.959242   -0.019395    0.064450    0.187939        3.374682       -2.549836   14.648412    6.128282    0.024910    7.609946
    0.401961    0.960854   -0.023597    0.047935    0.203761        3.268924       -2.550060   15.098443    6.344251    0.024910    7.609946
    0.411765    0.962731   -0.026521    0.030349    0.209557        3.162214       -2.550123   15.549295    6.560991    0.024910    7.609946
    0.421569    0.964777   -0.028121    0.012562    0.205338        3.055919       -2.549966   16.001071    6.778608    0.024910    7.609946
    0.431373    0.966894   -0.028412   -0.004572    0.191366        2.952663       -2.549519   16.453827    6.997163    0.024910    7.609946
    0.441176    0.968986   -0.027475   -0.020246    0.168249        2.856646       -2.548701   16.907572    7.216677    0.024910    7.609946
    0.450980    0.970966   -0.025445   -0.033729    0.137052        2.773795       -2.547428   17.362275    7.437128    0.024910    7.609946
    0.460784    0.972760   -0.022512   -0.044410    0.099403        2.711426       -2.545618   17.817865    7.658454    0.024910    7.609946
    0.470588    0.974308   -0.018900   -0.051839    0.057544        2.677158       -2.543215   18.274241    7.880559    0.024910    7.609946
    0.480392    0.975569   -0.014863   -0.055774    0.014261        2.676979       -2.540201   18.731276    8.103324    0.024910    7.609946
    0.490196    0.976522   -0.010665   -0.056210   -0.027351        2.712926       -2.536614   19.188830    8.326608    0.024910    7.609946
    0.500000    0.977163   -0.006557   -0.053390   -0.064276        2.781414       -2.532556   19.646758    8.550267    0.024910    7.609946
    0.509804    0.977508   -0.002768   -0.047777   -0.094038        2.873320       -2.528179   20.104916    8.774157    0.024910    7.609946
    0.519608    0.977588    0.000518   -0.040000   -0.115068        2.976103       -2.523657   20.563172    8.998145    0.024910    7.609946
    0.529412    0.977447    0.003165   -0.030775   -0.126850        3.077047       -2.519160   21.021413    9.222117    0.024910    7.609946
    0.539216    0.977134    0.005092   -0.020829   -0.129826        3.166080       -2.514821   21.479544    9.445982    0.024910    7.609946
    0.549020    0.976705    0.006272   -0.010833   -0.125134        3.237164       -2.510727   21.937500    9.669673    0.024910    7.609946
    0.558824    0.976216    0.006722   -0.001358   -0.114288        3.288193       -2.506916   22.395238    9.893150    0.024910    7.609946
    0.568627    0.975719    0.006499    0.007141   -0.098902        3.320028       -2.503390   22.852743   10.116400    0.024910    7.609946
    0.578431    0.975261    0.005689    0.014334   -0.080497        3.335333       -2.500120   23.310023   10.339431    0.024910    7.609946
    0.588235    0.974882    0.004398    0.020002   -0.060386        3.337638       -2.497061   23.767105   10.562270    0.024910    7.609946
    0.598039    0.974614    0.002745    0.024022   -0.039619        3.330747       -2.494157   24.224034   10.784962    0.024910    7.609946
    0.607843    0.974479    0.000856    0.026351   -0.018962        3.318469       -2.491347   24.680869   11.007562    0.024910    7.609946
    0.617647    0.974489   -0.001145    0.027001    0.001108        3.304571       -2.488564   25.137673   11.230133    0.024910    7.609946
    0.627451    0.974649   -0.003133    0.026021    0.020407        3.292869       -2.485743   25.594517   11.452743    0.024910    7.609946
    0.637255    0.974953   -0.004989    0.023471    0.039061        3.287393       -2.482815   26.051471   11.675458    0.024910    7.609946
    0.647059    0.975387   -0.006597    0.019403    0.057520        3.292569       -2.479709   26.508598   11.898340    0.024910    7.609946
    0.656863    0.975929   -0.007846    0.013830    0.076591        3.313354       -2.476353   26.965955   12.121445    0.024910    7.609946
    0.666667    0.976546   -0.008622    0.006698    0.097468        3.355235       -2.472677   27.423586   12.344814    0.024910    7.609946
    0.676471    0.977200   -0.008804   -0.002140    0.121753        3.423938       -2.468616   27.881515   12.568475    0.024910    7.609946
    0.686275    0.977842   -0.008254   -0.012957    0.151425        3.524592       -2.464124   28.339751   12.792435    0.024910    7.609946
    0.696078    0.978410   -0.006811   -0.026173    0.188721        3.660066       -2.459187   28.798273   13.016676    0.024910    7.609946
    0.705882    0.978831   -0.004274   -0.042369    0.235855        3.828273       -2.453854   29.257030   13.241150    0.024910    7.609946
    0.715686    0.979014   -0.000397   -0.062261    0.294503        4.018853       -2.448259   29.715932   13.465770    0.024910    7.609946
    0.725490    0.978849    0.005127   -0.086635    0.365079        4.210888       -2.442648   30.174843   13.690399    0.024910    7.609946
    0.735294    0.978199    0.012661   -0.116226    0.445987        4.374770       -2.437367   30.633570   13.914838    0.024910    7.609946
    0.745098    0.976900    0.022613   -0.151553    0.533277        4.480767       -2.432808   31.091846   14.138811    0.024910    7.609946
    0.754902    0.974754    0.035421   -0.192763    0.621166        4.511993       -2.429300   31.549323   14.361945    0.024910    7.609946
    0.764706    0.971534    0.051515   -0.239550    0.703433        4.473109       -2.427002   32.005553   14.583747    0.024910    7.609946
    0.774510    0.966980    0.071286   -0.291193    0.775043        4.387015       -2.425856   32.459970   14.803585    0.024910    7.609946
    0.784314    0.960808    0.095062   -0.346701    0.833098        4.282186       -2.425642   32.911885   15.020667    0.024910    7.609946
    0.794118    0.952713    0.123088   -0.404974    0.876787        4.180929       -2.426072   33.360469   15.234027    0.024910    7.609946
    0.803922    0.942381    0.155532   -0.464946    0.906709        4.095080       -2.426878   33.804745   15.442524    0.024910    7.609946
    0.813725    0.929493    0.192483   -0.525662    0.924113        4.027882       -2.427859   34.243592   15.644846    0.024910    7.609946
    0.823529    0.913734    0.233966   -0.586301    0.930381        3.977785       -2.428880   34.675736   15.839536    0.024910    7.609946
    0.833333    0.894802    0.279949   -0.646171    0.926765        3.941475       -2.429869   35.099761   16.025030    0.024910    7.609946
    0.843137    0.872415    0.330351   -0.704697    0.914320        3.915536       -2.430787   35.514112   16.199717    0.024910    7.609946
    0.852941    0.846321    0.385054   -0.761395    0.893905        3.897110       -2.431621   35.917108   16.362008    0.024910    7.609946
    0.862745    0.816303    0.443907   -0.815859    0.866233        3.884019       -2.432371   36.306961   16.510431    0.024910    7.609946
    0.872549    0.782188    0.506728   -0.867742    0.831911        3.874687       -2.433043   36.681787   16.643725    0.024910    7.609946
    0.882353    0.743855    0.573315   -0.916749    0.791475        3.868000       -2.433645   37.039637   16.760939    0.024910    7.609946
    0.892157    0.701241    0.643443   -0.962626    0.745420        3.863180       -2.434188   37.378514   16.861526    0.024910    7.609946
    0.901961    0.654345    0.716869   -1.005152    0.694217        3.859689       -2.434680   37.696411   16.945420    0.024910    7.609946
    0.911765    0.603237    0.793338   -1.044139    0.638325        3.857148       -2.435131   37.991332   17.013080    0.024910    7.609946
    0.921569    0.548059    0.872578   -1.079423    0.578200        3.855296       -2.435547   38.261335   17.065499    0.024910    7.609946
    0.931373    0.489024    0.954308   -1.110864    0.514295        3.853947       -2.435936   38.504558   17.104171    0.024910    7.609946
    0.941176    0.426420    1.038237   -1.138342    0.447070        3.852968       -2.436304   38.719258   17.131010    0.024910    7.609946
    0.950980    0.360605    1.124064   -1.161757    0.376984        3.852267       -2.436657   38.903844   17.148218    0.024910    7.609946
    0.960784    0.292000    1.211485   -1.181027    0.304503        3.851776       -2.437001   39.056905   17.158124    0.024910    7.609946
    0.970588    0.221089    1.300186   -1.196083    0.230094        3.851444       -2.437341   39.177246   17.162999    0.024910    7.609946
    0.980392    0.148400    1.389852   -1.206876    0.154226        3.851237       -2.437681   39.263907   17.164862    0.024910    7.609946
    0.990196    0.074505    1.480163   -1.213367    0.077371        3.851127       -2.438028   39.316189   17.165299    0.024910    7.609946
    1.000000   -0.000000    1.570796   -1.215533    0.000000        3.851094       -2.438385   39.333664   17.165329    0.024910    7.609946
