           t           r         psi          cs          qs               p             sig           A           V          Q2           S
    0.000000    0.000000   -1.570796    1.839796    0.000000       45.095698        1.452833    0.000000    0.000000    0.136575    7.374140
    0.002488    0.018340   -1.604529    1.837213    0.380087       45.119685        0.771754    0.001057   -0.000000    0.136575    7.374140
    0.004975    0.036659   -1.638165    1.829154    0.791489       45.194208        0.099483    0.004227   -0.000003    0.136575    7.374140
    0.007463    0.054937   -1.671600    1.815155    1.234571       45.322078       -0.564450    0.009506   -0.000013    0.136575    7.374140
    0.009950    0.073154   -1.704719    1.794740    1.709559       45.505679       -1.220511    0.016888   -0.000041    0.136575    7.374140
    0.012438    0.091290   -1.737401    1.767429    2.216517       45.747173       -1.869161    0.026366   -0.000100    0.136575    7.374140
    0.014925    0.109327   -1.769516    1.732740    2.755323       46.048540       -2.510850    0.037928   -0.000207    0.136575    7.374140
    0.017413    0.127250   -1.800923    1.690190    3.325644       46.411580       -3.146020    0.051563   -0.000379    0.136575    7.374140
    0.019900    0.145043   -1.831474    1.639303    3.926911       46.837901       -3.775100    0.067256   -0.000640    0.136575    7.374140
    0.022388    0.162694   -1.861011    1.579610    4.558288       47.328892       -4.398505    0.084992   -0.001012    0.136575    7.374140
    0.024876    0.180193   -1.889368    1.510656    5.218641       47.885702       -5.016632    0.104753   -0.001521    0.136575    7.374140
    0.027363    0.197534   -1.916373    1.432007    5.906512       48.509211       -5.629864    0.126522   -0.002193    0.136575    7.374140
    0.029851    0.214711   -1.941843    1.343257    6.620079       49.199995       -6.238563    0.150281   -0.003054    0.136575    7.374140
    0.032338    0.231725   -1.965590    1.244032    7.357121       49.958297       -6.843071    0.176010   -0.004128    0.136575    7.374140
    0.034826    0.248578   -1.987417    1.134005    8.114976       50.783991       -7.443710    0.203690   -0.005442    0.136575    7.374140
    0.037313    0.265276   -2.007125    1.012899    8.890505       51.676545       -8.040778    0.233304   -0.007018    0.136575    7.374140
    0.039801    0.281832   -2.024509    0.880502    9.680039       52.634980       -8.634552    0.264834   -0.008876    0.136575    7.374140
    0.042289    0.298257   -2.039359    0.736675   10.479336       53.657826       -9.225284    0.298265   -0.011036    0.136575    7.374140
    0.044776    0.314571   -2.051465    0.581367   11.283532       54.743068       -9.813203    0.333582   -0.013511    0.136575    7.374140
    0.047264    0.330795   -2.060617    0.414625   12.087088       55.888083      -10.398511    0.370774   -0.016312    0.136575    7.374140
    0.049751    0.346954   -2.066608    0.236608   12.883751       57.089571      -10.981383    0.409832   -0.019445    0.136575    7.374140
    0.052239    0.363074   -2.069231    0.047599   13.666506       58.343458      -11.561968    0.450750   -0.022912    0.136575    7.374140
    0.054726    0.379188   -2.068289   -0.151981   14.427546       59.644789      -12.140383    0.493525   -0.026706    0.136575    7.374140
    0.057214    0.395325   -2.063594   -0.361564   15.158259       60.987586      -12.716711    0.538159   -0.030815    0.136575    7.374140
    0.059701    0.411521   -2.054968   -0.580420   15.849232       62.364685      -13.290999    0.584655   -0.035219    0.136575    7.374140
    0.062189    0.427807   -2.042248   -0.807656   16.490284       63.767526      -13.863249    0.633023   -0.039889    0.136575    7.374140
    0.064677    0.444216   -2.025292   -1.042201   17.070538       65.185906      -14.433412    0.683275   -0.044784    0.136575    7.374140
    0.067164    0.460779   -2.003976   -1.282812   17.578531       66.607680      -15.001378    0.735426   -0.049854    0.136575    7.374140
    0.069652    0.477523   -1.978201   -1.528072   18.002378       68.018407      -15.566959    0.789497   -0.055032    0.136575    7.374140
    0.072139    0.494470   -1.947896   -1.776393   18.329980       69.400934      -16.129872    0.845509   -0.060238    0.136575    7.374140
    0.074627    0.511637   -1.913022   -2.026034   18.549281       70.734928      -16.689715    0.903487   -0.065373    0.136575    7.374140
    0.077114    0.529032   -1.873570   -2.275107   18.648572       71.996332      -17.245933    0.963457   -0.070320    0.136575    7.374140
    0.079602    0.546654   -1.829570   -2.521607   18.616819       73.156783      -17.797777    1.025445   -0.074941    0.136575    7.374140
    0.082090    0.564492   -1.781088   -2.763425   18.444012       74.182984      -18.344247    1.089476   -0.079077    0.136575    7.374140
    0.084577    0.582523   -1.728229   -2.998385   18.121508       75.036077      -18.884029    1.155575   -0.082543    0.136575    7.374140
    0.087065    0.600711   -1.671141   -3.224265   17.642344       75.671071      -19.415403    1.223761   -0.085137    0.136575    7.374140
    0.089552    0.619007   -1.610009   -3.438831   17.001514       76.036402      -19.936136    1.294051   -0.086631    0.136575    7.374140
    0.092040    0.637347   -1.545062   -3.639863   16.196179       76.073774      -20.443348    1.366452   -0.086785    0.136575    7.374140
    0.094527    0.655654   -1.476569   -3.825180   15.225802       75.718459      -20.933347    1.440966   -0.085340    0.136575    7.374140
    0.097015    0.673839   -1.404836   -3.992668   14.092227       74.900347      -21.401434    1.517584   -0.082035    0.136575    7.374140
    0.099502    0.691802   -1.330210   -4.140294   12.799689       73.546095      -21.841675    1.596286   -0.076609    0.136575    7.374140
    0.101990    0.709432   -1.253073   -4.266125   11.354800       71.582844      -22.246649    1.677040   -0.068811    0.136575    7.374140
    0.104478    0.726614   -1.173842   -4.368343    9.766538       68.944025      -22.607173    1.759802   -0.058416    0.136575    7.374140
    0.106965    0.743227   -1.092965   -4.445257    8.046284       65.577772      -22.912043    1.844512   -0.045227    0.136575    7.374140
    0.109453    0.759152   -1.010922   -4.495320    6.207958       61.458281      -23.147816    1.931099   -0.029097    0.136575    7.374140
    0.111940    0.774275   -0.928217   -4.517150    4.268281       56.600035      -23.298702    2.019476   -0.009929    0.136575    7.374140
    0.114428    0.788488   -0.845380   -4.509566    2.247201       51.073979      -23.346639    2.109544    0.012310    0.136575    7.374140
    0.116915    0.801696   -0.762959   -4.471624    0.168437       45.023475      -23.271669    2.201194    0.037589    0.136575    7.374140
    0.119403    0.813817   -0.681518   -4.402690   -1.939907       38.676302      -23.052699    2.294304    0.065809    0.136575    7.374140
    0.121891    0.824790   -0.601628   -4.302510   -4.044851       32.347466      -22.668755    2.388745    0.096808    0.136575    7.374140
    0.124378    0.834571   -0.523860   -4.171305   -6.108375       26.427064      -22.100741    2.484383    0.130368    0.136575    7.374140
    0.126866    0.843138   -0.448779   -4.009869   -8.087879       21.348877      -21.333599    2.581078    0.166225    0.136575    7.374140
    0.129353    0.850492   -0.376925   -3.819659   -9.937519       17.539567      -20.358646    2.678690    0.204086    0.136575    7.374140
    0.131841    0.856652   -0.308809   -3.602853  -11.610552       15.354990      -19.175661    2.777081    0.243636    0.136575    7.374140
    0.134328    0.861658   -0.244891   -3.362376  -13.062576       15.016921      -17.794272    2.876115    0.284562    0.136575    7.374140
    0.136816    0.865568   -0.185575   -3.101853  -14.255255       16.567125      -16.234205    2.975663    0.326558    0.136575    7.374140
    0.139303    0.868454   -0.131190   -2.825502  -15.159892       19.853055      -14.524192    3.075601    0.369341    0.136575    7.374140
    0.141791    0.870397   -0.081983   -2.537973  -15.760130       24.550520      -12.699650    3.175816    0.412660    0.136575    7.374140
    0.144279    0.871489   -0.038117   -2.244137  -16.053235       30.217018      -10.799537    3.276206    0.456299    0.136575    7.374140
    0.146766    0.871828    0.000339   -1.948867  -16.049742       36.360439       -8.862993    3.376677    0.500080    0.136575    7.374140
    0.149254    0.871510    0.033402   -1.656830  -15.771657       42.505429       -6.926344    3.477148    0.543863    0.136575    7.374140
    0.151741    0.870635    0.061170   -1.372317  -15.249673       48.243775       -5.020890    3.577550    0.587542    0.136575    7.374140
    0.154229    0.869299    0.083817   -1.099112  -14.519998       53.262742       -3.171646    3.677823    0.631045    0.136575    7.374140
    0.156716    0.867593    0.101582   -0.840419  -13.621308       57.352452       -1.396973    3.777920    0.674322    0.136575    7.374140
    0.159204    0.865606    0.114755   -0.598833  -12.592205       60.397787        0.291087    3.877803    0.717347    0.136575    7.374140
    0.161692    0.863419    0.123668   -0.376348  -11.469330       62.361567        1.886033    3.977446    0.760111    0.136575    7.374140
    0.164179    0.861105    0.128687   -0.174387  -10.286142       63.264800        3.385917    4.076828    0.802616    0.136575    7.374140
    0.166667    0.858732    0.130197    0.006146   -9.072274       63.167935        4.792313    4.175939    0.844872    0.136575    7.374140
    0.169154    0.856360    0.128596    0.164814   -7.853327       62.155180        6.109379    4.274777    0.886895    0.136575    7.374140
    0.171642    0.854043    0.124285    0.301582   -6.650955       60.322533        7.343039    4.373343    0.928704    0.136575    7.374140
    0.174129    0.851826    0.117664    0.416771   -5.483122       57.769348        8.500343    4.471648    0.970320    0.136575    7.374140
    0.176617    0.849748    0.109123    0.510995   -4.364448       54.592833        9.588963    4.569706    1.011764    0.136575    7.374140
    0.179104    0.847840    0.099040    0.585119   -3.306576       50.884798       10.616828    4.667533    1.053056    0.136575    7.374140
    0.181592    0.846128    0.087773    0.640217   -2.318524       46.730003       11.591870    4.765151    1.094215    0.136575    7.374140
    0.184080    0.844630    0.075661    0.677525   -1.407016       42.205589       12.521848    4.862584    1.135260    0.136575    7.374140
    0.186567    0.843358    0.063017    0.698411   -0.576765       37.381177       13.414244    4.959858    1.176209    0.136575    7.374140
    0.189055    0.842321    0.050129    0.704341    0.169266       32.319382       14.276193    5.056998    1.217079    0.136575    7.374140
    0.191542    0.841520    0.037258    0.696844    0.829643       27.076518       15.114458    5.154033    1.257887    0.136575    7.374140
    0.194030    0.840953    0.024636    0.677490    1.404259       21.703392       15.935416    5.250989    1.298647    0.136575    7.374140
    0.196517    0.840613    0.012466    0.647858    1.894153       16.246089       16.745060    5.347892    1.339377    0.136575    7.374140
    0.199005    0.840492    0.000921    0.609517    2.301352       10.746712       17.549005    5.444769    1.380090    0.136575    7.374140
    0.201493    0.840575   -0.009852    0.564005    2.628722        5.244035       18.352504    5.541644    1.420802    0.136575    7.374140
    0.203980    0.840847   -0.019736    0.512808    2.879836       -0.225937       19.160448    5.638540    1.461527    0.136575    7.374140
    0.206468    0.841293   -0.028639    0.457348    3.058857       -5.629519       19.977381    5.735477    1.502279    0.136575    7.374140
    0.208955    0.841892   -0.036497    0.398965    3.170428      -10.935007       20.807499    5.832474    1.543073    0.136575    7.374140
    0.211443    0.842625   -0.043266    0.338913    3.219583      -16.112456       21.654649    5.929549    1.583921    0.136575    7.374140
    0.213930    0.843472   -0.048927    0.278344    3.211659      -21.133578       22.522321    6.026715    1.624834    0.136575    7.374140
    0.216418    0.844412   -0.053481    0.218306    3.152223      -25.971739       23.413642    6.123984    1.665825    0.136575    7.374140
    0.218905    0.845426   -0.056945    0.159738    3.047005      -30.602078       24.331359    6.221365    1.706901    0.136575    7.374140
    0.221393    0.846494   -0.059355    0.103465    2.901834      -35.001704       25.277828    6.318867    1.748073    0.136575    7.374140
    0.223881    0.847596   -0.060760    0.050198    2.722583      -39.149986       26.254992    6.416494    1.789345    0.136575    7.374140
    0.226368    0.848716   -0.061219    0.000534    2.515107      -43.028899       27.264371    6.514250    1.830724    0.136575    7.374140
    0.228856    0.849835   -0.060804   -0.045044    2.285188      -46.623398       28.307045    6.612134    1.872212    0.136575    7.374140
    0.231343    0.850940   -0.059594   -0.086160    2.038474      -49.921814       29.383649    6.710147    1.913811    0.136575    7.374140
    0.233831    0.852016   -0.057672   -0.122549    1.780423      -52.916211       30.494364    6.808286    1.955520    0.136575    7.374140
    0.236318    0.853051   -0.055128   -0.154044    1.516243      -55.602703       31.638925    6.906546    1.997339    0.136575    7.374140
    0.238806    0.854034   -0.052051   -0.180576    1.250830      -57.981674       32.816633    7.004923    2.039263    0.136575    7.374140
    0.241294    0.854957   -0.048533   -0.202164    0.988714      -60.057896       34.026369    7.103410    2.081288    0.136575    7.374140
    0.243781    0.855812   -0.044664   -0.218907    0.734006      -61.840516       35.266629    7.201999    2.123409    0.136575    7.374140
    0.246269    0.856594   -0.040531   -0.230976    0.490356      -63.342898       36.535557    7.300683    2.165617    0.136575    7.374140
    0.248756    0.857298   -0.036217   -0.238608    0.260912      -64.582331       37.830992    7.399452    2.207906    0.136575    7.374140
    0.251244    0.857921   -0.031802   -0.242089    0.048296      -65.579603       39.150520    7.498298    2.250268    0.136575    7.374140
    0.253731    0.858464   -0.027359   -0.241751   -0.145408      -66.358458       40.491527    7.597211    2.292693    0.136575    7.374140
    0.256219    0.858925   -0.022954   -0.237959   -0.318656      -66.944967       41.851258    7.696182    2.335172    0.136575    7.374140
    0.258706    0.859307   -0.018647   -0.231100   -0.470435      -67.366844       43.226880    7.795201    2.377698    0.136575    7.374140
    0.261194    0.859610   -0.014492   -0.221578   -0.600234      -67.652730       44.615535    7.894260    2.420261    0.136575    7.374140
    0.263682    0.859839   -0.010532   -0.209798   -0.708013      -67.831502       46.014400    7.993350    2.462853    0.136575    7.374140
    0.266169    0.859998   -0.006806   -0.196164   -0.794157      -67.931599       47.420731    8.092461    2.505465    0.136575    7.374140
    0.268657    0.860091   -0.003344   -0.181072   -0.859425      -67.980436       48.831912    8.191588    2.548092    0.136575    7.374140
    0.271144    0.860122   -0.000170   -0.164897   -0.904896      -68.003884       50.245492    8.290721    2.590724    0.136575    7.374140
    0.273632    0.860099    0.002701   -0.147995   -0.931906      -68.025860       51.659212    8.389855    2.633358    0.136575    7.374140
    0.276119    0.860025    0.005257   -0.130696   -0.941992      -68.068003       53.071026    8.488983    2.675986    0.136575    7.374140
    0.278607    0.859908    0.007495   -0.113300   -0.936835      -68.149469       54.479122    8.588100    2.718604    0.136575    7.374140
    0.281095    0.859752    0.009415   -0.096075   -0.918205      -68.286806       55.881922    8.687201    2.761207    0.136575    7.374140
    0.283582    0.859564    0.011022   -0.079258   -0.887911      -68.493922       57.278092    8.786283    2.803793    0.136575    7.374140
    0.286070    0.859350    0.012326   -0.063052   -0.847759      -68.782125       58.666529    8.885341    2.846359    0.136575    7.374140
    0.288557    0.859114    0.013340   -0.047628   -0.799513      -69.160226       60.046362    8.984373    2.888901    0.136575    7.374140
    0.291045    0.858862    0.014079   -0.033125   -0.744865      -69.634684       61.416932    9.083377    2.931419    0.136575    7.374140
    0.293532    0.858599    0.014562   -0.019652   -0.685408      -70.209786       62.777784    9.182352    2.973911    0.136575    7.374140
    0.296020    0.858329    0.014807   -0.007290   -0.622619      -70.887856       64.128646    9.281295    3.016376    0.136575    7.374140
    0.298507    0.858057    0.014836    0.003909   -0.557849      -71.669463       65.469415    9.380207    3.058814    0.136575    7.374140
    0.300995    0.857786    0.014671    0.013912   -0.492306      -72.553648       66.800135    9.479088    3.101225    0.136575    7.374140
    0.303483    0.857520    0.014333    0.022710   -0.427061      -73.538132       68.120981    9.577938    3.143610    0.136575    7.374140
    0.305970    0.857261    0.013845    0.030314   -0.363041      -74.619530       69.432241    9.676758    3.185970    0.136575    7.374140
    0.308458    0.857013    0.013228    0.036749   -0.301037      -75.793540       70.734297    9.775548    3.228304    0.136575    7.374140
    0.310945    0.856777    0.012504    0.042055   -0.241705      -77.055127       72.027611    9.874311    3.270615    0.136575    7.374140
    0.313433    0.856555    0.011692    0.046283   -0.185578      -78.398687       73.312706    9.973047    3.312904    0.136575    7.374140
    0.315920    0.856348    0.010812    0.049493   -0.133072      -79.818195       74.590157   10.071758    3.355172    0.136575    7.374140
    0.318408    0.856158    0.009882    0.051752   -0.084493      -81.307335       75.860572   10.170447    3.397421    0.136575    7.374140
    0.320896    0.855986    0.008919    0.053134   -0.040055      -82.859621       77.124585   10.269115    3.439652    0.136575    7.374140
    0.323383    0.855831    0.007938    0.053715    0.000120      -84.468492       78.382843   10.367763    3.481868    0.136575    7.374140
    0.325871    0.855695    0.006953    0.053572    0.035981      -86.127403       79.635998   10.466395    3.524069    0.136575    7.374140
    0.328358    0.855576    0.005976    0.052785    0.067549      -87.829899       80.884695   10.565013    3.566259    0.136575    7.374140
    0.330846    0.855475    0.005020    0.051433    0.094899      -89.569679       82.129572   10.663617    3.608437    0.136575    7.374140
    0.333333    0.855392    0.004092    0.049592    0.118153      -91.340648       83.371247   10.762211    3.650607    0.136575    7.374140
    0.335821    0.855325    0.003203    0.047336    0.137477      -93.136962       84.610316   10.860797    3.692770    0.136575    7.374140
    0.338308    0.855274    0.002358    0.044738    0.153066      -94.953064       85.847348   10.959375    3.734927    0.136575    7.374140
    0.340796    0.855238    0.001563    0.041865    0.165142      -96.783710       87.082881   11.057949    3.777079    0.136575    7.374140
    0.343284    0.855216    0.000823    0.038781    0.173945      -98.623994       88.317420   11.156519    3.819229    0.136575    7.374140
    0.345771    0.855207    0.000141    0.035545    0.179728     -100.469364       89.551434   11.255088    3.861378    0.136575    7.374140
    0.348259    0.855211   -0.000480    0.032212    0.182753     -102.315632       90.785356   11.353656    3.903526    0.136575    7.374140
    0.350746    0.855225   -0.001040    0.028832    0.183288     -104.158982       92.019579   11.452225    3.945675    0.136575    7.374140
    0.353234    0.855248   -0.001538    0.025449    0.181596     -105.995973       93.254457   11.550797    3.987826    0.136575    7.374140
    0.355721    0.855281   -0.001974    0.022103    0.177942     -107.823535       94.490308   11.649372    4.029979    0.136575    7.374140
    0.358209    0.855321   -0.002349    0.018831    0.172582     -109.638972       95.727409   11.747950    4.072136    0.136575    7.374140
    0.360697    0.855367   -0.002666    0.015661    0.165764     -111.439946       96.965999   11.846534    4.114298    0.136575    7.374140
    0.363184    0.855418   -0.002925    0.012622    0.157726     -113.224476       98.206281   11.945124    4.156464    0.136575    7.374140
    0.365672    0.855474   -0.003130    0.009733    0.148693     -114.990919       99.448422   12.043719    4.198635    0.136575    7.374140
    0.368159    0.855532   -0.003283    0.007014    0.138877     -116.737960      100.692556   12.142322    4.240812    0.136575    7.374140
    0.370647    0.855594   -0.003388    0.004477    0.128476     -118.464596      101.938783   12.240931    4.282995    0.136575    7.374140
    0.373134    0.855656   -0.003448    0.002133    0.117673     -120.170118      103.187174   12.339547    4.325184    0.136575    7.374140
    0.375622    0.855720   -0.003467   -0.000012    0.106635     -121.854089      104.437770   12.438171    4.367380    0.136575    7.374140
    0.378109    0.855783   -0.003449   -0.001953    0.095514     -123.516331      105.690588   12.536801    4.409581    0.136575    7.374140
    0.380597    0.855846   -0.003397   -0.003689    0.084447     -125.156898      106.945620   12.635440    4.451789    0.136575    7.374140
    0.383085    0.855908   -0.003315   -0.005221    0.073553     -126.776061      108.202834   12.734085    4.494003    0.136575    7.374140
    0.385572    0.855968   -0.003207   -0.006554    0.062938     -128.374280      109.462183   12.832737    4.536223    0.136575    7.374140
    0.388060    0.856025   -0.003076   -0.007692    0.052693     -129.952187      110.723599   12.931397    4.578449    0.136575    7.374140
    0.390547    0.856081   -0.002926   -0.008642    0.042895     -131.510563      111.987000   13.030062    4.620680    0.136575    7.374140
    0.393035    0.856133   -0.002760   -0.009414    0.033606     -133.050316      113.252293   13.128734    4.662917    0.136575    7.374140
    0.395522    0.856182   -0.002581   -0.010016    0.024878     -134.572463      114.519373   13.227412    4.705158    0.136575    7.374140
    0.398010    0.856227   -0.002393   -0.010458    0.016748     -136.078106      115.788125   13.326095    4.747405    0.136575    7.374140
    0.400498    0.856269   -0.002199   -0.010753    0.009244     -137.568417      117.058430   13.424783    4.789655    0.136575    7.374140
    0.402985    0.856308   -0.002000   -0.010910    0.002385     -139.044617      118.330164   13.523476    4.831910    0.136575    7.374140
    0.405473    0.856343   -0.001799   -0.010943   -0.003823     -140.507962      119.603198   13.622173    4.874168    0.136575    7.374140
    0.407960    0.856374   -0.001599   -0.010863   -0.009378     -141.959722      120.877402   13.720874    4.916430    0.136575    7.374140
    0.410448    0.856401   -0.001401   -0.010682   -0.014288     -143.401173      122.152649   13.819578    4.958694    0.136575    7.374140
    0.412935    0.856425   -0.001208   -0.010412   -0.018566     -144.833576      123.428808   13.918285    5.000961    0.136575    7.374140
    0.415423    0.856446   -0.001020   -0.010065   -0.022233     -146.258174      124.705755   14.016995    5.043231    0.136575    7.374140
    0.417910    0.856463   -0.000839   -0.009651   -0.025311     -147.676175      125.983368   14.115707    5.085502    0.136575    7.374140
    0.420398    0.856477   -0.000666   -0.009181   -0.027830     -149.088743      127.261529   14.214420    5.127774    0.136575    7.374140
    0.422886    0.856487   -0.000502   -0.008666   -0.029819     -150.496994      128.540125   14.313136    5.170048    0.136575    7.374140
    0.425373    0.856495   -0.000348   -0.008115   -0.031313     -151.901987      129.819050   14.411852    5.212323    0.136575    7.374140
    0.427861    0.856500   -0.000205   -0.007538   -0.032346     -153.304717      131.098202   14.510569    5.254598    0.136575    7.374140
    0.430348    0.856503   -0.000072   -0.006942   -0.032956     -154.706115      132.377489   14.609286    5.296874    0.136575    7.374140
    0.432836    0.856503    0.000050   -0.006335   -0.033179     -156.107043      133.656823   14.708003    5.339150    0.136575    7.374140
    0.435323    0.856501    0.000161   -0.005724   -0.033054     -157.508288      134.936126   14.806721    5.381426    0.136575    7.374140
    0.437811    0.856497    0.000260   -0.005116   -0.032615     -158.910568      136.215324   14.905438    5.423702    0.136575    7.374140
    0.440299    0.856491    0.000348   -0.004516   -0.031901     -160.314527      137.494352   15.004154    5.465977    0.136575    7.374140
    0.442786    0.856484    0.000426   -0.003930   -0.030947     -161.720738      138.773154   15.102870    5.508251    0.136575    7.374140
    0.445274    0.856476    0.000493   -0.003361   -0.029786     -163.129701      140.051678   15.201585    5.550525    0.136575    7.374140
    0.447761    0.856466    0.000549   -0.002814   -0.028451     -164.541849      141.329882   15.300299    5.592797    0.136575    7.374140
    0.450249    0.856456    0.000596   -0.002291   -0.026974     -165.957546      142.607727   15.399012    5.635069    0.136575    7.374140
    0.452736    0.856445    0.000633   -0.001795   -0.025382     -167.377095      143.885184   15.497723    5.677340    0.136575    7.374140
    0.455224    0.856433    0.000662   -0.001329   -0.023704     -168.800735      145.162228   15.596433    5.719609    0.136575    7.374140
    0.457711    0.856420    0.000682   -0.000893   -0.021963     -170.228650      146.438840   15.695142    5.761878    0.136575    7.374140
    0.460199    0.856408    0.000695   -0.000489   -0.020185     -171.660969      147.715009   15.793849    5.804145    0.136575    7.374140
    0.462687    0.856395    0.000701   -0.000118   -0.018388     -173.097772      148.990724   15.892555    5.846411    0.136575    7.374140
    0.465174    0.856382    0.000700    0.000221   -0.016592     -174.539092      150.265984   15.991259    5.888675    0.136575    7.374140
    0.467662    0.856369    0.000693    0.000526   -0.014815     -175.984920      151.540788   16.089962    5.930939    0.136575    7.374140
    0.470149    0.856357    0.000680    0.000799   -0.013070     -177.435211      152.815141   16.188663    5.973201    0.136575    7.374140
    0.472637    0.856344    0.000664    0.001040   -0.011372     -178.889884      154.089052   16.287363    6.015462    0.136575    7.374140
    0.475124    0.856332    0.000642    0.001250   -0.009730     -180.348827      155.362531   16.386061    6.057721    0.136575    7.374140
    0.477612    0.856321    0.000618    0.001429   -0.008155     -181.811903      156.635592   16.484759    6.099980    0.136575    7.374140
    0.480100    0.856310    0.000590    0.001580   -0.006655     -183.278953      157.908251   16.583454    6.142237    0.136575    7.374140
    0.482587    0.856299    0.000560    0.001704   -0.005234     -184.749796      159.180527   16.682149    6.184493    0.136575    7.374140
    0.485075    0.856289    0.000528    0.001801   -0.003900     -186.224238      160.452439   16.780842    6.226749    0.136575    7.374140
    0.487562    0.856280    0.000494    0.001874   -0.002654     -187.702071      161.724008   16.879535    6.269003    0.136575    7.374140
    0.490050    0.856271    0.000459    0.001923   -0.001500     -189.183076      162.995255   16.978226    6.311256    0.136575    7.374140
    0.492537    0.856263    0.000424    0.001952   -0.000438     -190.667030      164.266205   17.076916    6.353509    0.136575    7.374140
    0.495025    0.856255    0.000388    0.001961    0.000532     -192.153702      165.536879   17.175606    6.395761    0.136575    7.374140
    0.497512    0.856249    0.000352    0.001953    0.001410     -193.642862      166.807301   17.274294    6.438012    0.136575    7.374140
    0.500000    0.856243    0.000316    0.001928    0.002197     -195.134279      168.077495   17.372982    6.480263    0.136575    7.374140
    0.502488    0.856237    0.000281    0.001888    0.002896     -196.627724      169.347484   17.471669    6.522512    0.136575    7.374140
    0.504975    0.856232    0.000247    0.001836    0.003509     -198.122973      170.617290   17.570356    6.564762    0.136575    7.374140
    0.507463    0.856228    0.000214    0.001773    0.004041     -199.619805      171.886935   17.669042    6.607011    0.136575    7.374140
    0.509950    0.856224    0.000182    0.001699    0.004494     -201.118008      173.156442   17.767727    6.649259    0.136575    7.374140
    0.512438    0.856221    0.000152    0.001617    0.004872     -202.617379      174.425830   17.866413    6.691508    0.136575    7.374140
    0.514925    0.856219    0.000123    0.001528    0.005181     -204.117722      175.695120   17.965097    6.733756    0.136575    7.374140
    0.517413    0.856217    0.000096    0.001434    0.005424     -205.618852      176.964330   18.063782    6.776003    0.136575    7.374140
    0.519900    0.856215    0.000070    0.001335    0.005607     -207.120595      178.233478   18.162466    6.818251    0.136575    7.374140
    0.522388    0.856214    0.000047    0.001232    0.005734     -208.622789      179.502580   18.261151    6.860498    0.136575    7.374140
    0.524876    0.856214    0.000025    0.001127    0.005809     -210.125283      180.771653   18.359835    6.902746    0.136575    7.374140
    0.527363    0.856213    0.000005    0.001020    0.005839     -211.627938      182.040708   18.458519    6.944993    0.136575    7.374140
    0.529851    0.856213   -0.000012    0.000913    0.005827     -213.130627      183.309760   18.557203    6.987240    0.136575    7.374140
    0.532338    0.856214   -0.000028    0.000806    0.005779     -214.633238      184.578820   18.655887    7.029488    0.136575    7.374140
    0.534826    0.856214   -0.000042    0.000700    0.005700     -216.135670      185.847899   18.754571    7.071735    0.136575    7.374140
    0.537313    0.856215   -0.000054    0.000595    0.005593     -217.637833      187.117004   18.853256    7.113983    0.136575    7.374140
    0.539801    0.856216   -0.000064    0.000492    0.005463     -219.139652      188.386145   18.951940    7.156230    0.136575    7.374140
    0.542289    0.856218   -0.000072    0.000392    0.005314     -220.641064      189.655326   19.050625    7.198478    0.136575    7.374140
    0.544776    0.856219   -0.000078    0.000294    0.005151     -222.142015      190.924555   19.149309    7.240726    0.136575    7.374140
    0.547264    0.856220   -0.000083    0.000199    0.004978     -223.642466      192.193834   19.247994    7.282974    0.136575    7.374140
    0.549751    0.856222   -0.000086    0.000107    0.004797     -225.142387      193.463166   19.346679    7.325222    0.136575    7.374140
    0.552239    0.856224   -0.000087    0.000019    0.004614     -226.641761      194.732554   19.445364    7.367470    0.136575    7.374140
    0.554726    0.856225   -0.000086   -0.000066    0.004430     -228.140581      196.001998   19.544050    7.409718    0.136575    7.374140
    0.557214    0.856227   -0.000084   -0.000148    0.004249     -229.638848      197.271498   19.642735    7.451967    0.136575    7.374140
    0.559701    0.856228   -0.000081   -0.000227    0.004075     -231.136576      198.541053   19.741421    7.494216    0.136575    7.374140
    0.562189    0.856230   -0.000076   -0.000302    0.003909     -232.633786      199.810660   19.840107    7.536465    0.136575    7.374140
    0.564677    0.856231   -0.000070   -0.000374    0.003754     -234.130511      201.080317   19.938793    7.578714    0.136575    7.374140
    0.567164    0.856232   -0.000062   -0.000443    0.003613     -235.626788      202.350019   20.037479    7.620963    0.136575    7.374140
    0.569652    0.856233   -0.000054   -0.000510    0.003489     -237.122667      203.619761   20.136165    7.663212    0.136575    7.374140
    0.572139    0.856234   -0.000044   -0.000574    0.003382     -238.618203      204.889537   20.234852    7.705461    0.136575    7.374140
    0.574627    0.856235   -0.000033   -0.000636    0.003296     -240.113460      206.159342   20.333538    7.747711    0.136575    7.374140
    0.577114    0.856235   -0.000020   -0.000696    0.003231     -241.608509      207.429168   20.432225    7.789960    0.136575    7.374140
    0.579602    0.856236   -0.000007   -0.000756    0.003190     -243.103428      208.699008   20.530912    7.832210    0.136575    7.374140
    0.582090    0.856236    0.000007   -0.000814    0.003175     -244.598303      209.968851   20.629598    7.874459    0.136575    7.374140
    0.584577    0.856235    0.000023   -0.000872    0.003186     -246.093226      211.238690   20.728285    7.916709    0.136575    7.374140
    0.587065    0.856235    0.000039   -0.000930    0.003226     -247.588297      212.508514   20.826972    7.958958    0.136575    7.374140
    0.589552    0.856234    0.000057   -0.000989    0.003296     -249.083620      213.778312   20.925658    8.001208    0.136575    7.374140
    0.592040    0.856233    0.000076   -0.001048    0.003398     -250.579310      215.048074   21.024345    8.043457    0.136575    7.374140
    0.594527    0.856231    0.000095   -0.001110    0.003532     -252.075485      216.317786   21.123031    8.085706    0.136575    7.374140
    0.597015    0.856229    0.000116   -0.001173    0.003701     -253.572272      217.587436   21.221717    8.127955    0.136575    7.374140
    0.599502    0.856227    0.000139   -0.001240    0.003906     -255.069806      218.857010   21.320403    8.170204    0.136575    7.374140
    0.601990    0.856224    0.000162   -0.001310    0.004148     -256.568228      220.126495   21.419088    8.212452    0.136575    7.374140
    0.604478    0.856221    0.000187   -0.001384    0.004430     -258.067688      221.395874   21.517773    8.254701    0.136575    7.374140
    0.606965    0.856217    0.000213   -0.001463    0.004753     -259.568345      222.665132   21.616458    8.296948    0.136575    7.374140
    0.609453    0.856213    0.000240   -0.001548    0.005118     -261.070364      223.934252   21.715142    8.339196    0.136575    7.374140
    0.611940    0.856208    0.000270   -0.001639    0.005528     -262.573924      225.203216   21.813826    8.381443    0.136575    7.374140
    0.614428    0.856203    0.000300   -0.001738    0.005985     -264.079210      226.472005   21.912509    8.423690    0.136575    7.374140
    0.616915    0.856197    0.000333   -0.001844    0.006490     -265.586421      227.740599   22.011192    8.465936    0.136575    7.374140
    0.619403    0.856191    0.000368   -0.001959    0.007048     -267.095766      229.008977   22.109874    8.508181    0.136575    7.374140
    0.621891    0.856184    0.000405   -0.002085    0.007660     -268.607468      230.277116   22.208555    8.550426    0.136575    7.374140
    0.624378    0.856176    0.000445   -0.002221    0.008328     -270.121763      231.544992   22.307235    8.592670    0.136575    7.374140
    0.626866    0.856168    0.000487   -0.002368    0.009057     -271.638904      232.812579   22.405915    8.634913    0.136575    7.374140
    0.629353    0.856158    0.000532   -0.002529    0.009850     -273.159158      234.079851   22.504593    8.677155    0.136575    7.374140
    0.631841    0.856148    0.000580   -0.002703    0.010710     -274.682811      235.346778   22.603270    8.719397    0.136575    7.374140
    0.634328    0.856137    0.000631   -0.002893    0.011642     -276.210167      236.613330   22.701946    8.761637    0.136575    7.374140
    0.636816    0.856125    0.000686   -0.003099    0.012649     -277.741554      237.879473   22.800621    8.803876    0.136575    7.374140
    0.639303    0.856112    0.000745   -0.003324    0.013737     -279.277319      239.145171   22.899294    8.846114    0.136575    7.374140
    0.641791    0.856097    0.000808   -0.003567    0.014911     -280.817835      240.410387   22.997965    8.888351    0.136575    7.374140
    0.644279    0.856082    0.000876   -0.003831    0.016176     -282.363503      241.675080   23.096635    8.930586    0.136575    7.374140
    0.646766    0.856065    0.000949   -0.004117    0.017538     -283.914752      242.939206   23.195303    8.972819    0.136575    7.374140
    0.649254    0.856047    0.001027   -0.004427    0.019004     -285.472040      244.202719   23.293969    9.015051    0.136575    7.374140
    0.651741    0.856028    0.001111   -0.004764    0.020580     -287.035863      245.465567   23.392633    9.057281    0.136575    7.374140
    0.654229    0.856006    0.001202   -0.005128    0.022275     -288.606750      246.727698   23.491295    9.099509    0.136575    7.374140
    0.656716    0.855983    0.001300   -0.005522    0.024096     -290.185270      247.989052   23.589954    9.141735    0.136575    7.374140
    0.659204    0.855959    0.001405   -0.005948    0.026052     -291.772037      249.249567   23.688610    9.183958    0.136575    7.374140
    0.661692    0.855932    0.001518   -0.006408    0.028152     -293.367707      250.509176   23.787263    9.226179    0.136575    7.374140
    0.664179    0.855903    0.001640   -0.006906    0.030406     -294.972988      251.767806   23.885913    9.268397    0.136575    7.374140
    0.666667    0.855872    0.001772   -0.007443    0.032825     -296.588640      253.025380   23.984560    9.310612    0.136575    7.374140
    0.669154    0.855838    0.001913   -0.008023    0.035421     -298.215479      254.281812   24.083202    9.352824    0.136575    7.374140
    0.671642    0.855801    0.002066   -0.008648    0.038205     -299.854384      255.537014   24.181841    9.395033    0.136575    7.374140
    0.674129    0.855762    0.002231   -0.009323    0.041191     -301.506299      256.790888   24.280476    9.437237    0.136575    7.374140
    0.676617    0.855719    0.002409   -0.010050    0.044392     -303.172238      258.043329   24.379105    9.479438    0.136575    7.374140
    0.679104    0.855674    0.002600   -0.010833    0.047823     -304.853289      259.294224   24.477730    9.521634    0.136575    7.374140
    0.681592    0.855624    0.002806   -0.011677    0.051500     -306.550622      260.543454   24.576349    9.563826    0.136575    7.374140
    0.684080    0.855570    0.003029   -0.012585    0.055440     -308.265493      261.790887   24.674962    9.606012    0.136575    7.374140
    0.686567    0.855513    0.003268   -0.013562    0.059661     -309.999248      263.036385   24.773569    9.648193    0.136575    7.374140
    0.689055    0.855450    0.003527   -0.014613    0.064180     -311.753333      264.279795   24.872168    9.690368    0.136575    7.374140
    0.691542    0.855383    0.003805   -0.015744    0.069018     -313.529296      265.520957   24.970761    9.732536    0.136575    7.374140
    0.694030    0.855311    0.004105   -0.016959    0.074196     -315.328796      266.759698   25.069345    9.774698    0.136575    7.374140
    0.696517    0.855232    0.004428   -0.018265    0.079737     -317.153610      267.995831   25.167921    9.816852    0.136575    7.374140
    0.699005    0.855148    0.004776   -0.019668    0.085662     -319.005639      269.229156   25.266487    9.858998    0.136575    7.374140
    0.701493    0.855057    0.005150   -0.021175    0.091998     -320.886916      270.459458   25.365043    9.901135    0.136575    7.374140
    0.703980    0.854959    0.005553   -0.022792    0.098769     -322.799611      271.686508   25.463588    9.943263    0.136575    7.374140
    0.706468    0.854853    0.005987   -0.024527    0.106002     -324.746044      272.910059   25.562122    9.985381    0.136575    7.374140
    0.708955    0.854739    0.006454   -0.026389    0.113726     -326.728686      274.129848   25.660643   10.027488    0.136575    7.374140
    0.711443    0.854616    0.006956   -0.028386    0.121969     -328.750173      275.345591   25.759150   10.069583    0.136575    7.374140
    0.713930    0.854484    0.007496   -0.030526    0.130763     -330.813309      276.556987   25.857642   10.111665    0.136575    7.374140
    0.716418    0.854341    0.008077   -0.032820    0.140138     -332.921076      277.763713   25.956119   10.153734    0.136575    7.374140
    0.718905    0.854187    0.008701   -0.035276    0.150128     -335.076641      278.965424   26.054579   10.195788    0.136575    7.374140
    0.721393    0.854021    0.009372   -0.037907    0.160766     -337.283363      280.161751   26.153020   10.237826    0.136575    7.374140
    0.723881    0.853843    0.010093   -0.040722    0.172087     -339.544799      281.352304   26.251441   10.279846    0.136575    7.374140
    0.726368    0.853651    0.010867   -0.043734    0.184125     -341.864713      282.536662   26.349841   10.321848    0.136575    7.374140
    0.728856    0.853444    0.011699   -0.046955    0.196917     -344.247078      283.714381   26.448218   10.363830    0.136575    7.374140
    0.731343    0.853221    0.012591   -0.050397    0.210499     -346.696082      284.884989   26.546570   10.405791    0.136575    7.374140
    0.733831    0.852982    0.013549   -0.054075    0.224907     -349.216133      286.047981   26.644896   10.447728    0.136575    7.374140
    0.736318    0.852724    0.014577   -0.058001    0.240178     -351.811858      287.202825   26.743193   10.489641    0.136575    7.374140
    0.738806    0.852446    0.015679   -0.062192    0.256347     -354.488107      288.348956   26.841459   10.531526    0.136575    7.374140
    0.741294    0.852148    0.016860   -0.066662    0.273451     -357.249946      289.485775   26.939692   10.573383    0.136575    7.374140
    0.743781    0.851827    0.018126   -0.071426    0.291522     -360.102661      290.612650   27.037889   10.615208    0.136575    7.374140
    0.746269    0.851483    0.019482   -0.076502    0.310594     -363.051745      291.728914   27.136048   10.656999    0.136575    7.374140
    0.748756    0.851112    0.020935   -0.081906    0.330697     -366.102892      292.833864   27.234166   10.698754    0.136575    7.374140
    0.751244    0.850714    0.022489   -0.087654    0.351860     -369.261985      293.926761   27.332240   10.740471    0.136575    7.374140
    0.753731    0.850286    0.024153   -0.093766    0.374106     -372.535076      295.006828   27.430265   10.782145    0.136575    7.374140
    0.756219    0.849827    0.025932   -0.100258    0.397458     -375.928372      296.073252   27.528240   10.823774    0.136575    7.374140
    0.758706    0.849334    0.027833   -0.107149    0.421930     -379.448202      297.125182   27.626160   10.865355    0.136575    7.374140
    0.761194    0.848806    0.029865   -0.114457    0.447536     -383.100996      298.161731   27.724021   10.906883    0.136575    7.374140
    0.763682    0.848238    0.032035   -0.122202    0.474278     -386.893241      299.181975   27.821819   10.948355    0.136575    7.374140
    0.766169    0.847630    0.034351   -0.130400    0.502157     -390.831445      300.184954   27.919550   10.989767    0.136575    7.374140
    0.768657    0.846977    0.036822   -0.139072    0.531161     -394.922091      301.169676   28.017207   11.031114    0.136575    7.374140
    0.771144    0.846278    0.039456   -0.148234    0.561273     -399.171579      302.135115   28.114787   11.072391    0.136575    7.374140
    0.773632    0.845529    0.042263   -0.157903    0.592466     -403.586170      303.080215   28.212283   11.113593    0.136575    7.374140
    0.776119    0.844727    0.045253   -0.168098    0.624700     -408.171917      304.003895   28.309690   11.154715    0.136575    7.374140
    0.778607    0.843868    0.048434   -0.178834    0.657928     -412.934595      304.905050   28.407002   11.195750    0.136575    7.374140
    0.781095    0.842949    0.051817   -0.190126    0.692087     -417.879619      305.782554   28.504211   11.236692    0.136575    7.374140
    0.783582    0.841967    0.055412   -0.201987    0.727104     -423.011962      306.635269   28.601310   11.277534    0.136575    7.374140
    0.786070    0.840916    0.059231   -0.214431    0.762892     -428.336061      307.462044   28.698292   11.318270    0.136575    7.374140
    0.788557    0.839794    0.063283   -0.227467    0.799351     -433.855727      308.261728   28.795149   11.358891    0.136575    7.374140
    0.791045    0.838595    0.067580   -0.241104    0.836367     -439.574046      309.033171   28.891872   11.399389    0.136575    7.374140
    0.793532    0.837315    0.072132   -0.255350    0.873810     -445.493278      309.775235   28.988453   11.439756    0.136575    7.374140
    0.796020    0.835949    0.076952   -0.270208    0.911540     -451.614760      310.486797   29.084881   11.479982    0.136575    7.374140
    0.798507    0.834492    0.082049   -0.285680    0.949401     -457.938807      311.166765   29.181146   11.520057    0.136575    7.374140
    0.800995    0.832940    0.087436   -0.301764    0.987225     -464.464616      311.814079   29.277238   11.559970    0.136575    7.374140
    0.803483    0.831287    0.093124   -0.318457    1.024833     -471.190182      312.427724   29.373146   11.599711    0.136575    7.374140
    0.805970    0.829527    0.099123   -0.335751    1.062034     -478.112216      313.006739   29.468857   11.639268    0.136575    7.374140
    0.808458    0.827654    0.105445   -0.353635    1.098630     -485.226075      313.550228   29.564358   11.678627    0.136575    7.374140
    0.810945    0.825664    0.112100   -0.372096    1.134416     -492.525710      314.057366   29.659637   11.717777    0.136575    7.374140
    0.813433    0.823548    0.119100   -0.391115    1.169180     -500.003628      314.527411   29.754680   11.756702    0.136575    7.374140
    0.815920    0.821302    0.126453   -0.410671    1.202709     -507.650867      314.959712   29.849471   11.795389    0.136575    7.374140
    0.818408    0.818919    0.134169   -0.430739    1.234792     -515.457000      315.353720   29.943995   11.833821    0.136575    7.374140
    0.820896    0.816393    0.142258   -0.451291    1.265219     -523.410157      315.708992   30.038237   11.871983    0.136575    7.374140
    0.823383    0.813716    0.150729   -0.472295    1.293787     -531.497070      316.025200   30.132178   11.909857    0.136575    7.374140
    0.825871    0.810881    0.159588   -0.493716    1.320300     -539.703141      316.302137   30.225803   11.947426    0.136575    7.374140
    0.828358    0.807883    0.168844   -0.515516    1.344577     -548.012540      316.539722   30.319091   11.984672    0.136575    7.374140
    0.830846    0.804714    0.178503   -0.537653    1.366450     -556.408318      316.738004   30.412023   12.021575    0.136575    7.374140
    0.833333    0.801367    0.188571   -0.560085    1.385768     -564.872546      316.897161   30.504581   12.058116    0.136575    7.374140
    0.835821    0.797834    0.199052   -0.582765    1.402403     -573.386477      317.017504   30.596742   12.094273    0.136575    7.374140
    0.838308    0.794110    0.209952   -0.605646    1.416245     -581.930718      317.099473   30.688485   12.130025    0.136575    7.374140
    0.840796    0.790186    0.221273   -0.628680    1.427212     -590.485420      317.143638   30.779787   12.165351    0.136575    7.374140
    0.843284    0.786056    0.233017   -0.651815    1.435243     -599.030479      317.150689   30.870625   12.200228    0.136575    7.374140
    0.845771    0.781712    0.245187   -0.675003    1.440308     -607.545737      317.121438   30.960974   12.234634    0.136575    7.374140
    0.848259    0.777148    0.257781   -0.698192    1.442400     -616.011190      317.056804   31.050811   12.268544    0.136575    7.374140
    0.850746    0.772357    0.270801   -0.721332    1.441539     -624.407191      316.957810   31.140108   12.301936    0.136575    7.374140
    0.853234    0.767332    0.284244   -0.744375    1.437771     -632.714642      316.825570   31.228840   12.334785    0.136575    7.374140
    0.855721    0.762066    0.298109   -0.767273    1.431168     -640.915178      316.661282   31.316979   12.367068    0.136575    7.374140
    0.858209    0.756554    0.312392   -0.789979    1.421823     -648.991336      316.466214   31.404497   12.398760    0.136575    7.374140
    0.860697    0.750789    0.327090   -0.812449    1.409852     -656.926702      316.241693   31.491365   12.429837    0.136575    7.374140
    0.863184    0.744765    0.342197   -0.834642    1.395388     -664.706041      315.989094   31.577553   12.460275    0.136575    7.374140
    0.865672    0.738477    0.357709   -0.856518    1.378584     -672.315401      315.709827   31.663033   12.490052    0.136575    7.374140
    0.868159    0.731918    0.373618   -0.878042    1.359603     -679.742199      315.405327   31.747771   12.519144    0.136575    7.374140
    0.870647    0.725085    0.389919   -0.899180    1.338623     -686.975271      315.077038   31.831739   12.547529    0.136575    7.374140
    0.873134    0.717971    0.406604   -0.919903    1.315827     -694.004916      314.726407   31.914902   12.575184    0.136575    7.374140
    0.875622    0.710574    0.423665   -0.940183    1.291405     -700.822901      314.354871   31.997229   12.602091    0.136575    7.374140
    0.878109    0.702888    0.441094   -0.959999    1.265552     -707.422452      313.963846   32.078687   12.628228    0.136575    7.374140
    0.880597    0.694910    0.458882   -0.979331    1.238459     -713.798228      313.554723   32.159243   12.653577    0.136575    7.374140
    0.883085    0.686636    0.477020   -0.998161    1.210319     -719.946268      313.128853   32.238862   12.678122    0.136575    7.374140
    0.885572    0.678064    0.495499   -1.016478    1.181320     -725.863939      312.687547   32.317510   12.701846    0.136575    7.374140
    0.888060    0.669192    0.514309   -1.034271    1.151643     -731.549853      312.232063   32.395153   12.724736    0.136575    7.374140
    0.890547    0.660016    0.533440   -1.051533    1.121462     -737.003790      311.763607   32.471755   12.746779    0.136575    7.374140
    0.893035    0.650536    0.552883   -1.068260    1.090943     -742.226604      311.283326   32.547283   12.767965    0.136575    7.374140
    0.895522    0.640750    0.572628   -1.084451    1.060241     -747.220131      310.792305   32.621701   12.788286    0.136575    7.374140
    0.898010    0.630657    0.592665   -1.100107    1.029501     -751.987086      310.291564   32.694972   12.807734    0.136575    7.374140
    0.900498    0.620257    0.612985   -1.115232    0.998858     -756.530968      309.782056   32.767063   12.826307    0.136575    7.374140
    0.902985    0.609550    0.633577   -1.129831    0.968432     -760.855961      309.264670   32.837938   12.844002    0.136575    7.374140
    0.905473    0.598537    0.654432   -1.143911    0.938336     -764.966840      308.740225   32.907561   12.860820    0.136575    7.374140
    0.907960    0.587219    0.675541   -1.157482    0.908666     -768.868877      308.209473   32.975897   12.876763    0.136575    7.374140
    0.910448    0.575597    0.696894   -1.170554    0.879512     -772.567757      307.673102   33.042911   12.891837    0.136575    7.374140
    0.912935    0.563672    0.718482   -1.183138    0.850949     -776.069493      307.131732   33.108567   12.906048    0.136575    7.374140
    0.915423    0.551448    0.740297   -1.195248    0.823042     -779.380355      306.585921   33.172833   12.919408    0.136575    7.374140
    0.917910    0.538927    0.762330   -1.206897    0.795848     -782.506797      306.036165   33.235672   12.931928    0.136575    7.374140
    0.920398    0.526113    0.784572   -1.218100    0.769413     -785.455397      305.482899   33.297051   12.943624    0.136575    7.374140
    0.922886    0.513008    0.807016   -1.228871    0.743772     -788.232798      304.926503   33.356937   12.954512    0.136575    7.374140
    0.925373    0.499618    0.829654   -1.239227    0.718954     -790.845659      304.367299   33.415295   12.964611    0.136575    7.374140
    0.927861    0.485946    0.852477   -1.249182    0.694981     -793.300611      303.805556   33.472094   12.973943    0.136575    7.374140
    0.930348    0.471997    0.875480   -1.258753    0.671864     -795.604218      303.241495   33.527301   12.982531    0.136575    7.374140
    0.932836    0.457777    0.898655   -1.267957    0.649611     -797.762947      302.675287   33.580885   12.990401    0.136575    7.374140
    0.935323    0.443292    0.921996   -1.276807    0.628220     -799.783133      302.107056   33.632815   12.997579    0.136575    7.374140
    0.937811    0.428547    0.945496   -1.285322    0.607685     -801.670965      301.536884   33.683060   13.004096    0.136575    7.374140
    0.940299    0.413548    0.969149   -1.293516    0.587993     -803.432461      300.964812   33.731590   13.009980    0.136575    7.374140
    0.942786    0.398304    0.992950   -1.301404    0.569127     -805.073452      300.390842   33.778378   13.015263    0.136575    7.374140
    0.945274    0.382820    1.016892   -1.309002    0.551060     -806.599577      299.814937   33.823395   13.019978    0.136575    7.374140
    0.947761    0.367105    1.040972   -1.316325    0.533762     -808.016266      299.237027   33.866614   13.024159    0.136575    7.374140
    0.950249    0.351165    1.065183   -1.323385    0.517194     -809.328742      298.657009   33.908009   13.027840    0.136575    7.374140
    0.952736    0.335011    1.089522   -1.330197    0.501308     -810.542010      298.074749   33.947554   13.031055    0.136575    7.374140
    0.955224    0.318648    1.113983   -1.336774    0.486049     -811.660864      297.490081   33.985225   13.033839    0.136575    7.374140
    0.957711    0.302088    1.138563   -1.343127    0.471346     -812.689878      296.902814   34.020999   13.036229    0.136575    7.374140
    0.960199    0.285338    1.163257   -1.349267    0.457117     -813.633415      296.312730   34.054853   13.038257    0.136575    7.374140
    0.962687    0.268409    1.188062   -1.355203    0.443259     -814.495628      295.719586   34.086767   13.039959    0.136575    7.374140
    0.965174    0.251309    1.212975   -1.360944    0.429645     -815.280464      295.123115   34.116718   13.041369    0.136575    7.374140
    0.967662    0.234048    1.237991   -1.366496    0.416118     -815.991668      294.523031   34.144690   13.042519    0.136575    7.374140
    0.970149    0.216638    1.263107   -1.371863    0.402481     -816.632790      293.919022   34.170664   13.043442    0.136575    7.374140
    0.972637    0.199088    1.288319   -1.377045    0.388485     -817.207194      293.310762   34.194623   13.044168    0.136575    7.374140
    0.975124    0.181408    1.313625   -1.382040    0.373812     -817.718063      292.697904   34.216551   13.044725    0.136575    7.374140
    0.977612    0.163611    1.339021   -1.386840    0.358058     -818.168405      292.080084   34.236435   13.045141    0.136575    7.374140
    0.980100    0.145706    1.364504   -1.391431    0.340702     -818.561067      291.456922   34.254261   13.045442    0.136575    7.374140
    0.982587    0.127705    1.390068   -1.395790    0.321070     -818.898739      290.828025   34.270019   13.045650    0.136575    7.374140
    0.985075    0.109620    1.415710   -1.399884    0.298287     -819.183971      290.192985   34.283696   13.045786    0.136575    7.374140
    0.987562    0.091462    1.441424   -1.403666    0.271215     -819.419178      289.551381   34.295285   13.045869    0.136575    7.374140
    0.990050    0.073243    1.467204   -1.407070    0.238369     -819.606661      288.902782   34.304777   13.045915    0.136575    7.374140
    0.992537    0.054975    1.493042   -1.410003    0.197804     -819.748628      288.246746   34.312166   13.045937    0.136575    7.374140
    0.995025    0.036671    1.518930   -1.412342    0.146967     -819.847219      287.582823   34.317448   13.045945    0.136575    7.374140
    0.997512    0.018342    1.544853   -1.413919    0.082505     -819.904575      286.910555   34.320618   13.045947    0.136575    7.374140
    1.000000   -0.000000    1.570796   -1.414507    0.000000     -819.923021      286.229476   34.321675   13.045947    0.136575    7.374140
