           t           r         psi          cs          qs               p             sig           A           V          Q2           S
    0.000000   -0.000000   -1.570796   -0.065444    0.000000     -176.070098     1496.056147    0.000000   -0.000000    0.182549    5.672203
    0.002488    0.014110   -1.569870   -0.066087    0.115461     -176.117245     1450.255676    0.000625    0.000000    0.182549    5.672203
    0.004975    0.028220   -1.568927   -0.067735    0.197324     -176.263753     1404.978540    0.002502    0.000000    0.182549    5.672203
    0.007463    0.042330   -1.567955   -0.070107    0.260097     -176.516794     1360.209006    0.005629    0.000000    0.182549    5.672203
    0.009950    0.056440   -1.566946   -0.073053    0.312544     -176.884408     1315.931831    0.010007    0.000001    0.182549    5.672203
    0.012438    0.070550   -1.565891   -0.076500    0.360109     -177.375760     1272.132279    0.015637    0.000001    0.182549    5.672203
    0.014925    0.084659   -1.564784   -0.080425    0.406290     -178.001228     1228.796139    0.022517    0.000003    0.182549    5.672203
    0.017413    0.098769   -1.563619   -0.084834    0.453434     -178.772516     1185.909744    0.030648    0.000005    0.182549    5.672203
    0.019900    0.112878   -1.562388   -0.089756    0.503175     -179.702787     1143.459996    0.040029    0.000009    0.182549    5.672203
    0.022388    0.126988   -1.561084   -0.095233    0.556668     -180.806849     1101.434392    0.050662    0.000015    0.182549    5.672203
    0.024876    0.141097   -1.559698   -0.101318    0.614686     -182.101364     1059.821053    0.062546    0.000023    0.182549    5.672203
    0.027363    0.155206   -1.558221   -0.108067    0.677611     -183.605100     1018.608757    0.075680    0.000035    0.182549    5.672203
    0.029851    0.169315   -1.556645   -0.115541    0.745334     -185.339210      977.786981    0.090065    0.000050    0.182549    5.672203
    0.032338    0.183423   -1.554957   -0.123789    0.817064     -187.327543      937.345942    0.105701    0.000071    0.182549    5.672203
    0.034826    0.197531   -1.553148   -0.132846    0.891032     -189.596962      897.276645    0.122588    0.000098    0.182549    5.672203
    0.037313    0.211639   -1.551204   -0.142713    0.964073     -192.177671      857.570942    0.140726    0.000133    0.182549    5.672203
    0.039801    0.225745   -1.549117   -0.153338    1.031055     -195.103498      818.221595    0.160114    0.000176    0.182549    5.672203
    0.042289    0.239852   -1.546874   -0.164584    1.084152     -198.412098      779.222348    0.180753    0.000231    0.182549    5.672203
    0.044776    0.253957   -1.544470   -0.176191    1.111912     -202.144995      740.568008    0.202642    0.000299    0.182549    5.672203
    0.047264    0.268062   -1.541903   -0.187722    1.098153     -206.347350      702.254540    0.225782    0.000383    0.182549    5.672203
    0.049751    0.282165   -1.539176   -0.198491    1.020656     -211.067295      664.279175    0.250173    0.000484    0.182549    5.672203
    0.052239    0.296268   -1.536309   -0.207478    0.849735     -216.354616      626.640529    0.275813    0.000607    0.182549    5.672203
    0.054726    0.310368   -1.533337   -0.213227    0.546753     -222.258469      589.338745    0.302704    0.000754    0.182549    5.672203
    0.057214    0.324468   -1.530317   -0.213717    0.062750     -228.823745      552.375653    0.330845    0.000928    0.182549    5.672203
    0.059701    0.338565   -1.527343   -0.206225   -0.662611     -236.085560      515.754950    0.360236    0.001132    0.182549    5.672203
    0.062189    0.352661   -1.524551   -0.187183   -1.701443     -244.061231      479.482415    0.390876    0.001370    0.182549    5.672203
    0.064677    0.366755   -1.522136   -0.152027   -3.136981     -252.738955      443.566155    0.422766    0.001642    0.182549    5.672203
    0.067164    0.380848   -1.520363   -0.095078   -5.061378     -262.062293      408.016884    0.455906    0.001950    0.182549    5.672203
    0.069652    0.394939   -1.519588   -0.009461   -7.571376     -271.909430      372.848259    0.490295    0.002289    0.182549    5.672203
    0.072139    0.409031   -1.520269    0.112896  -10.761271     -282.066139      338.077265    0.525933    0.002654    0.182549    5.672203
    0.074627    0.423124   -1.522989    0.281145  -14.712614     -292.191422      303.724667    0.562820    0.003033    0.182549    5.672203
    0.077114    0.437219   -1.528466    0.505243  -19.480229     -301.774955      269.815543    0.600958    0.003404    0.182549    5.672203
    0.079602    0.451319   -1.537558    0.795463  -25.074372     -310.085906      236.379906    0.640344    0.003738    0.182549    5.672203
    0.082090    0.465423   -1.551271    1.161639  -31.439228     -316.113427      203.453416    0.680981    0.003987    0.182549    5.672203
    0.084577    0.479532   -1.570737    1.612122  -38.428506     -318.500490      171.078198    0.722869    0.004088    0.182549    5.672203
    0.087065    0.493641   -1.597188    2.152406  -45.779655     -315.474879      139.303715    0.766008    0.003955    0.182549    5.672203
    0.089552    0.507737   -1.631905    2.783445  -53.089352     -304.784630      108.187654    0.810397    0.003475    0.182549    5.672203
    0.092040    0.521798   -1.676139    3.499713  -59.794484     -283.650382       77.796673    0.856034    0.002506    0.182549    5.672203
    0.094527    0.535784   -1.731003    4.287131  -65.164885     -248.754094       48.206780    0.902915    0.000874    0.182549    5.672203
    0.097015    0.549631   -1.797342    5.121091  -68.316305     -196.291687       19.502960    0.951030   -0.001626    0.182549    5.672203
    0.099502    0.563246   -1.875568    5.964875  -68.253532     -122.123610       -8.222510    1.000364   -0.005220    0.182549    5.672203
    0.101990    0.576502   -1.965485    6.768921  -63.952241      -22.056246      -34.873729    1.050889   -0.010144    0.182549    5.672203
    0.104478    0.589237   -2.066110    7.471362  -54.481713      107.730132      -60.357472    1.102569   -0.016619    0.182549    5.672203
    0.106965    0.601265   -2.175511    8.000233  -39.157400      270.132708      -84.592416    1.155347   -0.024823    0.182549    5.672203
    0.109453    0.612388   -2.290693    8.277461  -17.694471      466.547234     -107.520643    1.209153   -0.034859    0.182549    5.672203
    0.111940    0.622430   -2.407546    8.224368    9.681462      696.416040     -129.119398    1.263898   -0.046724    0.182549    5.672203
    0.114428    0.631262   -2.520885    7.767924   42.210041      957.085225     -149.409471    1.319480   -0.060302    0.182549    5.672203
    0.116915    0.638847   -2.624568    6.846771   78.676290     1244.092288     -168.455831    1.375791   -0.075375    0.182549    5.672203
    0.119403    0.645257   -2.711701    5.416159  117.562420     1551.851231     -186.357006    1.432720   -0.091653    0.182549    5.672203
    0.121891    0.650699   -2.774897    3.451795  157.178821     1874.510750     -203.222420    1.490173   -0.108826    0.182549    5.672203
    0.124378    0.655509   -2.806596    0.953970  195.641100     2206.623189     -219.140062    1.548077   -0.126603    0.182549    5.672203
    0.126866    0.660149   -2.799453   -2.045109  230.571564     2543.238617     -234.138640    1.606397   -0.144718    0.182549    5.672203
    0.129353    0.665177   -2.746883   -5.467167  258.509984     2879.130381     -248.147631    1.665140   -0.162899    0.182549    5.672203
    0.131841    0.671208   -2.643857   -9.165382  274.281217     3207.056224     -260.956347    1.724370   -0.180775    0.182549    5.672203
    0.134328    0.678829   -2.488051  -12.899637  271.007960     3515.334256     -272.171860    1.784200   -0.197738    0.182549    5.672203
    0.136816    0.688460   -2.281254  -16.328878  241.802536     3785.719528     -281.178706    1.844793   -0.212814    0.182549    5.672203
    0.139303    0.700166   -2.030588  -19.049695  183.574773     3993.545290     -287.113477    1.906333   -0.224625    0.182549    5.672203
    0.141791    0.713512   -1.748757  -20.694995  101.176936     4112.447354     -288.884617    1.968989   -0.231565    0.182549    5.672203
    0.144279    0.727564   -1.452647  -21.057905    8.029314     4123.942069     -285.282001    2.032868   -0.232238    0.182549    5.672203
    0.146766    0.741132   -1.160443  -20.165742  -78.754950     4027.332784     -275.205958    2.097980   -0.225970    0.182549    5.672203
    0.149254    0.753134   -0.888378  -18.255583 -145.504721     3842.242240     -257.976853    2.164232   -0.213084    0.182549    5.672203
    0.151741    0.762886   -0.648416  -15.677038 -186.153694     3600.393670     -233.593159    2.231452   -0.194742    0.182549    5.672203
    0.154229    0.770182   -0.447425  -12.787626 -201.749007     3332.441920     -202.785937    2.299427   -0.172484    0.182549    5.672203
    0.156716    0.775201   -0.287597   -9.885214 -197.445443     3059.032395     -166.827428    2.367946   -0.147766    0.182549    5.672203
    0.159204    0.778339   -0.167509   -7.183234 -179.570016     2789.606172     -127.200969    2.436823   -0.121697    0.182549    5.672203
    0.161692    0.780064   -0.083312   -4.813879 -153.867186     2525.975454      -85.291480    2.505912   -0.094986    0.182549    5.672203
    0.164179    0.780829   -0.029779   -2.843240 -124.837531     2266.499282      -42.194007    2.575109   -0.068025    0.182549    5.672203
    0.166667    0.781021   -0.001115   -1.288427  -95.702231     2008.865239        1.350690    2.644345   -0.040993    0.182549    5.672203
    0.169154    0.780950    0.008460   -0.132490  -68.605306     1751.393108       44.933523    2.713585   -0.013955    0.182549    5.672203
    0.171642    0.780847    0.004318    0.663694  -44.848746     1493.408436       88.413135    2.782815    0.013075    0.182549    5.672203
    0.174129    0.780871   -0.008822    1.152150  -25.091559     1235.167956      131.842437    2.852041    0.040102    0.182549    5.672203
    0.176617    0.781119   -0.027020    1.390564   -9.509183      977.619157      175.402010    2.921279    0.067134    0.182549    5.672203
    0.179104    0.781642   -0.047160    1.436712    2.073171      722.135128      219.346300    2.990550    0.094178    0.182549    5.672203
    0.181592    0.782448   -0.066914    1.344405   10.064101      470.288367      263.963028    3.059881    0.121242    0.182549    5.672203
    0.184080    0.783519   -0.084671    1.160840   15.005282      223.685303      309.543956    3.129295    0.148337    0.182549    5.672203
    0.186567    0.784820   -0.099429    0.925216   17.489191      -16.140193      356.364605    3.198814    0.175478    0.182549    5.672203
    0.189055    0.786304   -0.110682    0.668380   18.097579     -247.787787      404.670676    3.268457    0.202680    0.182549    5.672203
    0.191542    0.787920   -0.118300    0.413230   17.360487     -470.022726      454.669438    3.338238    0.229962    0.182549    5.672203
    0.194030    0.789618   -0.122426    0.175607   15.733146     -681.793175      506.524778    3.408167    0.257340    0.182549    5.672203
    0.196517    0.791352   -0.123385   -0.034570   13.586839     -882.242095      560.355054    3.478247    0.284829    0.182549    5.672203
    0.199005    0.793079   -0.121605   -0.212096   11.209590    -1070.717742      616.233106    3.548482    0.312440    0.182549    5.672203
    0.201493    0.794764   -0.117561   -0.355328    8.813088    -1246.783019      674.188019    3.618868    0.340181    0.182549    5.672203
    0.203980    0.796380   -0.111735   -0.465150    6.543043    -1410.221723      734.208265    3.689400    0.368053    0.182549    5.672203
    0.206468    0.797905   -0.104580   -0.544118    4.490924    -1561.039216      796.245906    3.760072    0.396056    0.182549    5.672203
    0.208955    0.799322   -0.096509   -0.595756    2.705685    -1699.455690      860.221568    3.830874    0.424185    0.182549    5.672203
    0.211443    0.800621   -0.087878   -0.624037    1.204611    -1825.891333      926.029851    3.901797    0.452433    0.182549    5.672203
    0.213930    0.801797   -0.078989   -0.632996   -0.017254    -1940.944010      993.544917    3.972829    0.480790    0.182549    5.672203
    0.216418    0.802848   -0.070088   -0.626476   -0.979308    -2045.361019     1062.625975    4.043961    0.509246    0.182549    5.672203
    0.218905    0.803774   -0.061366   -0.607973   -1.709261    -2140.007079     1133.122462    4.115179    0.537790    0.182549    5.672203
    0.221393    0.804580   -0.052973   -0.580551   -2.238560    -2225.830879     1204.878740    4.186475    0.566411    0.182549    5.672203
    0.223881    0.805270   -0.045013   -0.546821   -2.599160    -2303.832279     1277.738217    4.257837    0.595097    0.182549    5.672203
    0.226368    0.805852   -0.037561   -0.508947   -2.821422    -2375.031899     1351.546819    4.329255    0.623839    0.182549    5.672203
    0.228856    0.806333   -0.030662   -0.468683   -2.932877    -2440.444304     1426.155808    4.400720    0.652626    0.182549    5.672203
    0.231343    0.806720   -0.024339   -0.427416   -2.957630    -2501.055470     1501.423969    4.472224    0.681451    0.182549    5.672203
    0.233831    0.807022   -0.018600   -0.386221   -2.916213    -2557.804821     1577.219209    4.543758    0.710304    0.182549    5.672203
    0.236318    0.807248   -0.013436   -0.345906   -2.825723    -2611.571723     1653.419638    4.615316    0.739178    0.182549    5.672203
    0.238806    0.807404   -0.008831   -0.307063   -2.700122    -2663.166122     1729.914201    4.686890    0.768069    0.182549    5.672203
    0.241294    0.807499   -0.004762   -0.270109   -2.550621    -2713.322824     1806.602943    4.758475    0.796969    0.182549    5.672203
    0.243781    0.807541   -0.001199   -0.235318   -2.386080    -2762.698870     1883.396960    4.830067    0.825875    0.182549    5.672203
    0.246269    0.807535    0.001890   -0.202856   -2.213395    -2811.873418     1960.218131    4.901660    0.854782    0.182549    5.672203
    0.248756    0.807490    0.004537   -0.172803   -2.037848    -2861.349597     2036.998662    4.973250    0.883687    0.182549    5.672203
    0.251244    0.807409    0.006778   -0.145175   -1.863416    -2911.557831     2113.680510    5.044835    0.912587    0.182549    5.672203
    0.253731    0.807300    0.008645   -0.119941   -1.693029    -2962.860189     2190.214723    5.116412    0.941480    0.182549    5.672203
    0.256219    0.807167    0.010173   -0.097033   -1.528790    -3015.555415     2266.560730    5.187978    0.970364    0.182549    5.672203
    0.258706    0.807014    0.011394   -0.076358   -1.372153    -3069.884335     2342.685612    5.259531    0.999238    0.182549    5.672203
    0.261194    0.806847    0.012338   -0.057809   -1.224065    -3126.035406     2418.563371    5.331070    1.028099    0.182549    5.672203
    0.263682    0.806667    0.013035   -0.041264   -1.085087    -3184.150223     2494.174219    5.402593    1.056948    0.182549    5.672203
    0.266169    0.806480    0.013512   -0.026599   -0.955479    -3244.328871     2569.503891    5.474101    1.085783    0.182549    5.672203
    0.268657    0.806287    0.013794   -0.013684   -0.835281    -3306.635007     2644.542995    5.545591    1.114605    0.182549    5.672203
    0.271144    0.806091    0.013905   -0.002393   -0.724366    -3371.100630     2719.286407    5.617064    1.143412    0.182549    5.672203
    0.273632    0.805895    0.013868    0.007401   -0.622486    -3437.730488     2793.732708    5.688520    1.172206    0.182549    5.672203
    0.276119    0.805701    0.013703    0.015820   -0.529307    -3506.506122     2867.883662    5.759958    1.200986    0.182549    5.672203
    0.278607    0.805509    0.013428    0.022980   -0.444438    -3577.389522     2941.743746    5.831379    1.229752    0.182549    5.672203
    0.281095    0.805322    0.013060    0.028993   -0.367450    -3650.326434     3015.319722    5.902784    1.258504    0.182549    5.672203
    0.283582    0.805141    0.012615    0.033965   -0.297892    -3725.249297     3088.620248    5.974172    1.287244    0.182549    5.672203
    0.286070    0.804966    0.012106    0.037995   -0.235307    -3802.079868     3161.655531    6.045544    1.315971    0.182549    5.672203
    0.288557    0.804800    0.011546    0.041179   -0.179235    -3880.731527     3234.437020    6.116902    1.344686    0.182549    5.672203
    0.291045    0.804641    0.010947    0.043601   -0.129226    -3961.111305     3306.977127    6.188244    1.373390    0.182549    5.672203
    0.293532    0.804491    0.010319    0.045345   -0.084841    -4043.121655     3379.288990    6.259573    1.402083    0.182549    5.672203
    0.296020    0.804350    0.009671    0.046486   -0.045654    -4126.661983     3451.386251    6.330890    1.430765    0.182549    5.672203
    0.298507    0.804218    0.009010    0.047094   -0.011261    -4211.629981     3523.282877    6.402194    1.459438    0.182549    5.672203
    0.300995    0.804096    0.008344    0.047233    0.018724    -4297.922761     3594.992992    6.473487    1.488103    0.182549    5.672203
    0.303483    0.803982    0.007679    0.046962    0.044670    -4385.437826     3666.530737    6.544769    1.516759    0.182549    5.672203
    0.305970    0.803879    0.007020    0.046337    0.066921    -4474.073893     3737.910150    6.616042    1.545407    0.182549    5.672203
    0.308458    0.803784    0.006373    0.045408    0.085803    -4563.731584     3809.145061    6.687306    1.574048    0.182549    5.672203
    0.310945    0.803699    0.005740    0.044219    0.101621    -4654.313997     3880.249006    6.758562    1.602684    0.182549    5.672203
    0.313433    0.803622    0.005126    0.042813    0.114662    -4745.727186     3951.235151    6.829811    1.631313    0.182549    5.672203
    0.315920    0.803554    0.004533    0.041227    0.125191    -4837.880535     4022.116231    6.901053    1.659937    0.182549    5.672203
    0.318408    0.803494    0.003963    0.039495    0.133458    -4930.687069     4092.904506    6.972290    1.688557    0.182549    5.672203
    0.320896    0.803442    0.003419    0.037649    0.139693    -5024.063687     4163.611713    7.043522    1.717173    0.182549    5.672203
    0.323383    0.803398    0.002901    0.035716    0.144111    -5117.931338     4234.249044    7.114749    1.745786    0.182549    5.672203
    0.325871    0.803360    0.002411    0.033721    0.146911    -5212.215144     4304.827115    7.185973    1.774396    0.182549    5.672203
    0.328358    0.803329    0.001950    0.031685    0.148275    -5306.844480     4375.355957    7.257194    1.803003    0.182549    5.672203
    0.330846    0.803305    0.001517    0.029630    0.148374    -5401.753011     4445.845004    7.328412    1.831609    0.182549    5.672203
    0.333333    0.803286    0.001113    0.027572    0.147365    -5496.878697     4516.303087    7.399629    1.860213    0.182549    5.672203
    0.335821    0.803273    0.000739    0.025526    0.145389    -5592.163769     4586.738438    7.470844    1.888815    0.182549    5.672203
    0.338308    0.803266    0.000393    0.023506    0.142580    -5687.554677     4657.158691    7.542058    1.917417    0.182549    5.672203
    0.340796    0.803262    0.000075    0.021523    0.139058    -5783.002019     4727.570891    7.613272    1.946019    0.182549    5.672203
    0.343284    0.803263   -0.000215    0.019588    0.134934    -5878.460452     4797.981510    7.684485    1.974621    0.182549    5.672203
    0.345771    0.803268   -0.000478    0.017709    0.130308    -5973.888583     4868.396452    7.755699    2.003223    0.182549    5.672203
    0.348259    0.803277   -0.000715    0.015892    0.125272    -6069.248851     4938.821077    7.826914    2.031825    0.182549    5.672203
    0.350746    0.803288   -0.000926    0.014143    0.119909    -6164.507397     5009.260213    7.898129    2.060428    0.182549    5.672203
    0.353234    0.803303   -0.001114    0.012468    0.114293    -6259.633923     5079.718181    7.969346    2.089032    0.182549    5.672203
    0.355721    0.803320   -0.001279    0.010870    0.108493    -6354.601548     5150.198812    8.040564    2.117637    0.182549    5.672203
    0.358209    0.803339   -0.001421    0.009351    0.102570    -6449.386655     5220.705467    8.111783    2.146243    0.182549    5.672203
    0.360697    0.803360   -0.001543    0.007913    0.096578    -6543.968733     5291.241063    8.183004    2.174851    0.182549    5.672203
    0.363184    0.803382   -0.001645    0.006558    0.090564    -6638.330220     5361.808096    8.254228    2.203460    0.182549    5.672203
    0.365672    0.803406   -0.001728    0.005285    0.084572    -6732.456345     5432.408661    8.325453    2.232071    0.182549    5.672203
    0.368159    0.803431   -0.001794    0.004095    0.078640    -6826.334960     5503.044477    8.396680    2.260684    0.182549    5.672203
    0.370647    0.803456   -0.001844    0.002987    0.072801    -6919.956384     5573.716911    8.467910    2.289298    0.182549    5.672203
    0.373134    0.803483   -0.001879    0.001960    0.067083    -7013.313243     5644.427000    8.539142    2.317914    0.182549    5.672203
    0.375622    0.803509   -0.001900    0.001011    0.061510    -7106.400309     5715.175473    8.610376    2.346533    0.182549    5.672203
    0.378109    0.803536   -0.001908    0.000140    0.056104    -7199.214348     5785.962778    8.681613    2.375153    0.182549    5.672203
    0.380597    0.803563   -0.001904   -0.000656    0.050882    -7291.753966     5856.789099    8.752852    2.403775    0.182549    5.672203
    0.383085    0.803590   -0.001890   -0.001380    0.045858    -7384.019459     5927.654378    8.824093    2.432399    0.182549    5.672203
    0.385572    0.803616   -0.001866   -0.002034    0.041043    -7476.012672     5998.558340    8.895337    2.461025    0.182549    5.672203
    0.388060    0.803643   -0.001833   -0.002621    0.036448    -7567.736856     6069.500509    8.966583    2.489652    0.182549    5.672203
    0.390547    0.803668   -0.001792   -0.003143    0.032078    -7659.196536     6140.480229    9.037832    2.518282    0.182549    5.672203
    0.393035    0.803693   -0.001744   -0.003605    0.027938    -7750.397377     6211.496684    9.109083    2.546913    0.182549    5.672203
    0.395522    0.803717   -0.001691   -0.004009    0.024030    -7841.346065     6282.548911    9.180335    2.575546    0.182549    5.672203
    0.398010    0.803741   -0.001631   -0.004358    0.020355    -7932.050182     6353.635824    9.251590    2.604181    0.182549    5.672203
    0.400498    0.803763   -0.001568   -0.004655    0.016913    -8022.518098     6424.756224    9.322847    2.632818    0.182549    5.672203
    0.402985    0.803785   -0.001500   -0.004904    0.013702    -8112.758864     6495.908820    9.394106    2.661456    0.182549    5.672203
    0.405473    0.803806   -0.001430   -0.005108    0.010719    -8202.782106     6567.092237    9.465367    2.690095    0.182549    5.672203
    0.407960    0.803825   -0.001356   -0.005270    0.007960    -8292.597935     6638.305034    9.536630    2.718736    0.182549    5.672203
    0.410448    0.803844   -0.001281   -0.005393    0.005420    -8382.216855     6709.545716    9.607894    2.747379    0.182549    5.672203
    0.412935    0.803862   -0.001204   -0.005480    0.003092    -8471.649681     6780.812744    9.679160    2.776022    0.182549    5.672203
    0.415423    0.803878   -0.001127   -0.005533    0.000972    -8560.907461     6852.104549    9.750428    2.804667    0.182549    5.672203
    0.417910    0.803893   -0.001048   -0.005557   -0.000949    -8650.001406     6923.419538    9.821697    2.833313    0.182549    5.672203
    0.420398    0.803908   -0.000970   -0.005553   -0.002677    -8738.942821     6994.756107    9.892967    2.861960    0.182549    5.672203
    0.422886    0.803921   -0.000892   -0.005525   -0.004219    -8827.743048     7066.112648    9.964238    2.890608    0.182549    5.672203
    0.425373    0.803933   -0.000814   -0.005474   -0.005585    -8916.413411     7137.487554   10.035511    2.919257    0.182549    5.672203
    0.427861    0.803944   -0.000737   -0.005403   -0.006781    -9004.965164     7208.879233   10.106784    2.947907    0.182549    5.672203
    0.430348    0.803954   -0.000662   -0.005315   -0.007816    -9093.409450     7280.286105   10.178059    2.976557    0.182549    5.672203
    0.432836    0.803962   -0.000587   -0.005212   -0.008698    -9181.757258     7351.706615   10.249334    3.005208    0.182549    5.672203
    0.435323    0.803970   -0.000515   -0.005096   -0.009434    -9270.019392     7423.139235   10.320610    3.033860    0.182549    5.672203
    0.437811    0.803977   -0.000444   -0.004969   -0.010034    -9358.206436     7494.582468   10.391887    3.062512    0.182549    5.672203
    0.440299    0.803983   -0.000375   -0.004833   -0.010505    -9446.328734     7566.034850   10.463164    3.091165    0.182549    5.672203
    0.442786    0.803987   -0.000307   -0.004689   -0.010854    -9534.396363     7637.494957   10.534442    3.119818    0.182549    5.672203
    0.445274    0.803991   -0.000242   -0.004540   -0.011090    -9622.419118     7708.961404   10.605720    3.148472    0.182549    5.672203
    0.447761    0.803994   -0.000179   -0.004387   -0.011219    -9710.406497     7780.432850   10.676998    3.177125    0.182549    5.672203
    0.450249    0.803996   -0.000118   -0.004232   -0.011250    -9798.367689     7851.907995   10.748277    3.205779    0.182549    5.672203
    0.452736    0.803998   -0.000060   -0.004076   -0.011188    -9886.311569     7923.385586   10.819555    3.234433    0.182549    5.672203
    0.455224    0.803998   -0.000003   -0.003919   -0.011040    -9974.246691     7994.864415   10.890834    3.263087    0.182549    5.672203
    0.457711    0.803998    0.000051   -0.003764   -0.010813   -10062.181290     8066.343317   10.962113    3.291741    0.182549    5.672203
    0.460199    0.803997    0.000103   -0.003612   -0.010513   -10150.123278     8137.821175   11.033392    3.320395    0.182549    5.672203
    0.462687    0.803995    0.000153   -0.003464   -0.010145   -10238.080252     8209.296917   11.104670    3.349049    0.182549    5.672203
    0.465174    0.803992    0.000201   -0.003320   -0.009715   -10326.059498     8280.769511   11.175949    3.377703    0.182549    5.672203
    0.467662    0.803989    0.000246   -0.003181   -0.009228   -10414.067999     8352.237973   11.247227    3.406356    0.182549    5.672203
    0.470149    0.803985    0.000290   -0.003049   -0.008688   -10502.112444     8423.701356   11.318505    3.435009    0.182549    5.672203
    0.472637    0.803981    0.000333   -0.002923   -0.008101   -10590.199243     8495.158754   11.389782    3.463662    0.182549    5.672203
    0.475124    0.803976    0.000373   -0.002806   -0.007470   -10678.334539     8566.609300   11.461059    3.492315    0.182549    5.672203
    0.477612    0.803970    0.000412   -0.002697   -0.006798   -10766.524219     8638.052160   11.532336    3.520967    0.182549    5.672203
    0.480100    0.803964    0.000449   -0.002596   -0.006091   -10854.773937     8709.486536   11.603612    3.549619    0.182549    5.672203
    0.482587    0.803958    0.000485   -0.002505   -0.005350   -10943.089127     8780.911658   11.674888    3.578270    0.182549    5.672203
    0.485075    0.803951    0.000520   -0.002424   -0.004578   -11031.475023     8852.326785   11.746163    3.606921    0.182549    5.672203
    0.487562    0.803943    0.000554   -0.002354   -0.003778   -11119.936680     8923.731203   11.817437    3.635572    0.182549    5.672203
    0.490050    0.803935    0.000586   -0.002294   -0.002953   -11208.478990     8995.124218   11.888711    3.664222    0.182549    5.672203
    0.492537    0.803927    0.000618   -0.002245   -0.002104   -11297.106713     9066.505157   11.959983    3.692871    0.182549    5.672203
    0.495025    0.803918    0.000650   -0.002208   -0.001233   -11385.824488     9137.873361   12.031256    3.721519    0.182549    5.672203
    0.497512    0.803908    0.000681   -0.002182   -0.000341   -11474.636865     9209.228186   12.102527    3.750167    0.182549    5.672203
    0.500000    0.803898    0.000711   -0.002168    0.000570   -11563.548324     9280.568996   12.173797    3.778815    0.182549    5.672203
    0.502488    0.803888    0.000742   -0.002167    0.001500   -11652.563301     9351.895161   12.245067    3.807461    0.182549    5.672203
    0.504975    0.803878    0.000773   -0.002178    0.002448   -11741.686213     9423.206056   12.316335    3.836107    0.182549    5.672203
    0.507463    0.803866    0.000803   -0.002203    0.003413   -11830.921483     9494.501051   12.387603    3.864752    0.182549    5.672203
    0.509950    0.803855    0.000835   -0.002240    0.004396   -11920.273565     9565.779514   12.458870    3.893396    0.182549    5.672203
    0.512438    0.803843    0.000867   -0.002290    0.005397   -12009.746972     9637.040803   12.530135    3.922040    0.182549    5.672203
    0.514925    0.803830    0.000899   -0.002354    0.006416   -12099.346301     9708.284265   12.601400    3.950682    0.182549    5.672203
    0.517413    0.803817    0.000933   -0.002432    0.007453   -12189.076261     9779.509230   12.672663    3.979324    0.182549    5.672203
    0.519900    0.803804    0.000968   -0.002524    0.008510   -12278.941703     9850.715007   12.743925    4.007964    0.182549    5.672203
    0.522388    0.803790    0.001005   -0.002630    0.009587   -12368.947643     9921.900883   12.815186    4.036604    0.182549    5.672203
    0.524876    0.803776    0.001042   -0.002751    0.010685   -12459.099294     9993.066114   12.886446    4.065243    0.182549    5.672203
    0.527363    0.803761    0.001082   -0.002886    0.011807   -12549.402094    10064.209927   12.957705    4.093880    0.182549    5.672203
    0.529851    0.803745    0.001124   -0.003037    0.012953   -12639.861737    10135.331509   13.028962    4.122517    0.182549    5.672203
    0.532338    0.803729    0.001168   -0.003203    0.014125   -12730.484197    10206.430010   13.100218    4.151152    0.182549    5.672203
    0.534826    0.803712    0.001214   -0.003385    0.015325   -12821.275767    10277.504530   13.171472    4.179787    0.182549    5.672203
    0.537313    0.803695    0.001264   -0.003583    0.016556   -12912.243081    10348.554125   13.242724    4.208420    0.182549    5.672203
    0.539801    0.803677    0.001316   -0.003797    0.017820   -13003.393153    10419.577792   13.313976    4.237051    0.182549    5.672203
    0.542289    0.803658    0.001371   -0.004028    0.019118   -13094.733403    10490.574473   13.385225    4.265682    0.182549    5.672203
    0.544776    0.803638    0.001429   -0.004277    0.020455   -13186.271694    10561.543043   13.456473    4.294311    0.182549    5.672203
    0.547264    0.803617    0.001492   -0.004544    0.021832   -13278.016360    10632.482313   13.527719    4.322938    0.182549    5.672203
    0.549751    0.803596    0.001558   -0.004828    0.023254   -13369.976248    10703.391016   13.598963    4.351564    0.182549    5.672203
    0.552239    0.803573    0.001628   -0.005132    0.024722   -13462.160743    10774.267812   13.670205    4.380189    0.182549    5.672203
    0.554726    0.803550    0.001703   -0.005455    0.026241   -13554.579811    10845.111272   13.741445    4.408812    0.182549    5.672203
    0.557214    0.803525    0.001782   -0.005799    0.027813   -13647.244033    10915.919883   13.812683    4.437433    0.182549    5.672203
    0.559701    0.803499    0.001866   -0.006163    0.029444   -13740.164641    10986.692035   13.883919    4.466052    0.182549    5.672203
    0.562189    0.803472    0.001956   -0.006549    0.031136   -13833.353559    11057.426018   13.955152    4.494670    0.182549    5.672203
    0.564677    0.803444    0.002051   -0.006957    0.032894   -13926.823439    11128.120018   14.026383    4.523285    0.182549    5.672203
    0.567164    0.803415    0.002152   -0.007388    0.034723   -14020.587704    11198.772108   14.097612    4.551899    0.182549    5.672203
    0.569652    0.803383    0.002260   -0.007844    0.036626   -14114.660587    11269.380243   14.168838    4.580510    0.182549    5.672203
    0.572139    0.803351    0.002374   -0.008324    0.038608   -14209.057178    11339.942255   14.240060    4.609119    0.182549    5.672203
    0.574627    0.803316    0.002495   -0.008830    0.040674   -14303.793464    11410.455842   14.311280    4.637726    0.182549    5.672203
    0.577114    0.803280    0.002623   -0.009364    0.042830   -14398.886374    11480.918567   14.382497    4.666330    0.182549    5.672203
    0.579602    0.803242    0.002759   -0.009926    0.045080   -14494.353828    11551.327848   14.453711    4.694931    0.182549    5.672203
    0.582090    0.803202    0.002903   -0.010517    0.047430   -14590.214783    11621.680949   14.524921    4.723530    0.182549    5.672203
    0.584577    0.803160    0.003056   -0.011139    0.049886   -14686.489285    11691.974974   14.596127    4.752125    0.182549    5.672203
    0.587065    0.803116    0.003218   -0.011792    0.052453   -14783.198516    11762.206863   14.667330    4.780718    0.182549    5.672203
    0.589552    0.803070    0.003389   -0.012480    0.055138   -14880.364847    11832.373376   14.738528    4.809308    0.182549    5.672203
    0.592040    0.803020    0.003570   -0.013202    0.057947   -14978.011896    11902.471090   14.809723    4.837893    0.182549    5.672203
    0.594527    0.802969    0.003762   -0.013961    0.060886   -15076.164576    11972.496390   14.880913    4.866476    0.182549    5.672203
    0.597015    0.802914    0.003964   -0.014758    0.063963   -15174.849160    12042.445457   14.952098    4.895054    0.182549    5.672203
    0.599502    0.802857    0.004179   -0.015595    0.067184   -15274.093331    12112.314263   15.023278    4.923629    0.182549    5.672203
    0.601990    0.802796    0.004405   -0.016474    0.070557   -15373.926248    12182.098557   15.094453    4.952199    0.182549    5.672203
    0.604478    0.802732    0.004644   -0.017397    0.074090   -15474.378605    12251.793856   15.165623    4.980765    0.182549    5.672203
    0.606965    0.802665    0.004896   -0.018365    0.077789   -15575.482693    12321.395437   15.236786    5.009326    0.182549    5.672203
    0.609453    0.802594    0.005162   -0.019381    0.081664   -15677.272467    12390.898324   15.307944    5.037883    0.182549    5.672203
    0.611940    0.802519    0.005443   -0.020448    0.085722   -15779.783607    12460.297277   15.379095    5.066434    0.182549    5.672203
    0.614428    0.802441    0.005739   -0.021566    0.089972   -15883.053589    12529.586780   15.450239    5.094979    0.182549    5.672203
    0.616915    0.802357    0.006052   -0.022740    0.094423   -15987.121750    12598.761031   15.521376    5.123519    0.182549    5.672203
    0.619403    0.802270    0.006381   -0.023972    0.099085   -16092.029360    12667.813928   15.592506    5.152052    0.182549    5.672203
    0.621891    0.802177    0.006729   -0.025263    0.103966   -16197.819686    12736.739058   15.663627    5.180579    0.182549    5.672203
    0.624378    0.802080    0.007095   -0.026617    0.109077   -16304.538070    12805.529681   15.734740    5.209100    0.182549    5.672203
    0.626866    0.801977    0.007480   -0.028038    0.114427   -16412.231993    12874.178719   15.805845    5.237613    0.182549    5.672203
    0.629353    0.801868    0.007886   -0.029527    0.120027   -16520.951150    12942.678742   15.876939    5.266118    0.182549    5.672203
    0.631841    0.801754    0.008314   -0.031088    0.125887   -16630.747520    13011.021954   15.948024    5.294616    0.182549    5.672203
    0.634328    0.801634    0.008764   -0.032724    0.132019   -16741.675435    13079.200177   16.019099    5.323105    0.182549    5.672203
    0.636816    0.801507    0.009238   -0.034440    0.138433   -16853.791651    13147.204837   16.090163    5.351585    0.182549    5.672203
    0.639303    0.801373    0.009736   -0.036238    0.145141   -16967.155417    13215.026949   16.161215    5.380055    0.182549    5.672203
    0.641791    0.801232    0.010261   -0.038122    0.152155   -17081.828541    13282.657104   16.232255    5.408516    0.182549    5.672203
    0.644279    0.801083    0.010812   -0.040096    0.159486   -17197.875452    13350.085446   16.303282    5.436967    0.182549    5.672203
    0.646766    0.800927    0.011393   -0.042163    0.167147   -17315.363269    13417.301666   16.374295    5.465406    0.182549    5.672203
    0.649254    0.800762    0.012003   -0.044330    0.175151   -17434.361850    13484.294978   16.445295    5.493834    0.182549    5.672203
    0.651741    0.800588    0.012644   -0.046598    0.183510   -17554.943855    13551.054105   16.516279    5.522249    0.182549    5.672203
    0.654229    0.800405    0.013318   -0.048974    0.192237   -17677.184789    13617.567266   16.587247    5.550652    0.182549    5.672203
    0.656716    0.800212    0.014027   -0.051461    0.201345   -17801.163050    13683.822154   16.658199    5.579041    0.182549    5.672203
    0.659204    0.800009    0.014771   -0.054065    0.210848   -17926.959964    13749.805925   16.729133    5.607416    0.182549    5.672203
    0.661692    0.799795    0.015553   -0.056790    0.220758   -18054.659813    13815.505176   16.800049    5.635775    0.182549    5.672203
    0.664179    0.799570    0.016374   -0.059641    0.231089   -18184.349862    13880.905935   16.870945    5.664119    0.182549    5.672203
    0.666667    0.799333    0.017237   -0.062625    0.241855   -18316.120363    13945.993642   16.941821    5.692446    0.182549    5.672203
    0.669154    0.799083    0.018142   -0.065745    0.253069   -18450.064558    14010.753131   17.012675    5.720755    0.182549    5.672203
    0.671642    0.798820    0.019093   -0.069009    0.264746   -18586.278668    14075.168622   17.083507    5.749046    0.182549    5.672203
    0.674129    0.798544    0.020090   -0.072421    0.276897   -18724.861863    14139.223698   17.154315    5.777317    0.182549    5.672203
    0.676617    0.798253    0.021137   -0.075987    0.289536   -18865.916224    14202.901300   17.225097    5.805567    0.182549    5.672203
    0.679104    0.797947    0.022235   -0.079715    0.302677   -19009.546684    14266.183707   17.295853    5.833796    0.182549    5.672203
    0.681592    0.797626    0.023387   -0.083609    0.316333   -19155.860950    14329.052528   17.366581    5.862002    0.182549    5.672203
    0.684080    0.797287    0.024595   -0.087676    0.330515   -19304.969404    14391.488690   17.437280    5.890183    0.182549    5.672203
    0.686567    0.796931    0.025862   -0.091923    0.345236   -19456.984988    14453.472429   17.507949    5.918339    0.182549    5.672203
    0.689055    0.796557    0.027190   -0.096356    0.360506   -19612.023059    14514.983283   17.578585    5.946469    0.182549    5.672203
    0.691542    0.796164    0.028582   -0.100983    0.376338   -19770.201218    14576.000085   17.649186    5.974570    0.182549    5.672203
    0.694030    0.795750    0.030041   -0.105809    0.392741   -19931.639117    14636.500960   17.719753    6.002642    0.182549    5.672203
    0.696517    0.795316    0.031569   -0.110843    0.409725   -20096.458229    14696.463319   17.790281    6.030683    0.182549    5.672203
    0.699005    0.794859    0.033170   -0.116091    0.427297   -20264.781593    14755.863866   17.860770    6.058691    0.182549    5.672203
    0.701493    0.794380    0.034846   -0.121560    0.445465   -20436.733519    14814.678596   17.931218    6.086664    0.182549    5.672203
    0.703980    0.793876    0.036602   -0.127257    0.464235   -20612.439264    14872.882804   18.001622    6.114601    0.182549    5.672203
    0.706468    0.793347    0.038439   -0.133191    0.483611   -20792.024668    14930.451089   18.071980    6.142500    0.182549    5.672203
    0.708955    0.792791    0.040361   -0.139368    0.503598   -20975.615748    14987.357374   18.142290    6.170359    0.182549    5.672203
    0.711443    0.792207    0.042373   -0.145795    0.524196   -21163.338256    15043.574916   18.212549    6.198175    0.182549    5.672203
    0.713930    0.791595    0.044477   -0.152480    0.545405   -21355.317194    15099.076328   18.282756    6.225948    0.182549    5.672203
    0.716418    0.790952    0.046677   -0.159430    0.567224   -21551.676285    15153.833604   18.352907    6.253673    0.182549    5.672203
    0.718905    0.790278    0.048977   -0.166652    0.589647   -21752.537404    15207.818145   18.423000    6.281350    0.182549    5.672203
    0.721393    0.789570    0.051381   -0.174154    0.612668   -21958.019958    15261.000797   18.493031    6.308975    0.182549    5.672203
    0.723881    0.788828    0.053893   -0.181942    0.636278   -22168.240233    15313.351885   18.562998    6.336546    0.182549    5.672203
    0.726368    0.788050    0.056517   -0.190023    0.660465   -22383.310681    15364.841255   18.632898    6.364060    0.182549    5.672203
    0.728856    0.787233    0.059257   -0.198404    0.685215   -22603.339185    15415.438331   18.702727    6.391514    0.182549    5.672203
    0.731343    0.786378    0.062117   -0.207091    0.710511   -22828.428264    15465.112158   18.772482    6.418905    0.182549    5.672203
    0.733831    0.785481    0.065103   -0.216090    0.736331   -23058.674248    15513.831473   18.842159    6.446231    0.182549    5.672203
    0.736318    0.784541    0.068217   -0.225408    0.762653   -23294.166417    15561.564763   18.911755    6.473487    0.182549    5.672203
    0.738806    0.783557    0.071465   -0.235049    0.789448   -23534.986108    15608.280339   18.981265    6.500671    0.182549    5.672203
    0.741294    0.782526    0.074852   -0.245018    0.816687   -23781.205783    15653.946414   19.050687    6.527778    0.182549    5.672203
    0.743781    0.781446    0.078381   -0.255321    0.844335   -24032.888091    15698.531189   19.120014    6.554805    0.182549    5.672203
    0.746269    0.780315    0.082058   -0.265961    0.872355   -24290.084896    15742.002936   19.189244    6.581748    0.182549    5.672203
    0.748756    0.779132    0.085888   -0.276942    0.900704   -24552.836306    15784.330099   19.258371    6.608604    0.182549    5.672203
    0.751244    0.777894    0.089875   -0.288267    0.929337   -24821.169695    15825.481391   19.327391    6.635367    0.182549    5.672203
    0.753731    0.776598    0.094025   -0.299939    0.958205   -25095.098728    15865.425901   19.396299    6.662033    0.182549    5.672203
    0.756219    0.775244    0.098341   -0.311958    0.987255   -25374.622406    15904.133204   19.465089    6.688597    0.182549    5.672203
    0.758706    0.773827    0.102830   -0.324326    1.016430   -25659.724135    15941.573473   19.533756    6.715056    0.182549    5.672203
    0.761194    0.772346    0.107495   -0.337044    1.045670   -25950.370829    15977.717601   19.602295    6.741403    0.182549    5.672203
    0.763682    0.770798    0.112343   -0.350110    1.074912   -26246.512062    16012.537320   19.670699    6.767633    0.182549    5.672203
    0.766169    0.769182    0.117377   -0.363523    1.104087   -26548.079280    16046.005326   19.738964    6.793742    0.182549    5.672203
    0.768657    0.767493    0.122603   -0.377280    1.133126   -26854.985086    16078.095404   19.807082    6.819723    0.182549    5.672203
    0.771144    0.765729    0.128025   -0.391380    1.161956   -27167.122607    16108.782554   19.875046    6.845570    0.182549    5.672203
    0.773632    0.763889    0.133649   -0.405816    1.190500   -27484.364958    16138.043115   19.942851    6.871278    0.182549    5.672203
    0.776119    0.761968    0.139479   -0.420584    1.218683   -27806.564817    16165.854895   20.010490    6.896839    0.182549    5.672203
    0.778607    0.759965    0.145519   -0.435679    1.246423   -28133.554122    16192.197288   20.077954    6.922248    0.182549    5.672203
    0.781095    0.757875    0.151775   -0.451091    1.273640   -28465.143892    16217.051398   20.145237    6.947498    0.182549    5.672203
    0.783582    0.755697    0.158251   -0.466814    1.300252   -28801.124202    16240.400149   20.212331    6.972582    0.182549    5.672203
    0.786070    0.753427    0.164950   -0.482838    1.326177   -29141.264299    16262.228396   20.279228    6.997493    0.182549    5.672203
    0.788557    0.751062    0.171878   -0.499153    1.351333   -29485.312881    16282.523029   20.345919    7.022222    0.182549    5.672203
    0.791045    0.748599    0.179037   -0.515746    1.375639   -29832.998542    16301.273065   20.412397    7.046763    0.182549    5.672203
    0.793532    0.746036    0.186433   -0.532607    1.399014   -30184.030378    16318.469730   20.478651    7.071108    0.182549    5.672203
    0.796020    0.743368    0.194069   -0.549721    1.421382   -30538.098770    16334.106542   20.544674    7.095248    0.182549    5.672203
    0.798507    0.740592    0.201947   -0.567074    1.442665   -30894.876334    16348.179363   20.610455    7.119176    0.182549    5.672203
    0.800995    0.737706    0.210073   -0.584651    1.462792   -31254.019036    16360.686462   20.675986    7.142883    0.182549    5.672203
    0.803483    0.734706    0.218447   -0.602437    1.481694   -31615.167471    16371.628545   20.741255    7.166360    0.182549    5.672203
    0.805970    0.731589    0.227074   -0.620413    1.499306   -31977.948291    16381.008781   20.806254    7.189598    0.182549    5.672203
    0.808458    0.728352    0.235956   -0.638563    1.515570   -32341.975780    16388.832815   20.870970    7.212589    0.182549    5.672203
    0.810945    0.724991    0.245095   -0.656869    1.530431   -32706.853556    16395.108764   20.935395    7.235323    0.182549    5.672203
    0.813433    0.721504    0.254493   -0.675311    1.543840   -33072.176390    16399.847194   20.999516    7.257792    0.182549    5.672203
    0.815920    0.717886    0.264153   -0.693871    1.555756   -33437.532125    16403.061089   21.063321    7.279985    0.182549    5.672203
    0.818408    0.714135    0.274075   -0.712529    1.566143   -33802.503667    16404.765802   21.126801    7.301893    0.182549    5.672203
    0.820896    0.710247    0.284261   -0.731264    1.574974   -34166.671042    16404.978990   21.189941    7.323507    0.182549    5.672203
    0.823383    0.706219    0.294711   -0.750057    1.582226   -34529.613492    16403.720539   21.252731    7.344818    0.182549    5.672203
    0.825871    0.702049    0.305427   -0.768887    1.587887   -34890.911577    16401.012472   21.315157    7.365814    0.182549    5.672203
    0.828358    0.697733    0.316409   -0.787733    1.591950   -35250.149280    16396.878845   21.377208    7.386488    0.182549    5.672203
    0.830846    0.693267    0.327657   -0.806577    1.594416   -35606.916077    16391.345631   21.438869    7.406829    0.182549    5.672203
    0.833333    0.688650    0.339171   -0.825396    1.595295   -35960.808957    16384.440599   21.500127    7.426827    0.182549    5.672203
    0.835821    0.683877    0.350950   -0.844172    1.594603   -36311.434368    16376.193170   21.560969    7.446474    0.182549    5.672203
    0.838308    0.678947    0.362993   -0.862886    1.592362   -36658.410071    16366.634282   21.621381    7.465760    0.182549    5.672203
    0.840796    0.673856    0.375300   -0.881517    1.588605   -37001.366886    16355.796234   21.681349    7.484676    0.182549    5.672203
    0.843284    0.668602    0.387869   -0.900047    1.583367   -37339.950302    16343.712532   21.740859    7.503212    0.182549    5.672203
    0.845771    0.663182    0.400699   -0.918459    1.576691   -37673.821956    16330.417728   21.799895    7.521360    0.182549    5.672203
    0.848259    0.657594    0.413787   -0.936735    1.568628   -38002.660949    16315.947260   21.858443    7.539112    0.182549    5.672203
    0.850746    0.651835    0.427132   -0.954858    1.559231   -38326.165004    16300.337285   21.916488    7.556459    0.182549    5.672203
    0.853234    0.645903    0.440732   -0.972814    1.548559   -38644.051452    16283.624515   21.974015    7.573394    0.182549    5.672203
    0.855721    0.639795    0.454584   -0.990586    1.536675   -38956.058042    16265.846058   22.031009    7.589909    0.182549    5.672203
    0.858209    0.633511    0.468686   -1.008162    1.523648   -39261.943578    16247.039255   22.087453    7.605996    0.182549    5.672203
    0.860697    0.627047    0.483033   -1.025528    1.509547   -39561.488376    16227.241526   22.143332    7.621650    0.182549    5.672203
    0.863184    0.620403    0.497625   -1.042673    1.494444   -39854.494553    16206.490221   22.198630    7.636865    0.182549    5.672203
    0.865672    0.613576    0.512457   -1.059584    1.478416   -40140.786144    16184.822468   22.253331    7.651634    0.182549    5.672203
    0.868159    0.606566    0.527525   -1.076253    1.461537   -40420.209060    16162.275046   22.307418    7.665952    0.182549    5.672203
    0.870647    0.599370    0.542827   -1.092670    1.443885   -40692.630900    16138.884243   22.360876    7.679816    0.182549    5.672203
    0.873134    0.591988    0.558359   -1.108827    1.425537   -40957.940610    16114.685739   22.413688    7.693222    0.182549    5.672203
    0.875622    0.584419    0.574117   -1.124717    1.406571   -41216.048025    16089.714492   22.465836    7.706166    0.182549    5.672203
    0.878109    0.576662    0.590097   -1.140335    1.387063   -41466.883283    16064.004630   22.517306    7.718646    0.182549    5.672203
    0.880597    0.568716    0.606296   -1.155675    1.367090   -41710.396139    16037.589354   22.568079    7.730661    0.182549    5.672203
    0.883085    0.560581    0.622709   -1.170734    1.346724   -41946.555191    16010.500852   22.618140    7.742210    0.182549    5.672203
    0.885572    0.552257    0.639332   -1.185508    1.326040   -42175.347020    15982.770220   22.667471    7.753292    0.182549    5.672203
    0.888060    0.543744    0.656162   -1.199995    1.305106   -42396.775271    15954.427392   22.716056    7.763909    0.182549    5.672203
    0.890547    0.535041    0.673195   -1.214194    1.283992   -42610.859682    15925.501079   22.763877    7.774061    0.182549    5.672203
    0.893035    0.526149    0.690425   -1.228104    1.262763   -42817.635073    15896.018718   22.810919    7.783752    0.182549    5.672203
    0.895522    0.517069    0.707850   -1.241726    1.241481   -43017.150307    15866.006424   22.857163    7.792984    0.182549    5.672203
    0.898010    0.507801    0.725466   -1.255061    1.220207   -43209.467237    15835.488961   22.902595    7.801762    0.182549    5.672203
    0.900498    0.498346    0.743267   -1.268111    1.198997   -43394.659647    15804.489707   22.947197    7.810091    0.182549    5.672203
    0.902985    0.488705    0.761250   -1.280878    1.177906   -43572.812194    15773.030635   22.990952    7.817975    0.182549    5.672203
    0.905473    0.478879    0.779412   -1.293364    1.156983   -43744.019371    15741.132298   23.033844    7.825422    0.182549    5.672203
    0.907960    0.468871    0.797747   -1.305575    1.136277   -43908.384478    15708.813821   23.075857    7.832439    0.182549    5.672203
    0.910448    0.458680    0.816254   -1.317514    1.115833   -44066.018629    15676.092895   23.116974    7.839035    0.182549    5.672203
    0.912935    0.448311    0.834926   -1.329185    1.095690   -44217.039790    15642.985782   23.157180    7.845218    0.182549    5.672203
    0.915423    0.437763    0.853762   -1.340594    1.075889   -44361.571847    15609.507319   23.196459    7.850999    0.182549    5.672203
    0.917910    0.427040    0.872757   -1.351746    1.056464   -44499.743726    15575.670930   23.234795    7.856387    0.182549    5.672203
    0.920398    0.416145    0.891907   -1.362648    1.037448   -44631.688549    15541.488642   23.272173    7.861394    0.182549    5.672203
    0.922886    0.405079    0.911209   -1.373305    1.018871   -44757.542837    15506.971099   23.308577    7.866032    0.182549    5.672203
    0.925373    0.393845    0.930660   -1.383725    1.000760   -44877.445765    15472.127587   23.343993    7.870313    0.182549    5.672203
    0.927861    0.382447    0.950257   -1.393913    0.983140   -44991.538460    15436.966055   23.378406    7.874250    0.182549    5.672203
    0.930348    0.370887    0.969995   -1.403878    0.966033   -45099.963352    15401.493140   23.411800    7.877857    0.182549    5.672203
    0.932836    0.359170    0.989873   -1.413626    0.949459   -45202.863577    15365.714197   23.444163    7.881149    0.182549    5.672203
    0.935323    0.347298    1.009887   -1.423165    0.933437   -45300.382414    15329.633324   23.475481    7.884139    0.182549    5.672203
    0.937811    0.335275    1.030034   -1.432502    0.917981   -45392.662791    15293.253397   23.505739    7.886842    0.182549    5.672203
    0.940299    0.323106    1.050311   -1.441646    0.903108   -45479.846818    15256.576100   23.534924    7.889274    0.182549    5.672203
    0.942786    0.310794    1.070716   -1.450604    0.888828   -45562.075373    15219.601953   23.563025    7.891450    0.182549    5.672203
    0.945274    0.298343    1.091246   -1.459384    0.875152   -45639.487733    15182.330353   23.590027    7.893385    0.182549    5.672203
    0.947761    0.285758    1.111899   -1.467995    0.862090   -45712.221244    15144.759603   23.615920    7.895096    0.182549    5.672203
    0.950249    0.273044    1.132672   -1.476444    0.849648   -45780.411022    15106.886946   23.640692    7.896597    0.182549    5.672203
    0.952736    0.260206    1.153563   -1.484739    0.837834   -45844.189709    15068.708603   23.664330    7.897905    0.182549    5.672203
    0.955224    0.247247    1.174571   -1.492890    0.826652   -45903.687249    15030.219803   23.686825    7.899035    0.182549    5.672203
    0.957711    0.234174    1.195692   -1.500904    0.816104   -45959.030701    14991.414825   23.708166    7.900002    0.182549    5.672203
    0.960199    0.220991    1.216925   -1.508790    0.806192   -46010.344094    14952.287029   23.728344    7.900821    0.182549    5.672203
    0.962687    0.207704    1.238269   -1.516556    0.796916   -46057.748297    14912.828894   23.747347    7.901507    0.182549    5.672203
    0.965174    0.194319    1.259722   -1.524210    0.788272   -46101.360931    14873.032053   23.765169    7.902074    0.182549    5.672203
    0.967662    0.180841    1.281282   -1.531760    0.780254   -46141.296302    14832.887331   23.781800    7.902536    0.182549    5.672203
    0.970149    0.167275    1.302948   -1.539216    0.772850   -46177.665367    14792.384781   23.797231    7.902906    0.182549    5.672203
    0.972637    0.153629    1.324718   -1.546585    0.766042   -46210.575727    14751.513722   23.811457    7.903197    0.182549    5.672203
    0.975124    0.139908    1.346592   -1.553876    0.759799   -46240.131647    14710.262776   23.824469    7.903420    0.182549    5.672203
    0.977612    0.126117    1.368568   -1.561097    0.754071   -46266.434116    14668.619909   23.836262    7.903586    0.182549    5.672203
    0.980100    0.112265    1.390645   -1.568256    0.748771   -46289.580945    14626.572466   23.846829    7.903706    0.182549    5.672203
    0.982587    0.098356    1.412824   -1.575361    0.743738   -46309.666904    14584.107212   23.856166    7.903789    0.182549    5.672203
    0.985075    0.084399    1.435102   -1.582420    0.738653   -46326.783948    14541.210374   23.864268    7.903844    0.182549    5.672203
    0.987562    0.070398    1.457479   -1.589438    0.732809   -46341.021520    14497.867680   23.871130    7.903877    0.182549    5.672203
    0.990050    0.056362    1.479955   -1.596415    0.724400   -46352.467036    14454.064404   23.876749    7.903895    0.182549    5.672203
    0.992537    0.042297    1.502530   -1.603328    0.708096   -46361.206664    14409.785404   23.881122    7.903904    0.182549    5.672203
    0.995025    0.028210    1.525200   -1.610070    0.665691   -46367.326749    14365.015169   23.884248    7.903907    0.182549    5.672203
    0.997512    0.014109    1.547963   -1.616167    0.527265   -46370.916970    14319.737867   23.886124    7.903908    0.182549    5.672203
    1.000000    0.000000    1.570796   -1.619489    0.000000   -46372.081127    14273.937384   23.886749    7.903908    0.182549    5.672203
