           t           r         psi          cs          qs               p             sig           A           V          Q2           S
    0.000000   -0.000000   -1.570796   -0.892975    0.000000     -223.554383      130.648025   -0.000000    0.000000    0.163406    3.129463
    0.009804    0.030677   -1.543382   -0.894556    0.132659     -223.586391      129.598446    0.002957    0.000001    0.163406    3.129463
    0.019608    0.061331   -1.515877   -0.898811    0.237788     -223.687330      128.572703    0.011826    0.000010    0.163406    3.129463
    0.029412    0.091939   -1.488208   -0.905189    0.323819     -223.863821      127.569012    0.026600    0.000050    0.163406    3.129463
    0.039216    0.122476   -1.460315   -0.913320    0.396923     -224.122938      126.585684    0.047268    0.000159    0.163406    3.129463
    0.049020    0.152918   -1.432149   -0.922966    0.461668     -224.472628      125.621135    0.073815    0.000389    0.163406    3.129463
    0.058824    0.183241   -1.403666   -0.933987    0.521477     -224.921918      124.673898    0.106218    0.000807    0.163406    3.129463
    0.068627    0.213417   -1.374825   -0.946319    0.578959     -225.481089      123.742642    0.144454    0.001496    0.163406    3.129463
    0.078431    0.243419   -1.345585   -0.959951    0.636137     -226.161863      122.826184    0.188490    0.002552    0.163406    3.129463
    0.088235    0.273219   -1.315906   -0.974916    0.694604     -226.977601      121.923518    0.238291    0.004086    0.163406    3.129463
    0.098039    0.302788   -1.285748   -0.991284    0.755635     -227.943526      121.033840    0.293814    0.006224    0.163406    3.129463
    0.107843    0.332095   -1.255064   -1.009151    0.820254     -229.076972      120.156578    0.355013    0.009104    0.163406    3.129463
    0.117647    0.361106   -1.223807   -1.028638    0.889268     -230.397647      119.291439    0.421834    0.012878    0.163406    3.129463
    0.127451    0.389788   -1.191927   -1.049880    0.963281     -231.927923      118.438460    0.494216    0.017709    0.163406    3.129463
    0.137255    0.418104   -1.159365   -1.073029    1.042674     -233.693125      117.598069    0.572093    0.023771    0.163406    3.129463
    0.147059    0.446016   -1.126062   -1.098240    1.127568     -235.721818      116.771167    0.655390    0.031249    0.163406    3.129463
    0.156863    0.473483   -1.091952   -1.125670    1.217757     -238.046041      115.959231    0.744025    0.040335    0.163406    3.129463
    0.166667    0.500462   -1.056965   -1.155463    1.312615     -240.701460      115.164432    0.837909    0.051229    0.163406    3.129463
    0.176471    0.526905   -1.021025   -1.187741    1.410971     -243.727356      114.389795    0.936943    0.064136    0.163406    3.129463
    0.186275    0.552764   -0.984056   -1.222588    1.510960     -247.166328      113.639381    1.041020    0.079262    0.163406    3.129463
    0.196078    0.577986   -0.945978   -1.260022    1.609837     -251.063559      112.918522    1.150020    0.096815    0.163406    3.129463
    0.205882    0.602514   -0.906713   -1.299978    1.703778     -255.465410      112.234095    1.263817    0.117000    0.163406    3.129463
    0.215686    0.626287   -0.866185   -1.342265    1.787659     -260.417000      111.594851    1.382270    0.140012    0.163406    3.129463
    0.225490    0.649241   -0.824328   -1.386532    1.854862     -265.958376      111.011800    1.505229    0.166036    0.163406    3.129463
    0.235294    0.671309   -0.781090   -1.432226    1.897124     -272.118712      110.498628    1.632528    0.195242    0.163406    3.129463
    0.245098    0.692419   -0.736438   -1.478534    1.904501     -278.907966      110.072154    1.763990    0.227774    0.163406    3.129463
    0.254902    0.712498   -0.690369   -1.524346    1.865523     -286.305405      109.752763    1.899423    0.263750    0.163406    3.129463
    0.264706    0.731471   -0.642921   -1.568208    1.767637     -294.244703      109.564747    2.038622    0.303247    0.163406    3.129463
    0.274510    0.749262   -0.594179   -1.608302    1.598053     -302.595919      109.536457    2.181365    0.346305    0.163406    3.129463
    0.284314    0.765799   -0.544293   -1.642452    1.345085     -311.145880      109.700088    2.327418    0.392908    0.163406    3.129463
    0.294118    0.781015   -0.493481   -1.668173    1.000014     -319.580394      110.090906    2.476533    0.442988    0.163406    3.129463
    0.303922    0.794848   -0.442044   -1.682787    0.559397     -327.474154      110.745682    2.628449    0.496415    0.163406    3.129463
    0.313725    0.807251   -0.390363   -1.683603    0.027521     -334.296494      111.700166    2.782894    0.552999    0.163406    3.129463
    0.323529    0.818189   -0.338901   -1.668164   -0.581486     -339.441857      112.985539    2.939590    0.612495    0.163406    3.129463
    0.333333    0.827649   -0.288187   -1.634551   -1.242611     -342.290888      114.624085    3.098251    0.674602    0.163406    3.129463
    0.343137    0.835635   -0.238799   -1.581695   -1.920683     -342.300011      116.624642    3.258594    0.738982    0.163406    3.129463
    0.352941    0.842177   -0.191328   -1.509636   -2.573338     -339.105102      118.978770    3.420337    0.805269    0.163406    3.129463
    0.362745    0.847325   -0.146348   -1.419673   -3.156048     -332.613130      121.658691    3.583205    0.873089    0.163406    3.129463
    0.372549    0.851152   -0.104371   -1.314355   -3.628344     -323.051765      124.617845    3.746937    0.942074    0.163406    3.129463
    0.382353    0.853751   -0.065817   -1.197280   -3.959741     -310.956357      127.794322    3.911287    1.011876    0.163406    3.129463
    0.392157    0.855225   -0.030980   -1.072754   -4.133850     -297.094205      131.116586    4.076027    1.082183    0.163406    3.129463
    0.401961    0.855691   -0.000020   -0.945361   -4.149693     -282.347914      134.510297    4.240953    1.152722    0.163406    3.129463
    0.411765    0.855266    0.027045   -0.819533   -4.020157     -267.591468      137.904803    4.405881    1.223265    0.163406    3.129463
    0.421569    0.854070    0.050325   -0.699194   -3.768338     -253.589601      141.238155    4.570651    1.293627    0.163406    3.129463
    0.431373    0.852216    0.070038   -0.587522   -3.422978     -240.937304      144.460084    4.735124    1.363661    0.163406    3.129463
    0.441176    0.849810    0.086489   -0.486847   -3.014119     -230.040634      147.532959    4.899186    1.433258    0.163406    3.129463
    0.450980    0.846945    0.100040   -0.398656   -2.569719     -221.129189      150.431172    5.062738    1.502335    0.163406    3.129463
    0.460784    0.843707    0.111087   -0.323679   -2.113525     -214.286854      153.139533    5.225701    1.570830    0.163406    3.129463
    0.470588    0.840164    0.120038   -0.262026   -1.664126     -209.488875      155.651219    5.388009    1.638701    0.163406    3.129463
    0.480392    0.836376    0.127298   -0.213336   -1.234912     -206.637188      157.965692    5.549610    1.705917    0.163406    3.129463
    0.490196    0.832387    0.133254   -0.176918   -0.834613     -205.589825      160.086819    5.710460    1.772454    0.163406    3.129463
    0.500000    0.828233    0.138270   -0.151870   -0.468120     -206.183112      162.021324    5.870525    1.838295    0.163406    3.129463
    0.509804    0.823936    0.142679   -0.137186   -0.137387     -208.247124      163.777579    6.029775    1.903425    0.163406    3.129463
    0.519608    0.819511    0.146784   -0.131823    0.157727     -211.615567      165.364720    6.188185    1.967830    0.163406    3.129463
    0.529412    0.814962    0.150853   -0.134753    0.418748     -216.131474      166.792026    6.345729    2.031494    0.163406    3.129463
    0.539216    0.810287    0.155127   -0.145000    0.648012     -221.649948      168.068515    6.502384    2.094403    0.163406    3.129463
    0.549020    0.805477    0.159816   -0.161656    0.848251     -228.038951      169.202704    6.658126    2.156537    0.163406    3.129463
    0.558824    0.800516    0.165104   -0.183887    1.022289     -235.178877      170.202480    6.812925    2.217872    0.163406    3.129463
    0.568627    0.795384    0.171149   -0.210940    1.172850     -242.961443      171.075065    6.966753    2.278382    0.163406    3.129463
    0.578431    0.790056    0.178090   -0.242134    1.302441     -251.288267      171.827031    7.119572    2.338035    0.163406    3.129463
    0.588235    0.784504    0.186043   -0.276859    1.413288     -260.069348      172.464360    7.271344    2.396793    0.163406    3.129463
    0.598039    0.778695    0.195109   -0.314564    1.507321     -269.221633      172.992519    7.422020    2.454614    0.163406    3.129463
    0.607843    0.772595    0.205371   -0.354753    1.586180     -278.667745      173.416556    7.571550    2.511450    0.163406    3.129463
    0.617647    0.766169    0.216898   -0.396975    1.651245     -288.334931      173.741193    7.719873    2.567245    0.163406    3.129463
    0.627451    0.759377    0.229746   -0.440819    1.703666     -298.154270      173.970920    7.866922    2.621939    0.163406    3.129463
    0.637255    0.752182    0.243960   -0.485911    1.744410     -308.060130      174.110075    8.012624    2.675465    0.163406    3.129463
    0.647059    0.744542    0.259572   -0.531902    1.774301     -317.989876      174.162922    8.156897    2.727752    0.163406    3.129463
    0.656863    0.736419    0.276605   -0.578475    1.794060     -327.883805      174.133707    8.299650    2.778722    0.163406    3.129463
    0.666667    0.727772    0.295071   -0.625333    1.804343     -337.685274      174.026701    8.440788    2.828294    0.163406    3.129463
    0.676471    0.718561    0.314977   -0.672204    1.805773     -347.340975      173.846227    8.580206    2.876384    0.163406    3.129463
    0.686275    0.708749    0.336317   -0.718837    1.798962     -356.801315      173.596669    8.717790    2.922903    0.163406    3.129463
    0.696078    0.698299    0.359081   -0.765003    1.784530     -366.020844      173.282468    8.853422    2.967765    0.163406    3.129463
    0.705882    0.687174    0.383252   -0.810496    1.763120     -374.958686      172.908106    8.986975    3.010880    0.163406    3.129463
    0.715686    0.675342    0.408806   -0.855130    1.735399     -383.578920      172.478071    9.118316    3.052162    0.163406    3.129463
    0.725490    0.662772    0.435714   -0.898745    1.702063     -391.850886      171.996825    9.247306    3.091530    0.163406    3.129463
    0.735294    0.649435    0.463943   -0.941199    1.663824     -399.749371      171.468759    9.373798    3.128905    0.163406    3.129463
    0.745098    0.635306    0.493455   -0.982378    1.621409     -407.254671      170.898149    9.497644    3.164219    0.163406    3.129463
    0.754902    0.620363    0.524210   -1.022187    1.575547     -414.352517      170.289109    9.618688    3.197411    0.163406    3.129463
    0.764706    0.604587    0.556164   -1.060554    1.526954     -421.033873      169.645554    9.736771    3.228432    0.163406    3.129463
    0.774510    0.587964    0.589272   -1.097428    1.476323     -427.294617      168.971159    9.851731    3.257246    0.163406    3.129463
    0.784314    0.570482    0.623488   -1.132779    1.424314     -433.135129      168.269327    9.963404    3.283830    0.163406    3.129463
    0.794118    0.552135    0.658766   -1.166593    1.371536     -438.559806      167.543166   10.071624    3.308181    0.163406    3.129463
    0.803922    0.532919    0.695057   -1.198876    1.318547     -443.576531      166.795470   10.176223    3.330308    0.163406    3.129463
    0.813725    0.512838    0.732316   -1.229645    1.265838     -448.196123      166.028703   10.277035    3.350241    0.163406    3.129463
    0.823529    0.491896    0.770496   -1.258933    1.213830     -452.431783      165.245000   10.373892    3.368029    0.163406    3.129463
    0.833333    0.470104    0.809552   -1.286781    1.162869     -456.298567      164.446160   10.466630    3.383736    0.163406    3.129463
    0.843137    0.447477    0.849441   -1.313240    1.113219     -459.812888      163.633654   10.555087    3.397448    0.163406    3.129463
    0.852941    0.424034    0.890121   -1.338367    1.065056     -462.992064      162.808632   10.639102    3.409265    0.163406    3.129463
    0.862745    0.399798    0.931553   -1.362222    1.018459     -465.853919      161.971932   10.718521    3.419303    0.163406    3.129463
    0.872549    0.374798    0.973698   -1.384869    0.973399     -468.416439      161.124097   10.793195    3.427693    0.163406    3.129463
    0.882353    0.349065    1.016519   -1.406366    0.929724     -470.697479      160.265387   10.862977    3.434577    0.163406    3.129463
    0.892157    0.322635    1.059984   -1.426771    0.887132     -472.714529      159.395792   10.927731    3.440107    0.163406    3.129463
    0.901961    0.295550    1.104058   -1.446130    0.845133     -474.484524      158.515054   10.987327    3.444441    0.163406    3.129463
    0.911765    0.267852    1.148711   -1.464478    0.802999     -476.023708      157.622681   11.041641    3.447738    0.163406    3.129463
    0.921569    0.239590    1.193911   -1.481828    0.759690     -477.347526      156.717962   11.090560    3.450160    0.163406    3.129463
    0.931373    0.210814    1.239629   -1.498167    0.713744     -478.470567      155.799985   11.133981    3.451862    0.163406    3.129463
    0.941176    0.181581    1.285831   -1.513439    0.663126     -479.406527      154.867655   11.171810    3.452993    0.163406    3.129463
    0.950980    0.151947    1.332484   -1.527534    0.605023     -480.168214      153.919708   11.203964    3.453692    0.163406    3.129463
    0.960784    0.121974    1.379550   -1.540260    0.535542     -480.767572      152.954734   11.230371    3.454082    0.163406    3.129463
    0.970588    0.091725    1.426981   -1.551316    0.449301     -481.215745      151.971187   11.250973    3.454270    0.163406    3.129463
    0.980392    0.061268    1.474720   -1.560242    0.338848     -481.523194      150.967407   11.265722    3.454340    0.163406    3.129463
    0.990196    0.030669    1.522692   -1.566362    0.193857     -481.699917      149.941642   11.274586    3.454356    0.163406    3.129463
    1.000000    0.000000    1.570796   -1.568688    0.000000     -481.756104      148.892062   11.277542    3.454357    0.163406    3.129463
