           t           r         psi          cs          qs               p             sig           A           V          Q2           S
    0.000000    0.000000   -1.570796   -0.843431    0.000000      -31.403893       29.998493    0.000000    0.000000    0.237432    3.003576
    0.009804    0.029444   -1.545930   -0.846454    0.270366      -31.428805       29.214657    0.002724    0.000000    0.237432    3.003576
    0.019608    0.058869   -1.520890   -0.855171    0.519153      -31.506876       28.452935    0.010894    0.000008    0.237432    3.003576
    0.029412    0.088258   -1.495514   -0.869130    0.750220      -31.642731       27.712544    0.024506    0.000041    0.237432    3.003576
    0.039216    0.117589   -1.469656   -0.887960    0.966585      -31.841476       26.992825    0.043550    0.000129    0.237432    3.003576
    0.049020    0.146843   -1.443174   -0.911359    1.170528      -32.108978       26.293263    0.068014    0.000315    0.237432    3.003576
    0.058824    0.175996   -1.415940   -0.939070    1.363669      -32.451993       25.613503    0.097881    0.000658    0.237432    3.003576
    0.068627    0.205023   -1.387829   -0.970870    1.547023      -32.878267       24.953372    0.133131    0.001225    0.237432    3.003576
    0.078431    0.233897   -1.358724   -1.006551    1.721032      -33.396621       24.312908    0.173738    0.002103    0.237432    3.003576
    0.088235    0.262587   -1.328514   -1.045910    1.885589      -34.017030       23.692388    0.219671    0.003392    0.237432    3.003576
    0.098039    0.291059   -1.297093   -1.088735    2.040050      -34.750685       23.092368    0.270893    0.005205    0.237432    3.003576
    0.107843    0.319275   -1.264362   -1.134791    2.183232      -35.610021       22.513725    0.327359    0.007674    0.237432    3.003576
    0.117647    0.347194   -1.230231   -1.183808    2.313416      -36.608711       21.957707    0.389019    0.010946    0.237432    3.003576
    0.127451    0.374770   -1.194618   -1.235465    2.428344      -37.761584       21.425994    0.455813    0.015180    0.237432    3.003576
    0.137255    0.401952   -1.157448   -1.289381    2.525221      -39.084445       20.920767    0.527674    0.020553    0.237432    3.003576
    0.147059    0.428684   -1.118663   -1.345098    2.600731      -40.593757       20.444785    0.604524    0.027252    0.237432    3.003576
    0.156863    0.454907   -1.078218   -1.402067    2.651059      -42.306122       20.001474    0.686273    0.035475    0.237432    3.003576
    0.166667    0.480554   -1.036085   -1.459641    2.671953      -44.237505       19.595020    0.772822    0.045427    0.237432    3.003576
    0.176471    0.505556   -0.992256   -1.517059    2.658808      -46.402132       19.230473    0.864057    0.057318    0.237432    3.003576
    0.186275    0.529838   -0.946750   -1.573439    2.606799      -48.810974       18.913843    0.959853    0.071353    0.237432    3.003576
    0.196078    0.553323   -0.899611   -1.627776    2.511071      -51.469758       18.652192    1.060069    0.087732    0.237432    3.003576
    0.205882    0.575930   -0.850915   -1.678936    2.366995      -54.376472       18.453703    1.164550    0.106641    0.237432    3.003576
    0.215686    0.597577   -0.800775   -1.725670    2.170497      -57.518379       18.327707    1.273127    0.128244    0.237432    3.003576
    0.225490    0.618182   -0.749341   -1.766628    1.918470      -60.868688       18.284646    1.385613    0.152676    0.237432    3.003576
    0.235294    0.637666   -0.696803   -1.800386    1.609244      -64.383157       18.335942    1.501809    0.180036    0.237432    3.003576
    0.245098    0.655954   -0.643395   -1.825488    1.243118      -67.997131       18.493738    1.621501    0.210383    0.237432    3.003576
    0.254902    0.672976   -0.589392   -1.840501    0.822879      -71.623728       18.770488    1.744460    0.243724    0.237432    3.003576
    0.264706    0.688672   -0.535113   -1.844084    0.354279      -75.154065       19.178359    1.870447    0.280016    0.237432    3.003576
    0.274510    0.702994   -0.480911   -1.835067   -0.153652      -78.460474       19.728455    1.999211    0.319166    0.237432    3.003576
    0.284314    0.715906   -0.427172   -1.812542   -0.688521      -81.403415       20.429895    2.130496    0.361025    0.237432    3.003576
    0.294118    0.727390   -0.374302   -1.775951   -1.234834      -83.842272       21.288798    2.264037    0.405400    0.237432    3.003576
    0.303922    0.737441   -0.322719   -1.725158   -1.774653      -85.649294       22.307313    2.399570    0.452056    0.237432    3.003576
    0.313725    0.746075   -0.272837   -1.660514   -2.288656      -86.724926       23.482815    2.536832    0.500730    0.237432    3.003576
    0.323529    0.753324   -0.225053   -1.582877   -2.757521      -87.011860       24.807438    2.675562    0.551137    0.237432    3.003576
    0.333333    0.759237   -0.179730   -1.493604   -3.163471      -86.504896       26.268059    2.815509    0.602983    0.237432    3.003576
    0.343137    0.763876   -0.137186   -1.394493   -3.491764      -85.254227       27.846790    2.956431    0.655976    0.237432    3.003576
    0.352941    0.767318   -0.097679   -1.287696   -3.731902      -83.361167       29.521943    3.098100    0.709839    0.237432    3.003576
    0.362745    0.769650   -0.061401   -1.175599   -3.878359      -80.967098       31.269352    3.240301    0.764310    0.237432    3.003576
    0.372549    0.770964   -0.028471   -1.060687   -3.930747      -78.237952       33.063857    3.382838    0.819157    0.237432    3.003576
    0.382353    0.771359    0.001063   -0.945416   -3.893431      -75.347305       34.880753    3.525532    0.874175    0.237432    3.003576
    0.392157    0.770934    0.027227   -0.832094   -3.774701      -72.461046       36.697037    3.668221    0.929190    0.237432    3.003576
    0.401961    0.769788    0.050108   -0.722785   -3.585688      -69.725692       38.492324    3.810763    0.984056    0.237432    3.003576
    0.411765    0.768016    0.069851   -0.619249   -3.339185      -67.261220       40.249413    3.953035    1.038655    0.237432    3.003576
    0.421569    0.765707    0.086648   -0.522906   -3.048553      -65.158294       41.954495    4.094927    1.092896    0.237432    3.003576
    0.431373    0.762946    0.100728   -0.434830   -2.726803      -63.478970       43.597090    4.236349    1.146706    0.237432    3.003576
    0.441176    0.759809    0.112346   -0.355762   -2.385912      -62.259776       45.169771    4.377224    1.200032    0.237432    3.003576
    0.450980    0.756365    0.121773   -0.286142   -2.036379      -61.516028       46.667778    4.517489    1.252836    0.237432    3.003576
    0.460784    0.752674    0.129292   -0.226146   -1.687005      -61.246509       48.088561    4.657093    1.305089    0.237432    3.003576
    0.470588    0.748787    0.135186   -0.175731   -1.344832      -61.437911       49.431335    4.795996    1.356773    0.237432    3.003576
    0.480392    0.744749    0.139733   -0.134681   -1.015226      -62.068708       50.696659    4.934165    1.407877    0.237432    3.003576
    0.490196    0.740595    0.143206   -0.102644   -0.702025      -63.112304       51.886062    5.071576    1.458392    0.237432    3.003576
    0.500000    0.736352    0.145863   -0.079172   -0.407751      -64.539479       53.001733    5.208209    1.508317    0.237432    3.003576
    0.509804    0.732041    0.147948   -0.063753   -0.133818      -66.320177       54.046264    5.344051    1.557647    0.237432    3.003576
    0.519608    0.727674    0.149691   -0.055837    0.119242      -68.424753       55.022450    5.479090    1.606382    0.237432    3.003576
    0.529412    0.723259    0.151304   -0.054858    0.351583      -70.824787       55.933133    5.613316    1.654521    0.237432    3.003576
    0.539216    0.718797    0.152984   -0.060254    0.563862      -73.493560       56.781092    5.746722    1.702060    0.237432    3.003576
    0.549020    0.714282    0.154910   -0.071471    0.757090      -76.406281       57.568955    5.879297    1.748997    0.237432    3.003576
    0.558824    0.709706    0.157245   -0.087982    0.932503      -79.540140       58.299153    6.011031    1.795324    0.237432    3.003576
    0.568627    0.705054    0.160139   -0.109287    1.091455      -82.874224       58.973882    6.141911    1.841035    0.237432    3.003576
    0.578431    0.700308    0.163724   -0.134917    1.235342      -86.389364       59.595087    6.271923    1.886117    0.237432    3.003576
    0.588235    0.695447    0.168123   -0.164439    1.365537      -90.067911       60.164464    6.401046    1.930555    0.237432    3.003576
    0.598039    0.690445    0.173443   -0.197452    1.483344      -93.893491       60.683464    6.529257    1.974332    0.237432    3.003576
    0.607843    0.685273    0.179782   -0.233588    1.589966      -97.850739       61.153313    6.656527    2.017425    0.237432    3.003576
    0.617647    0.679903    0.187227   -0.272509    1.686485     -101.925031       61.575031    6.782823    2.059808    0.237432    3.003576
    0.627451    0.674300    0.195855   -0.313907    1.773852     -106.102229       61.949462    6.908104    2.101448    0.237432    3.003576
    0.637255    0.668430    0.205736   -0.357498    1.852879     -110.368434       62.277306    7.032324    2.142312    0.237432    3.003576
    0.647059    0.662256    0.216929   -0.403021    1.924244     -114.709768       62.559150    7.155431    2.182357    0.237432    3.003576
    0.656863    0.655741    0.229488   -0.450236    1.988494     -119.112186       62.795506    7.277364    2.221541    0.237432    3.003576
    0.666667    0.648846    0.243459   -0.498918    2.046062     -123.561330       62.986843    7.398058    2.259812    0.237432    3.003576
    0.676471    0.641531    0.258883   -0.548857    2.097272     -128.042415       63.133624    7.517437    2.297119    0.237432    3.003576
    0.686275    0.633756    0.275794   -0.599856    2.142361     -132.540175       63.236336    7.635422    2.333402    0.237432    3.003576
    0.696078    0.625480    0.294219   -0.651727    2.181490     -137.038853       63.295521    7.751921    2.368602    0.237432    3.003576
    0.705882    0.616664    0.314183   -0.704290    2.214765     -141.522244       63.311798    7.866841    2.402655    0.237432    3.003576
    0.715686    0.607267    0.335703   -0.757374    2.242249     -145.973787       63.285887    7.980076    2.435494    0.237432    3.003576
    0.725490    0.597249    0.358791   -0.810814    2.263985     -150.376709       63.218620    8.091515    2.467054    0.237432    3.003576
    0.735294    0.586574    0.383456   -0.864448    2.280001     -154.714203       63.110953    8.201041    2.497268    0.237432    3.003576
    0.745098    0.575204    0.409702   -0.918124    2.290331     -158.969643       62.963964    8.308528    2.526069    0.237432    3.003576
    0.754902    0.563103    0.437527   -0.971695    2.295019     -163.126814       62.778854    8.413844    2.553397    0.237432    3.003576
    0.764706    0.550240    0.466926   -1.025017    2.294127     -167.170164       62.556935    8.516852    2.579191    0.237432    3.003576
    0.774510    0.536583    0.497890   -1.077957    2.287739     -171.085034       62.299613    8.617406    2.603401    0.237432    3.003576
    0.784314    0.522105    0.530406   -1.130385    2.275959     -174.857892       62.008374    8.715358    2.625982    0.237432    3.003576
    0.794118    0.506782    0.564456   -1.182183    2.258910     -178.476526       61.684756    8.810553    2.646897    0.237432    3.003576
    0.803922    0.490593    0.600022   -1.233235    2.236722     -181.930212       61.330326    8.902834    2.666123    0.237432    3.003576
    0.813725    0.473522    0.637078   -1.283438    2.209524     -185.209836       60.946651    8.992038    2.683648    0.237432    3.003576
    0.823529    0.455557    0.675599   -1.332692    2.177426     -188.307967       60.535275    9.078001    2.699474    0.237432    3.003576
    0.833333    0.436691    0.715555   -1.380905    2.140505     -191.218890       60.097687    9.160557    2.713619    0.237432    3.003576
    0.843137    0.416921    0.756914   -1.427990    2.098780     -193.938590       59.635301    9.239538    2.726117    0.237432    3.003576
    0.852941    0.396252    0.799642   -1.473865    2.052186     -196.464693       59.149428    9.314779    2.737018    0.237432    3.003576
    0.862745    0.374692    0.843703   -1.518445    2.000549     -198.796377       58.641259    9.386112    2.746390    0.237432    3.003576
    0.872549    0.352258    0.889056   -1.561647    1.943553     -200.934245       58.111846    9.453376    2.754315    0.237432    3.003576
    0.882353    0.328971    0.935659   -1.603378    1.880699     -202.880191       57.562091    9.516409    2.760892    0.237432    3.003576
    0.892157    0.304860    0.983469   -1.643536    1.811270     -204.637232       56.992731    9.575057    2.766234    0.237432    3.003576
    0.901961    0.279960    1.032436   -1.682002    1.734278     -206.209357       56.404332    9.629171    2.770464    0.237432    3.003576
    0.911765    0.254312    1.082510   -1.718632    1.648413     -207.601355       55.797287    9.678607    2.773714    0.237432    3.003576
    0.921569    0.227966    1.133633   -1.753247    1.551982     -208.818665       55.171817    9.723233    2.776124    0.237432    3.003576
    0.931373    0.200976    1.185743   -1.785629    1.442830     -209.867231       54.527967    9.762924    2.777832    0.237432    3.003576
    0.941176    0.173406    1.238771   -1.815498    1.318265     -210.753374       53.865617    9.797566    2.778976    0.237432    3.003576
    0.950980    0.145323    1.292637   -1.842510    1.174954     -211.483684       53.184490    9.827059    2.779687    0.237432    3.003576
    0.960784    0.116802    1.347251   -1.866227    1.008813     -212.064941       52.484159    9.851315    2.780087    0.237432    3.003576
    0.970588    0.087922    1.402508   -1.886104    0.814876     -212.504063       51.764066    9.870259    2.780279    0.237432    3.003576
    0.980392    0.058769    1.458286   -1.901465    0.587139     -212.808108       51.023530    9.883833    2.780352    0.237432    3.003576
    0.990196    0.029431    1.514440   -1.911466    0.318391     -212.984372       50.261774    9.891994    2.780368    0.237432    3.003576
    1.000000    0.000000    1.570796   -1.915069    0.000000     -213.040871       49.477936    9.894718    2.780370    0.237432    3.003576
