           t           r         psi          cs          qs               p             sig           A           V          Q2           S
    0.000000   -0.000000   -1.570796   -1.129644    0.000000        4.340252       -2.550507    0.000000    0.000000    0.003637    7.455459
    0.002488    0.018545   -1.549847   -1.129552   -0.013186        4.340252       -2.550508    0.001081    0.000000    0.003637    7.455459
    0.004975    0.037081   -1.528900   -1.129277   -0.026366        4.340252       -2.550509    0.004322    0.000002    0.003637    7.455459
    0.007463    0.055601   -1.507961   -1.128819   -0.039535        4.340252       -2.550510    0.009722    0.000008    0.003637    7.455459
    0.009950    0.074097   -1.487031   -1.128177   -0.052686        4.340252       -2.550511    0.017279    0.000027    0.003637    7.455459
    0.012438    0.092560   -1.466116   -1.127353   -0.065814        4.340251       -2.550512    0.026989    0.000065    0.003637    7.455459
    0.014925    0.110983   -1.445217   -1.126345   -0.078914        4.340251       -2.550513    0.038849    0.000135    0.003637    7.455459
    0.017413    0.129357   -1.424339   -1.125155   -0.091978        4.340251       -2.550514    0.052852    0.000250    0.003637    7.455459
    0.019900    0.147675   -1.403484   -1.123784   -0.105003        4.340251       -2.550515    0.068994    0.000425    0.003637    7.455459
    0.022388    0.165929   -1.382657   -1.122230   -0.117981        4.340250       -2.550516    0.087266    0.000680    0.003637    7.455459
    0.024876    0.184110   -1.361860   -1.120495   -0.130908        4.340250       -2.550517    0.107662    0.001033    0.003637    7.455459
    0.027363    0.202211   -1.341097   -1.118579   -0.143777        4.340249       -2.550517    0.130171    0.001507    0.003637    7.455459
    0.029851    0.220225   -1.320371   -1.116484   -0.156583        4.340249       -2.550518    0.154785    0.002126    0.003637    7.455459
    0.032338    0.238143   -1.299685   -1.114208   -0.169319        4.340248       -2.550519    0.181492    0.002916    0.003637    7.455459
    0.034826    0.255959   -1.279044   -1.111754   -0.181982        4.340247       -2.550520    0.210281    0.003905    0.003637    7.455459
    0.037313    0.273665   -1.258449   -1.109122   -0.194564        4.340246       -2.550521    0.241140    0.005122    0.003637    7.455459
    0.039801    0.291254   -1.237905   -1.106312   -0.207060        4.340245       -2.550522    0.274056    0.006597    0.003637    7.455459
    0.042289    0.308719   -1.217415   -1.103326   -0.219465        4.340244       -2.550523    0.309013    0.008363    0.003637    7.455459
    0.044776    0.326052   -1.196982   -1.100164   -0.231774        4.340243       -2.550524    0.345999    0.010452    0.003637    7.455459
    0.047264    0.343247   -1.176609   -1.096827   -0.243979        4.340242       -2.550525    0.384996    0.012898    0.003637    7.455459
    0.049751    0.360297   -1.156300   -1.093316   -0.256077        4.340241       -2.550526    0.425989    0.015736    0.003637    7.455459
    0.052239    0.377195   -1.136057   -1.089633   -0.268061        4.340239       -2.550526    0.468959    0.019002    0.003637    7.455459
    0.054726    0.393936   -1.115884   -1.085778   -0.279927        4.340238       -2.550527    0.513890    0.022731    0.003637    7.455459
    0.057214    0.410513   -1.095785   -1.081753   -0.291668        4.340236       -2.550528    0.560761    0.026960    0.003637    7.455459
    0.059701    0.426920   -1.075761   -1.077559   -0.303279        4.340234       -2.550529    0.609555    0.031724    0.003637    7.455459
    0.062189    0.443150   -1.055817   -1.073196   -0.314756        4.340232       -2.550530    0.660250    0.037061    0.003637    7.455459
    0.064677    0.459199   -1.035955   -1.068667   -0.326092        4.340230       -2.550531    0.712826    0.043007    0.003637    7.455459
    0.067164    0.475060   -1.016179   -1.063973   -0.337283        4.340227       -2.550532    0.767262    0.049597    0.003637    7.455459
    0.069652    0.490729   -0.996492   -1.059115   -0.348324        4.340224       -2.550533    0.823534    0.056868    0.003637    7.455459
    0.072139    0.506200   -0.976896   -1.054094   -0.359208        4.340221       -2.550534    0.881621    0.064853    0.003637    7.455459
    0.074627    0.521468   -0.957394   -1.048912   -0.369932        4.340218       -2.550535    0.941498    0.073588    0.003637    7.455459
    0.077114    0.536528   -0.937991   -1.043572   -0.380490        4.340215       -2.550536    1.003143    0.083105    0.003637    7.455459
    0.079602    0.551376   -0.918687   -1.038073   -0.390877        4.340211       -2.550537    1.066530    0.093437    0.003637    7.455459
    0.082090    0.566007   -0.899488   -1.032419   -0.401089        4.340207       -2.550539    1.131636    0.104614    0.003637    7.455459
    0.084577    0.580418   -0.880394   -1.026610   -0.411120        4.340202       -2.550540    1.198433    0.116667    0.003637    7.455459
    0.087065    0.594603   -0.861410   -1.020649   -0.420965        4.340198       -2.550541    1.266896    0.129623    0.003637    7.455459
    0.089552    0.608560   -0.842537   -1.014538   -0.430620        4.340192       -2.550542    1.336999    0.143511    0.003637    7.455459
    0.092040    0.622285   -0.823780   -1.008278   -0.440081        4.340186       -2.550543    1.408715    0.158355    0.003637    7.455459
    0.094527    0.635774   -0.805139   -1.001871   -0.449342        4.340180       -2.550544    1.482016    0.174178    0.003637    7.455459
    0.097015    0.649025   -0.786619   -0.995319   -0.458399        4.340173       -2.550546    1.556876    0.191003    0.003637    7.455459
    0.099502    0.662033   -0.768222   -0.988625   -0.467248        4.340166       -2.550547    1.633265    0.208851    0.003637    7.455459
    0.101990    0.674797   -0.749950   -0.981790   -0.475884        4.340158       -2.550548    1.711157    0.227738    0.003637    7.455459
    0.104478    0.687314   -0.731806   -0.974817   -0.484303        4.340149       -2.550550    1.790521    0.247682    0.003637    7.455459
    0.106965    0.699582   -0.713793   -0.967708   -0.492500        4.340139       -2.550551    1.871329    0.268696    0.003637    7.455459
    0.109453    0.711598   -0.695913   -0.960465   -0.500473        4.340128       -2.550553    1.953552    0.290794    0.003637    7.455459
    0.111940    0.723360   -0.678169   -0.953090   -0.508216        4.340116       -2.550554    2.037160    0.313985    0.003637    7.455459
    0.114428    0.734868   -0.660562   -0.945586   -0.515725        4.340103       -2.550556    2.122125    0.338277    0.003637    7.455459
    0.116915    0.746118   -0.643096   -0.937956   -0.522998        4.340089       -2.550557    2.208415    0.363678    0.003637    7.455459
    0.119403    0.757110   -0.625772   -0.930200   -0.530029        4.340073       -2.550559    2.296001    0.390190    0.003637    7.455459
    0.121891    0.767843   -0.608594   -0.922323   -0.536816        4.340056       -2.550561    2.384853    0.417816    0.003637    7.455459
    0.124378    0.778316   -0.591562   -0.914327   -0.543354        4.340037       -2.550562    2.474940    0.446557    0.003637    7.455459
    0.126866    0.788528   -0.574680   -0.906214   -0.549641        4.340016       -2.550564    2.566233    0.476410    0.003637    7.455459
    0.129353    0.798478   -0.557950   -0.897987   -0.555672        4.339993       -2.550566    2.658700    0.507371    0.003637    7.455459
    0.131841    0.808166   -0.541373   -0.889649   -0.561446        4.339967       -2.550568    2.752312    0.539434    0.003637    7.455459
    0.134328    0.817591   -0.524952   -0.881202   -0.566958        4.339938       -2.550571    2.847037    0.572592    0.003637    7.455459
    0.136816    0.826755   -0.508688   -0.872650   -0.572205        4.339906       -2.550573    2.942845    0.606835    0.003637    7.455459
    0.139303    0.835656   -0.492584   -0.863994   -0.577185        4.339871       -2.550575    3.039706    0.642152    0.003637    7.455459
    0.141791    0.844296   -0.476642   -0.855239   -0.581895        4.339831       -2.550577    3.137589    0.678530    0.003637    7.455459
    0.144279    0.852674   -0.460863   -0.846386   -0.586332        4.339787       -2.550580    3.236463    0.715954    0.003637    7.455459
    0.146766    0.860792   -0.445248   -0.837439   -0.590494        4.339737       -2.550583    3.336299    0.754407    0.003637    7.455459
    0.149254    0.868649   -0.429801   -0.828400   -0.594378        4.339680       -2.550586    3.437065    0.793872    0.003637    7.455459
    0.151741    0.876248   -0.414522   -0.819274   -0.597983        4.339617       -2.550589    3.538732    0.834329    0.003637    7.455459
    0.154229    0.883589   -0.399413   -0.810062   -0.601305        4.339545       -2.550592    3.641269    0.875759    0.003637    7.455459
    0.156716    0.890673   -0.384476   -0.800769   -0.604343        4.339464       -2.550595    3.744646    0.918137    0.003637    7.455459
    0.159204    0.897501   -0.369712   -0.791396   -0.607095        4.339372       -2.550599    3.848835    0.961443    0.003637    7.455459
    0.161692    0.904076   -0.355122   -0.781948   -0.609560        4.339266       -2.550602    3.953804    1.005651    0.003637    7.455459
    0.164179    0.910399   -0.340708   -0.772427   -0.611736        4.339146       -2.550606    4.059524    1.050736    0.003637    7.455459
    0.166667    0.916471   -0.326472   -0.762837   -0.613622        4.339007       -2.550610    4.165967    1.096671    0.003637    7.455459
    0.169154    0.922295   -0.312414   -0.753181   -0.615217        4.338847       -2.550615    4.273102    1.143430    0.003637    7.455459
    0.171642    0.927872   -0.298535   -0.743462   -0.616519        4.338662       -2.550620    4.380902    1.190985    0.003637    7.455459
    0.174129    0.933205   -0.284838   -0.733684   -0.617529        4.338448       -2.550625    4.489338    1.239307    0.003637    7.455459
    0.176617    0.938296   -0.271322   -0.723850   -0.618246        4.338198       -2.550630    4.598381    1.288367    0.003637    7.455459
    0.179104    0.943147   -0.257989   -0.713963   -0.618669        4.337904       -2.550636    4.708003    1.338135    0.003637    7.455459
    0.181592    0.947760   -0.244840   -0.704026   -0.618799        4.337559       -2.550642    4.818177    1.388580    0.003637    7.455459
    0.184080    0.952139   -0.231876   -0.694044   -0.618636        4.337151       -2.550649    4.928874    1.439673    0.003637    7.455459
    0.186567    0.956285   -0.219097   -0.684018   -0.618182        4.336667       -2.550656    5.040068    1.491383    0.003637    7.455459
    0.189055    0.960201   -0.206505   -0.673954   -0.617437        4.336088       -2.550664    5.151732    1.543678    0.003637    7.455459
    0.191542    0.963891   -0.194099   -0.663853   -0.616403        4.335393       -2.550673    5.263839    1.596527    0.003637    7.455459
    0.194030    0.967357   -0.181881   -0.653720   -0.615083        4.334554       -2.550682    5.376363    1.649898    0.003637    7.455459
    0.196517    0.970601   -0.169852   -0.643557   -0.613480        4.333536       -2.550692    5.489278    1.703761    0.003637    7.455459
    0.199005    0.973628   -0.158011   -0.633368   -0.611598        4.332293       -2.550703    5.602558    1.758085    0.003637    7.455459
    0.201493    0.976439   -0.146359   -0.623156   -0.609443        4.330768       -2.550715    5.716178    1.812837    0.003637    7.455459
    0.203980    0.979038   -0.134897   -0.612924   -0.607020        4.328887       -2.550727    5.830113    1.867988    0.003637    7.455459
    0.206468    0.981428   -0.123625   -0.602676   -0.604338        4.326559       -2.550741    5.944339    1.923506    0.003637    7.455459
    0.208955    0.983613   -0.112542   -0.592413   -0.601407        4.323667       -2.550756    6.058832    1.979360    0.003637    7.455459
    0.211443    0.985595   -0.101651   -0.582139   -0.598241        4.320069       -2.550771    6.173567    2.035522    0.003637    7.455459
    0.213930    0.987378   -0.090950   -0.571855   -0.594855        4.315599       -2.550788    6.288522    2.091961    0.003637    7.455459
    0.216418    0.988965   -0.080440   -0.561565   -0.591268        4.310069       -2.550805    6.403673    2.148647    0.003637    7.455459
    0.218905    0.990359   -0.070121   -0.551270   -0.587503        4.303292       -2.550822    6.518998    2.205553    0.003637    7.455459
    0.221393    0.991565   -0.059992   -0.540971   -0.583587        4.295122       -2.550838    6.634474    2.262648    0.003637    7.455459
    0.223881    0.992584   -0.050055   -0.530668   -0.579548        4.285508       -2.550853    6.750079    2.319907    0.003637    7.455459
    0.226368    0.993422   -0.040309   -0.520363   -0.575414        4.274574       -2.550864    6.865793    2.377301    0.003637    7.455459
    0.228856    0.994080   -0.030754   -0.510055   -0.571208        4.262658       -2.550871    6.981594    2.434804    0.003637    7.455459
    0.231343    0.994564   -0.021390   -0.499744   -0.566945        4.250262       -2.550874    7.097462    2.492390    0.003637    7.455459
    0.233831    0.994875   -0.012217   -0.489429   -0.562634        4.237864       -2.550871    7.213375    2.550033    0.003637    7.455459
    0.236318    0.995018   -0.003236   -0.479110   -0.558273        4.225677       -2.550865    7.329316    2.607709    0.003637    7.455459
    0.238806    0.994996    0.005554   -0.468785   -0.553862        4.213583       -2.550858    7.445263    2.665394    0.003637    7.455459
    0.241294    0.994813    0.014152   -0.458455   -0.549405        4.201341       -2.550852    7.561198    2.723064    0.003637    7.455459
    0.243781    0.994472    0.022559   -0.448118   -0.544907        4.188910       -2.550851    7.677103    2.780697    0.003637    7.455459
    0.246269    0.993978    0.030773   -0.437774   -0.540374        4.176565       -2.550854    7.792959    2.838270    0.003637    7.455459
    0.248756    0.993332    0.038796   -0.427422   -0.535803        4.164762       -2.550862    7.908748    2.895764    0.003637    7.455459
    0.251244    0.992540    0.046627   -0.417062   -0.531185        4.153925       -2.550874    8.024454    2.953156    0.003637    7.455459
    0.253731    0.991605    0.054266   -0.406693   -0.526500        4.144318       -2.550888    8.140059    3.010428    0.003637    7.455459
    0.256219    0.990529    0.061712   -0.396316   -0.521731        4.136025       -2.550905    8.255547    3.067560    0.003637    7.455459
    0.258706    0.989318    0.068966   -0.385930   -0.516856        4.128997       -2.550921    8.370901    3.124535    0.003637    7.455459
    0.261194    0.987975    0.076027   -0.375537   -0.511857        4.123108       -2.550938    8.486107    3.181335    0.003637    7.455459
    0.263682    0.986502    0.082895   -0.365137   -0.506718        4.118205       -2.550955    8.601149    3.237943    0.003637    7.455459
    0.266169    0.984905    0.089571   -0.354734   -0.501426        4.114131       -2.550971    8.716011    3.294343    0.003637    7.455459
    0.268657    0.983186    0.096053   -0.344328   -0.495973        4.110745       -2.550987    8.830681    3.350520    0.003637    7.455459
    0.271144    0.981349    0.102342   -0.333921   -0.490350        4.107923       -2.551001    8.945143    3.406461    0.003637    7.455459
    0.273632    0.979397    0.108439   -0.323515   -0.484554        4.105563       -2.551015    9.059384    3.462150    0.003637    7.455459
    0.276119    0.977335    0.114342   -0.313114   -0.478581        4.103579       -2.551028    9.173392    3.517575    0.003637    7.455459
    0.278607    0.975167    0.120053   -0.302719   -0.472429        4.101904       -2.551040    9.287153    3.572724    0.003637    7.455459
    0.281095    0.972894    0.125571   -0.292333   -0.466100        4.100481       -2.551052    9.400655    3.627586    0.003637    7.455459
    0.283582    0.970522    0.130896   -0.281958   -0.459593        4.099266       -2.551062    9.513887    3.682148    0.003637    7.455459
    0.286070    0.968054    0.136029   -0.271597   -0.452911        4.098224       -2.551072    9.626836    3.736402    0.003637    7.455459
    0.288557    0.965494    0.140970   -0.261253   -0.446057        4.097324       -2.551082    9.739493    3.790338    0.003637    7.455459
    0.291045    0.962844    0.145720   -0.250928   -0.439034        4.096543       -2.551091    9.851846    3.843946    0.003637    7.455459
    0.293532    0.960109    0.150278   -0.240625   -0.431847        4.095862       -2.551099    9.963885    3.897219    0.003637    7.455459
    0.296020    0.957292    0.154645   -0.230346   -0.424500        4.095265       -2.551107   10.075601    3.950149    0.003637    7.455459
    0.298507    0.954397    0.158822   -0.220095   -0.416998        4.094740       -2.551115   10.186984    4.002729    0.003637    7.455459
    0.300995    0.951427    0.162809   -0.209874   -0.409346        4.094275       -2.551122   10.298025    4.054953    0.003637    7.455459
    0.303483    0.948386    0.166607   -0.199685   -0.401551        4.093863       -2.551129   10.408716    4.106815    0.003637    7.455459
    0.305970    0.945277    0.170216   -0.189531   -0.393619        4.093494       -2.551135   10.519048    4.158309    0.003637    7.455459
    0.308458    0.942104    0.173637   -0.179415   -0.385556        4.093165       -2.551141   10.629014    4.209431    0.003637    7.455459
    0.310945    0.938870    0.176871   -0.169340   -0.377370        4.092868       -2.551147   10.738608    4.260178    0.003637    7.455459
    0.313433    0.935579    0.179918   -0.159308   -0.369066        4.092601       -2.551153   10.847820    4.310544    0.003637    7.455459
    0.315920    0.932233    0.182780   -0.149321   -0.360654        4.092359       -2.551158   10.956647    4.360527    0.003637    7.455459
    0.318408    0.928838    0.185457   -0.139383   -0.352140        4.092139       -2.551163   11.065080    4.410125    0.003637    7.455459
    0.320896    0.925395    0.187950   -0.129495   -0.343532        4.091938       -2.551168   11.173115    4.459336    0.003637    7.455459
    0.323383    0.921908    0.190261   -0.119661   -0.334839        4.091755       -2.551173   11.280746    4.508157    0.003637    7.455459
    0.325871    0.918381    0.192389   -0.109882   -0.326068        4.091587       -2.551177   11.387969    4.556587    0.003637    7.455459
    0.328358    0.914817    0.194337   -0.100162   -0.317229        4.091432       -2.551181   11.494778    4.604625    0.003637    7.455459
    0.330846    0.911219    0.196105   -0.090503   -0.308330        4.091290       -2.551186   11.601170    4.652272    0.003637    7.455459
    0.333333    0.907591    0.197694   -0.080907   -0.299381        4.091158       -2.551190   11.707141    4.699526    0.003637    7.455459
    0.335821    0.903935    0.199106   -0.071376   -0.290389        4.091036       -2.551194   11.812687    4.746388    0.003637    7.455459
    0.338308    0.900256    0.200342   -0.061914   -0.281366        4.090923       -2.551197   11.917806    4.792859    0.003637    7.455459
    0.340796    0.896555    0.201403   -0.052523   -0.272319        4.090818       -2.551201   12.022495    4.838941    0.003637    7.455459
    0.343284    0.892837    0.202291   -0.043204   -0.263259        4.090719       -2.551204   12.126752    4.884633    0.003637    7.455459
    0.345771    0.889104    0.203006   -0.033962   -0.254196        4.090627       -2.551208   12.230575    4.929938    0.003637    7.455459
    0.348259    0.885359    0.203551   -0.024796   -0.245139        4.090541       -2.551211   12.333962    4.974857    0.003637    7.455459
    0.350746    0.881607    0.203926   -0.015712   -0.236099        4.090460       -2.551214   12.436912    5.019394    0.003637    7.455459
    0.353234    0.877849    0.204134   -0.006709   -0.227085        4.090384       -2.551218   12.539424    5.063550    0.003637    7.455459
    0.355721    0.874089    0.204176    0.002208   -0.218108        4.090312       -2.551221   12.641499    5.107329    0.003637    7.455459
    0.358209    0.870329    0.204053    0.011038   -0.209178        4.090245       -2.551224   12.743135    5.150733    0.003637    7.455459
    0.360697    0.866573    0.203767    0.019778   -0.200305        4.090181       -2.551226   12.844333    5.193765    0.003637    7.455459
    0.363184    0.862824    0.203320    0.028427   -0.191500        4.090120       -2.551229   12.945094    5.236430    0.003637    7.455459
    0.365672    0.859085    0.202713    0.036980   -0.182773        4.090062       -2.551232   13.045419    5.278730    0.003637    7.455459
    0.368159    0.855357    0.201949    0.045438   -0.174134        4.090008       -2.551235   13.145309    5.320670    0.003637    7.455459
    0.370647    0.851646    0.201028    0.053796   -0.165593        4.089955       -2.551237   13.244765    5.362255    0.003637    7.455459
    0.373134    0.847952    0.199954    0.062053   -0.157162        4.089906       -2.551240   13.343790    5.403487    0.003637    7.455459
    0.375622    0.844279    0.198727    0.070206   -0.148849        4.089858       -2.551243   13.442385    5.444373    0.003637    7.455459
    0.378109    0.840630    0.197350    0.078253   -0.140666        4.089813       -2.551245   13.540554    5.484916    0.003637    7.455459
    0.380597    0.837008    0.195825    0.086192   -0.132622        4.089770       -2.551247   13.638299    5.525121    0.003637    7.455459
    0.383085    0.833414    0.194154    0.094019   -0.124727        4.089728       -2.551250   13.735624    5.564994    0.003637    7.455459
    0.385572    0.829852    0.192339    0.101734   -0.116990        4.089688       -2.551252   13.832531    5.604540    0.003637    7.455459
    0.388060    0.826324    0.190381    0.109333   -0.109422        4.089650       -2.551254   13.929026    5.643763    0.003637    7.455459
    0.390547    0.822834    0.188284    0.116814   -0.102031        4.089613       -2.551257   14.025112    5.682670    0.003637    7.455459
    0.393035    0.819383    0.186049    0.124175   -0.094826        4.089577       -2.551259   14.120793    5.721266    0.003637    7.455459
    0.395522    0.815974    0.183679    0.131414   -0.087815        4.089543       -2.551261   14.216075    5.759557    0.003637    7.455459
    0.398010    0.812609    0.181176    0.138527   -0.081008        4.089509       -2.551263   14.310961    5.797549    0.003637    7.455459
    0.400498    0.809291    0.178542    0.145513   -0.074412        4.089477       -2.551265   14.405459    5.835247    0.003637    7.455459
    0.402985    0.806022    0.175779    0.152368   -0.068035        4.089446       -2.551267   14.499572    5.872657    0.003637    7.455459
    0.405473    0.802805    0.172891    0.159092   -0.061884        4.089416       -2.551269   14.593308    5.909787    0.003637    7.455459
    0.407960    0.799642    0.169879    0.165681   -0.055965        4.089387       -2.551271   14.686672    5.946641    0.003637    7.455459
    0.410448    0.796535    0.166746    0.172132   -0.050285        4.089359       -2.551273   14.779671    5.983227    0.003637    7.455459
    0.412935    0.793487    0.163495    0.178444   -0.044850        4.089331       -2.551275   14.872311    6.019551    0.003637    7.455459
    0.415423    0.790498    0.160128    0.184613   -0.039665        4.089304       -2.551277   14.964599    6.055619    0.003637    7.455459
    0.417910    0.787573    0.156648    0.190639   -0.034734        4.089278       -2.551279   15.056543    6.091438    0.003637    7.455459
    0.420398    0.784713    0.153058    0.196517   -0.030061        4.089253       -2.551281   15.148149    6.127015    0.003637    7.455459
    0.422886    0.781919    0.149360    0.202245   -0.025650        4.089228       -2.551283   15.239427    6.162356    0.003637    7.455459
    0.425373    0.779194    0.145557    0.207822   -0.021503        4.089203       -2.551285   15.330382    6.197469    0.003637    7.455459
    0.427861    0.776539    0.141653    0.213244   -0.017623        4.089180       -2.551287   15.421024    6.232359    0.003637    7.455459
    0.430348    0.773958    0.137649    0.218510   -0.014011        4.089157       -2.551289   15.511361    6.267035    0.003637    7.455459
    0.432836    0.771451    0.133549    0.223616   -0.010667        4.089134       -2.551290   15.601402    6.301502    0.003637    7.455459
    0.435323    0.769019    0.129355    0.228561   -0.007591        4.089111       -2.551292   15.691154    6.335769    0.003637    7.455459
    0.437811    0.766666    0.125072    0.233342   -0.004782        4.089090       -2.551294   15.780628    6.369842    0.003637    7.455459
    0.440299    0.764393    0.120701    0.237957   -0.002239        4.089068       -2.551296   15.869833    6.403729    0.003637    7.455459
    0.442786    0.762201    0.116247    0.242403    0.000042        4.089047       -2.551297   15.958777    6.437436    0.003637    7.455459
    0.445274    0.760091    0.111711    0.246678    0.002062        4.089026       -2.551299   16.047471    6.470971    0.003637    7.455459
    0.447761    0.758066    0.107098    0.250780    0.003828        4.089006       -2.551301   16.135923    6.504341    0.003637    7.455459
    0.450249    0.756127    0.102410    0.254707    0.005343        4.088986       -2.551303   16.224145    6.537554    0.003637    7.455459
    0.452736    0.754275    0.097652    0.258456    0.006613        4.088966       -2.551304   16.312146    6.570617    0.003637    7.455459
    0.455224    0.752511    0.092825    0.262026    0.007646        4.088946       -2.551306   16.399936    6.603537    0.003637    7.455459
    0.457711    0.750837    0.087934    0.265414    0.008447        4.088927       -2.551308   16.487526    6.636321    0.003637    7.455459
    0.460199    0.749254    0.082981    0.268619    0.009027        4.088908       -2.551309   16.574926    6.668978    0.003637    7.455459
    0.462687    0.747763    0.077971    0.271639    0.009392        4.088889       -2.551311   16.662147    6.701515    0.003637    7.455459
    0.465174    0.746365    0.072907    0.274471    0.009554        4.088870       -2.551313   16.749199    6.733939    0.003637    7.455459
    0.467662    0.745062    0.067792    0.277115    0.009523        4.088852       -2.551314   16.836094    6.766258    0.003637    7.455459
    0.470149    0.743853    0.062629    0.279568    0.009309        4.088833       -2.551316   16.922843    6.798479    0.003637    7.455459
    0.472637    0.742740    0.057423    0.281829    0.008925        4.088815       -2.551318   17.009457    6.830611    0.003637    7.455459
    0.475124    0.741724    0.052177    0.283896    0.008383        4.088797       -2.551319   17.095946    6.862660    0.003637    7.455459
    0.477612    0.740806    0.046894    0.285769    0.007696        4.088779       -2.551321   17.182323    6.894634    0.003637    7.455459
    0.480100    0.739986    0.041578    0.287446    0.006878        4.088761       -2.551323   17.268598    6.926542    0.003637    7.455459
    0.482587    0.739265    0.036233    0.288926    0.005942        4.088743       -2.551324   17.354784    6.958390    0.003637    7.455459
    0.485075    0.738642    0.030863    0.290208    0.004904        4.088726       -2.551326   17.440891    6.990186    0.003637    7.455459
    0.487562    0.738120    0.025470    0.291290    0.003777        4.088708       -2.551327   17.526932    7.021938    0.003637    7.455459
    0.490050    0.737698    0.020060    0.292173    0.002577        4.088691       -2.551329   17.612918    7.053655    0.003637    7.455459
    0.492537    0.737376    0.014634    0.292856    0.001321        4.088673       -2.551331   17.698860    7.085342    0.003637    7.455459
    0.495025    0.737155    0.009198    0.293338    0.000023        4.088656       -2.551332   17.784771    7.117009    0.003637    7.455459
    0.497512    0.737035    0.003755    0.293619   -0.001301        4.088638       -2.551334   17.870662    7.148663    0.003637    7.455459
    0.500000    0.737016   -0.001691    0.293698   -0.002634        4.088621       -2.551335   17.956544    7.180311    0.003637    7.455459
    0.502488    0.737098   -0.007137    0.293576   -0.003960        4.088603       -2.551337   18.042431    7.211962    0.003637    7.455459
    0.504975    0.737281   -0.012579    0.293252   -0.005264        4.088586       -2.551339   18.128333    7.243623    0.003637    7.455459
    0.507463    0.737564   -0.018013    0.292727   -0.006529        4.088568       -2.551340   18.214261    7.275302    0.003637    7.455459
    0.509950    0.737949   -0.023436    0.292001   -0.007740        4.088551       -2.551342   18.300229    7.307007    0.003637    7.455459
    0.512438    0.738433   -0.028843    0.291075   -0.008880        4.088533       -2.551343   18.386248    7.338744    0.003637    7.455459
    0.514925    0.739018   -0.034231    0.289949   -0.009936        4.088516       -2.551345   18.472329    7.370523    0.003637    7.455459
    0.517413    0.739703   -0.039597    0.288623   -0.010890        4.088498       -2.551347   18.558484    7.402351    0.003637    7.455459
    0.519900    0.740486   -0.044935    0.287098   -0.011730        4.088480       -2.551348   18.644724    7.434235    0.003637    7.455459
    0.522388    0.741369   -0.050244    0.285377   -0.012440        4.088462       -2.551350   18.731061    7.466183    0.003637    7.455459
    0.524876    0.742349   -0.055519    0.283458   -0.013008        4.088444       -2.551352   18.817507    7.498203    0.003637    7.455459
    0.527363    0.743427   -0.060757    0.281344   -0.013418        4.088426       -2.551353   18.904073    7.530303    0.003637    7.455459
    0.529851    0.744601   -0.065954    0.279036   -0.013660        4.088408       -2.551355   18.990770    7.562490    0.003637    7.455459
    0.532338    0.745871   -0.071106    0.276536   -0.013721        4.088389       -2.551356   19.077610    7.594772    0.003637    7.455459
    0.534826    0.747236   -0.076210    0.273844   -0.013590        4.088371       -2.551358   19.164603    7.627156    0.003637    7.455459
    0.537313    0.748695   -0.081262    0.270962   -0.013256        4.088352       -2.551360   19.251760    7.659650    0.003637    7.455459
    0.539801    0.750246   -0.086259    0.267893   -0.012708        4.088333       -2.551361   19.339093    7.692261    0.003637    7.455459
    0.542289    0.751890   -0.091198    0.264637   -0.011939        4.088313       -2.551363   19.426613    7.724998    0.003637    7.455459
    0.544776    0.753624   -0.096074    0.261197   -0.010938        4.088294       -2.551365   19.514328    7.757867    0.003637    7.455459
    0.547264    0.755448   -0.100885    0.257575   -0.009700        4.088274       -2.551366   19.602252    7.790877    0.003637    7.455459
    0.549751    0.757359   -0.105627    0.253771   -0.008216        4.088254       -2.551368   19.690393    7.824034    0.003637    7.455459
    0.552239    0.759358   -0.110296    0.249790   -0.006481        4.088234       -2.551370   19.778761    7.857346    0.003637    7.455459
    0.554726    0.761442   -0.114891    0.245632   -0.004489        4.088213       -2.551372   19.867368    7.890821    0.003637    7.455459
    0.557214    0.763609   -0.119406    0.241300   -0.002237        4.088192       -2.551373   19.956222    7.924465    0.003637    7.455459
    0.559701    0.765859   -0.123840    0.236796    0.000280        4.088171       -2.551375   20.045334    7.958286    0.003637    7.455459
    0.562189    0.768190   -0.128188    0.232122    0.003065        4.088149       -2.551377   20.134713    7.992292    0.003637    7.455459
    0.564677    0.770601   -0.132449    0.227281    0.006118        4.088127       -2.551379   20.224368    8.026489    0.003637    7.455459
    0.567164    0.773088   -0.136618    0.222274    0.009442        4.088104       -2.551380   20.314308    8.060885    0.003637    7.455459
    0.569652    0.775652   -0.140692    0.217105    0.013037        4.088081       -2.551382   20.404543    8.095487    0.003637    7.455459
    0.572139    0.778289   -0.144670    0.211776    0.016902        4.088058       -2.551384   20.495080    8.130302    0.003637    7.455459
    0.574627    0.780998   -0.148546    0.206289    0.021036        4.088034       -2.551386   20.585929    8.165337    0.003637    7.455459
    0.577114    0.783778   -0.152320    0.200646    0.025438        4.088009       -2.551388   20.677098    8.200599    0.003637    7.455459
    0.579602    0.786626   -0.155988    0.194850    0.030105        4.087984       -2.551390   20.768595    8.236094    0.003637    7.455459
    0.582090    0.789540   -0.159547    0.188903    0.035034        4.087958       -2.551392   20.860428    8.271830    0.003637    7.455459
    0.584577    0.792518   -0.162994    0.182808    0.040220        4.087931       -2.551394   20.952604    8.307814    0.003637    7.455459
    0.587065    0.795558   -0.166326    0.176567    0.045660        4.087904       -2.551396   21.045131    8.344052    0.003637    7.455459
    0.589552    0.798658   -0.169542    0.170184    0.051348        4.087876       -2.551398   21.138015    8.380550    0.003637    7.455459
    0.592040    0.801816   -0.172638    0.163659    0.057278        4.087847       -2.551400   21.231264    8.417316    0.003637    7.455459
    0.594527    0.805029   -0.175612    0.156996    0.063445        4.087817       -2.551402   21.324884    8.454355    0.003637    7.455459
    0.597015    0.808295   -0.178460    0.150197    0.069842        4.087786       -2.551404   21.418882    8.491674    0.003637    7.455459
    0.599502    0.811613   -0.181182    0.143265    0.076461        4.087754       -2.551406   21.513263    8.529280    0.003637    7.455459
    0.601990    0.814978   -0.183774    0.136202    0.083295        4.087722       -2.551408   21.608034    8.567178    0.003637    7.455459
    0.604478    0.818390   -0.186233    0.129010    0.090336        4.087688       -2.551410   21.703200    8.605375    0.003637    7.455459
    0.606965    0.821845   -0.188558    0.121692    0.097575        4.087652       -2.551412   21.798766    8.643876    0.003637    7.455459
    0.609453    0.825342   -0.190746    0.114251    0.105005        4.087616       -2.551415   21.894736    8.682688    0.003637    7.455459
    0.611940    0.828877   -0.192795    0.106688    0.112615        4.087578       -2.551417   21.991117    8.721816    0.003637    7.455459
    0.614428    0.832448   -0.194703    0.099007    0.120397        4.087538       -2.551419   22.087912    8.761265    0.003637    7.455459
    0.616915    0.836052   -0.196467    0.091210    0.128341        4.087497       -2.551421   22.185124    8.801042    0.003637    7.455459
    0.619403    0.839687   -0.198085    0.083298    0.136438        4.087454       -2.551424   22.282759    8.841151    0.003637    7.455459
    0.621891    0.843351   -0.199556    0.075275    0.144676        4.087409       -2.551426   22.380819    8.881598    0.003637    7.455459
    0.624378    0.847039   -0.200876    0.067144    0.153048        4.087363       -2.551429   22.479307    8.922387    0.003637    7.455459
    0.626866    0.850751   -0.202045    0.058905    0.161541        4.087313       -2.551431   22.578226    8.963524    0.003637    7.455459
    0.629353    0.854482   -0.203061    0.050562    0.170146        4.087262       -2.551434   22.677579    9.005013    0.003637    7.455459
    0.631841    0.858230   -0.203920    0.042118    0.178852        4.087208       -2.551437   22.777368    9.046858    0.003637    7.455459
    0.634328    0.861992   -0.204622    0.033574    0.187648        4.087151       -2.551439   22.877594    9.089065    0.003637    7.455459
    0.636816    0.865766   -0.205165    0.024933    0.196526        4.087091       -2.551442   22.978260    9.131637    0.003637    7.455459
    0.639303    0.869548   -0.205546    0.016197    0.205472        4.087028       -2.551445   23.079366    9.174578    0.003637    7.455459
    0.641791    0.873335   -0.205765    0.007370    0.214478        4.086961       -2.551448   23.180913    9.217891    0.003637    7.455459
    0.644279    0.877125   -0.205819   -0.001548    0.223532        4.086890       -2.551451   23.282901    9.261581    0.003637    7.455459
    0.646766    0.880915   -0.205707   -0.010552    0.232625        4.086815       -2.551454   23.385331    9.305650    0.003637    7.455459
    0.649254    0.884701   -0.205427   -0.019642    0.241744        4.086735       -2.551457   23.488202    9.350102    0.003637    7.455459
    0.651741    0.888480   -0.204978   -0.028814    0.250881        4.086649       -2.551461   23.591515    9.394939    0.003637    7.455459
    0.654229    0.892250   -0.204358   -0.038066    0.260025        4.086558       -2.551464   23.695267    9.440164    0.003637    7.455459
    0.656716    0.896006   -0.203566   -0.047395    0.269166        4.086461       -2.551468   23.799457    9.485778    0.003637    7.455459
    0.659204    0.899747   -0.202600   -0.056800    0.278292        4.086357       -2.551471   23.904085    9.531784    0.003637    7.455459
    0.661692    0.903469   -0.201458   -0.066276    0.287396        4.086245       -2.551475   24.009147    9.578183    0.003637    7.455459
    0.664179    0.907168   -0.200141   -0.075823    0.296465        4.086124       -2.551479   24.114642    9.624977    0.003637    7.455459
    0.666667    0.910842   -0.198646   -0.085437    0.305492        4.085993       -2.551483   24.220566    9.672166    0.003637    7.455459
    0.669154    0.914487   -0.196971   -0.095116    0.314466        4.085852       -2.551487   24.326917    9.719751    0.003637    7.455459
    0.671642    0.918100   -0.195117   -0.104858    0.323377        4.085699       -2.551491   24.433690    9.767732    0.003637    7.455459
    0.674129    0.921677   -0.193082   -0.114659    0.332216        4.085532       -2.551496   24.540883    9.816109    0.003637    7.455459
    0.676617    0.925216   -0.190864   -0.124517    0.340975        4.085350       -2.551501   24.648490    9.864881    0.003637    7.455459
    0.679104    0.928713   -0.188463   -0.134429    0.349643        4.085150       -2.551505   24.756507    9.914047    0.003637    7.455459
    0.681592    0.932164   -0.185877   -0.144393    0.358213        4.084931       -2.551511   24.864929    9.963606    0.003637    7.455459
    0.684080    0.935566   -0.183107   -0.154406    0.366674        4.084689       -2.551516   24.973751   10.013557    0.003637    7.455459
    0.686567    0.938917   -0.180150   -0.164465    0.375020        4.084422       -2.551521   25.082966   10.063895    0.003637    7.455459
    0.689055    0.942211   -0.177006   -0.174568    0.383240        4.084125       -2.551527   25.192568   10.114619    0.003637    7.455459
    0.691542    0.945447   -0.173675   -0.184711    0.391328        4.083794       -2.551533   25.302550   10.165726    0.003637    7.455459
    0.694030    0.948620   -0.170155   -0.194893    0.399273        4.083423       -2.551540   25.412906   10.217212    0.003637    7.455459
    0.696517    0.951727   -0.166445   -0.205109    0.407070        4.083006       -2.551547   25.523628   10.269071    0.003637    7.455459
    0.699005    0.954764   -0.162547   -0.215357    0.414708        4.082535       -2.551554   25.634708   10.321300    0.003637    7.455459
    0.701493    0.957728   -0.158457   -0.225634    0.422181        4.082001       -2.551561   25.746138   10.373892    0.003637    7.455459
    0.703980    0.960616   -0.154177   -0.235938    0.429479        4.081392       -2.551569   25.857908   10.426842    0.003637    7.455459
    0.706468    0.963423   -0.149706   -0.246264    0.436596        4.080693       -2.551578   25.970011   10.480144    0.003637    7.455459
    0.708955    0.966146   -0.145043   -0.256610    0.443523        4.079887       -2.551587   26.082435   10.533789    0.003637    7.455459
    0.711443    0.968783   -0.140188   -0.266973    0.450251        4.078951       -2.551597   26.195172   10.587770    0.003637    7.455459
    0.713930    0.971328   -0.135140   -0.277349    0.456773        4.077859       -2.551607   26.308211   10.642079    0.003637    7.455459
    0.716418    0.973779   -0.129900   -0.287736    0.463079        4.076575       -2.551618   26.421541   10.696706    0.003637    7.455459
    0.718905    0.976132   -0.124467   -0.298129    0.469160        4.075055       -2.551630   26.535151   10.751641    0.003637    7.455459
    0.721393    0.978382   -0.118842   -0.308526    0.475005        4.073244       -2.551642   26.649030   10.806874    0.003637    7.455459
    0.723881    0.980528   -0.113024   -0.318922    0.480604        4.071069       -2.551656   26.763164   10.862394    0.003637    7.455459
    0.726368    0.982565   -0.107013   -0.329314    0.485945        4.068439       -2.551670   26.877542   10.918189    0.003637    7.455459
    0.728856    0.984489   -0.100809   -0.339697    0.491013        4.065235       -2.551685   26.992151   10.974246    0.003637    7.455459
    0.731343    0.986296   -0.094413   -0.350069    0.495791        4.061307       -2.551701   27.106978   11.030552    0.003637    7.455459
    0.733831    0.987984   -0.087824   -0.360423    0.500262        4.056466       -2.551718   27.222008   11.087092    0.003637    7.455459
    0.736318    0.989548   -0.081044   -0.370756    0.504401        4.050483       -2.551735   27.337227   11.143852    0.003637    7.455459
    0.738806    0.990986   -0.074072   -0.381062    0.508182        4.043104       -2.551752   27.452622   11.200816    0.003637    7.455459
    0.741294    0.992292   -0.066910   -0.391335    0.511573        4.034089       -2.551767   27.568176   11.257969    0.003637    7.455459
    0.743781    0.993464   -0.059557   -0.401570    0.514540        4.023350       -2.551779   27.683875   11.315292    0.003637    7.455459
    0.746269    0.994499   -0.052015   -0.411759    0.517051        4.011244       -2.551784   27.799703   11.372768    0.003637    7.455459
    0.748756    0.995392   -0.044285   -0.421894    0.519087        3.999217       -2.551778   27.915642   11.430379    0.003637    7.455459
    0.751244    0.996140   -0.036367   -0.431970    0.520680        3.990953       -2.551751   28.031678   11.488104    0.003637    7.455459
    0.753731    0.996739   -0.028263   -0.441979    0.521958        3.993884       -2.551694   28.147792   11.545925    0.003637    7.455459
    0.756219    0.997187   -0.019973   -0.451920    0.523230        4.019552       -2.551594   28.263967   11.603820    0.003637    7.455459
    0.758706    0.997479   -0.011500   -0.461800    0.525029        4.079002       -2.551446   28.380185   11.661767    0.003637    7.455459
    0.761194    0.997612   -0.002845   -0.471634    0.527996        4.170918       -2.551257   28.496428   11.719745    0.003637    7.455459
    0.763682    0.997583    0.005993   -0.481451    0.532556        4.273034       -2.551058   28.612677   11.777730    0.003637    7.455459
    0.766169    0.997389    0.015013   -0.491281    0.538602        4.354656       -2.550882   28.728913   11.835700    0.003637    7.455459
    0.768657    0.997025    0.024216   -0.501149    0.545572        4.400263       -2.550752   28.845117   11.893629    0.003637    7.455459
    0.771144    0.996489    0.033602   -0.511068    0.552815        4.414777       -2.550671   28.961268   11.951493    0.003637    7.455459
    0.773632    0.995778    0.043173   -0.521038    0.559869        4.411211       -2.550630   29.077347   12.009266    0.003637    7.455459
    0.776119    0.994887    0.052929   -0.531057    0.566500        4.400284       -2.550616   29.193332   12.066922    0.003637    7.455459
    0.778607    0.993815    0.062871   -0.541116    0.572630        4.387969       -2.550617   29.309203   12.124434    0.003637    7.455459
    0.781095    0.992556    0.073000   -0.551208    0.578259        4.376803       -2.550628   29.424938   12.181775    0.003637    7.455459
    0.783582    0.991108    0.083316   -0.561326    0.583412        4.367528       -2.550643   29.540516   12.238918    0.003637    7.455459
    0.786070    0.989468    0.093821   -0.571462    0.588122        4.360122       -2.550659   29.655913   12.295833    0.003637    7.455459
    0.788557    0.987632    0.104513   -0.581612    0.592421        4.354309       -2.550676   29.771108   12.352492    0.003637    7.455459
    0.791045    0.985597    0.115394   -0.591768    0.596332        4.349771       -2.550693   29.886078   12.408866    0.003637    7.455459
    0.793532    0.983360    0.126463   -0.601926    0.599874        4.346225       -2.550708   30.000799   12.464925    0.003637    7.455459
    0.796020    0.980918    0.137720   -0.612081    0.603062        4.343443       -2.550723   30.115247   12.520638    0.003637    7.455459
    0.798507    0.978267    0.149166   -0.622229    0.605908        4.341246       -2.550736   30.229399   12.575976    0.003637    7.455459
    0.800995    0.975405    0.160800   -0.632364    0.608420        4.339498       -2.550749   30.343229   12.630907    0.003637    7.455459
    0.803483    0.972328    0.172621   -0.642483    0.610604        4.338098       -2.550760   30.456713   12.685401    0.003637    7.455459
    0.805970    0.969033    0.184630   -0.652582    0.612465        4.336968       -2.550771   30.569826   12.739427    0.003637    7.455459
    0.808458    0.965517    0.196827   -0.662657    0.614008        4.336048       -2.550780   30.682542   12.792953    0.003637    7.455459
    0.810945    0.961778    0.209209   -0.672703    0.615235        4.335295       -2.550789   30.794836   12.845948    0.003637    7.455459
    0.813433    0.957813    0.221778   -0.682717    0.616149        4.334673       -2.550797   30.906681   12.898382    0.003637    7.455459
    0.815920    0.953618    0.234532   -0.692696    0.616752        4.334157       -2.550805   31.018050   12.950223    0.003637    7.455459
    0.818408    0.949192    0.247471   -0.702635    0.617047        4.333726       -2.550812   31.128917   13.001439    0.003637    7.455459
    0.820896    0.944532    0.260594   -0.712531    0.617034        4.333363       -2.550818   31.239255   13.052001    0.003637    7.455459
    0.823383    0.939634    0.273900   -0.722379    0.616716        4.333057       -2.550824   31.349035   13.101878    0.003637    7.455459
    0.825871    0.934498    0.287388   -0.732178    0.616094        4.332797       -2.550830   31.458232   13.151040    0.003637    7.455459
    0.828358    0.929120    0.301058   -0.741922    0.615171        4.332575       -2.550835   31.566815   13.199457    0.003637    7.455459
    0.830846    0.923498    0.314907   -0.751609    0.613947        4.332384       -2.550840   31.674758   13.247100    0.003637    7.455459
    0.833333    0.917631    0.328936   -0.761235    0.612423        4.332220       -2.550844   31.782032   13.293941    0.003637    7.455459
    0.835821    0.911516    0.343142   -0.770797    0.610603        4.332078       -2.550849   31.888607   13.339952    0.003637    7.455459
    0.838308    0.905151    0.357526   -0.780291    0.608488        4.331954       -2.550852   31.994455   13.385106    0.003637    7.455459
    0.840796    0.898535    0.372084   -0.789714    0.606079        4.331847       -2.550856   32.099547   13.429377    0.003637    7.455459
    0.843284    0.891665    0.386817   -0.799063    0.603379        4.331753       -2.550860   32.203853   13.472740    0.003637    7.455459
    0.845771    0.884542    0.401723   -0.808334    0.600389        4.331670       -2.550863   32.307344   13.515171    0.003637    7.455459
    0.848259    0.877162    0.416799   -0.817525    0.597113        4.331597       -2.550866   32.409990   13.556647    0.003637    7.455459
    0.850746    0.869525    0.432046   -0.826631    0.593551        4.331533       -2.550869   32.511761   13.597146    0.003637    7.455459
    0.853234    0.861630    0.447460   -0.835650    0.589707        4.331476       -2.550872   32.612627   13.636648    0.003637    7.455459
    0.855721    0.853476    0.463041   -0.844579    0.585582        4.331426       -2.550875   32.712558   13.675133    0.003637    7.455459
    0.858209    0.845062    0.478786   -0.853415    0.581181        4.331381       -2.550877   32.811524   13.712585    0.003637    7.455459
    0.860697    0.836388    0.494695   -0.862154    0.576504        4.331341       -2.550880   32.909494   13.748987    0.003637    7.455459
    0.863184    0.827452    0.510765   -0.870794    0.571556        4.331305       -2.550882   33.006438   13.784324    0.003637    7.455459
    0.865672    0.818255    0.526994   -0.879332    0.566339        4.331273       -2.550884   33.102325   13.818584    0.003637    7.455459
    0.868159    0.808797    0.543380   -0.887765    0.560856        4.331244       -2.550887   33.197126   13.851755    0.003637    7.455459
    0.870647    0.799078    0.559922   -0.896090    0.555110        4.331218       -2.550889   33.290809   13.883828    0.003637    7.455459
    0.873134    0.789097    0.576617   -0.904305    0.549104        4.331195       -2.550891   33.383345   13.914796    0.003637    7.455459
    0.875622    0.778856    0.593463   -0.912406    0.542842        4.331174       -2.550892   33.474702   13.944654    0.003637    7.455459
    0.878109    0.768354    0.610459   -0.920391    0.536328        4.331155       -2.550894   33.564851   13.973396    0.003637    7.455459
    0.880597    0.757593    0.627602   -0.928258    0.529564        4.331137       -2.550896   33.653761   14.001022    0.003637    7.455459
    0.883085    0.746574    0.644889   -0.936003    0.522554        4.331122       -2.550898   33.741402   14.027532    0.003637    7.455459
    0.885572    0.735298    0.662319   -0.943624    0.515303        4.331107       -2.550899   33.827743   14.052928    0.003637    7.455459
    0.888060    0.723765    0.679889   -0.951119    0.507813        4.331095       -2.550901   33.912756   14.077215    0.003637    7.455459
    0.890547    0.711978    0.697597   -0.958486    0.500089        4.331083       -2.550902   33.996411   14.100399    0.003637    7.455459
    0.893035    0.699939    0.715440   -0.965721    0.492135        4.331072       -2.550904   34.078676   14.122488    0.003637    7.455459
    0.895522    0.687648    0.733417   -0.972823    0.483955        4.331062       -2.550905   34.159525   14.143494    0.003637    7.455459
    0.898010    0.675110    0.751523   -0.979789    0.475553        4.331053       -2.550907   34.238927   14.163427    0.003637    7.455459
    0.900498    0.662325    0.769758   -0.986617    0.466933        4.331045       -2.550908   34.316853   14.182304    0.003637    7.455459
    0.902985    0.649296    0.788118   -0.993305    0.458100        4.331037       -2.550909   34.393275   14.200139    0.003637    7.455459
    0.905473    0.636027    0.806601   -0.999851    0.449057        4.331031       -2.550911   34.468165   14.216953    0.003637    7.455459
    0.907960    0.622519    0.825203   -1.006252    0.439811        4.331024       -2.550912   34.541495   14.232765    0.003637    7.455459
    0.910448    0.608777    0.843923   -1.012507    0.430364        4.331018       -2.550913   34.613237   14.247596    0.003637    7.455459
    0.912935    0.594803    0.862758   -1.018614    0.420722        4.331013       -2.550914   34.683364   14.261472    0.003637    7.455459
    0.915423    0.580602    0.881705   -1.024570    0.410889        4.331008       -2.550915   34.751850   14.274416    0.003637    7.455459
    0.917910    0.566176    0.900760   -1.030374    0.400870        4.331004       -2.550916   34.818668   14.286457    0.003637    7.455459
    0.920398    0.551530    0.919922   -1.036025    0.390671        4.331000       -2.550918   34.883792   14.297623    0.003637    7.455459
    0.922886    0.536669    0.939187   -1.041519    0.380295        4.330996       -2.550919   34.947196   14.307943    0.003637    7.455459
    0.925373    0.521596    0.958553   -1.046857    0.369748        4.330992       -2.550920   35.008857   14.317450    0.003637    7.455459
    0.927861    0.506316    0.978016   -1.052035    0.359034        4.330989       -2.550921   35.068749   14.326174    0.003637    7.455459
    0.930348    0.490834    0.997574   -1.057053    0.348159        4.330986       -2.550922   35.126848   14.334150    0.003637    7.455459
    0.932836    0.475155    1.017223   -1.061908    0.337128        4.330984       -2.550923   35.183132   14.341411    0.003637    7.455459
    0.935323    0.459283    1.036961   -1.066600    0.325946        4.330981       -2.550924   35.237578   14.347993    0.003637    7.455459
    0.937811    0.443226    1.056784   -1.071126    0.314619        4.330979       -2.550925   35.290163   14.353930    0.003637    7.455459
    0.940299    0.426987    1.076690   -1.075486    0.303151        4.330977       -2.550926   35.340867   14.359260    0.003637    7.455459
    0.942786    0.410572    1.096675   -1.079679    0.291547        4.330975       -2.550927   35.389668   14.364018    0.003637    7.455459
    0.945274    0.393988    1.116736   -1.083702    0.279814        4.330973       -2.550928   35.436546   14.368240    0.003637    7.455459
    0.947761    0.377241    1.136871   -1.087555    0.267956        4.330971       -2.550929   35.481482   14.371964    0.003637    7.455459
    0.950249    0.360336    1.157075   -1.091237    0.255979        4.330970       -2.550929   35.524458   14.375225    0.003637    7.455459
    0.952736    0.343280    1.177345   -1.094746    0.243888        4.330969       -2.550930   35.565454   14.378058    0.003637    7.455459
    0.955224    0.326080    1.197680   -1.098081    0.231689        4.330967       -2.550931   35.604455   14.380501    0.003637    7.455459
    0.957711    0.308743    1.218074   -1.101242    0.219387        4.330966       -2.550932   35.641444   14.382586    0.003637    7.455459
    0.960199    0.291274    1.238526   -1.104227    0.206988        4.330965       -2.550933   35.676404   14.384349    0.003637    7.455459
    0.962687    0.273682    1.259031   -1.107035    0.194497        4.330964       -2.550934   35.709322   14.385822    0.003637    7.455459
    0.965174    0.255973    1.279587   -1.109667    0.181921        4.330964       -2.550935   35.740183   14.387037    0.003637    7.455459
    0.967662    0.238154    1.300189   -1.112120    0.169264        4.330963       -2.550936   35.768973   14.388024    0.003637    7.455459
    0.970149    0.220234    1.320836   -1.114395    0.156532        4.330962       -2.550937   35.795682   14.388813    0.003637    7.455459
    0.972637    0.202218    1.341523   -1.116490    0.143731        4.330962       -2.550937   35.820296   14.389431    0.003637    7.455459
    0.975124    0.184115    1.362248   -1.118405    0.130867        4.330961       -2.550938   35.842806   14.389904    0.003637    7.455459
    0.977612    0.165932    1.383006   -1.120139    0.117945        4.330961       -2.550939   35.863202   14.390257    0.003637    7.455459
    0.980100    0.147678    1.403795   -1.121692    0.104971        4.330960       -2.550940   35.881475   14.390510    0.003637    7.455459
    0.982587    0.129359    1.424610   -1.123064    0.091951        4.330960       -2.550941   35.897616   14.390685    0.003637    7.455459
    0.985075    0.110984    1.445450   -1.124253    0.078891        4.330960       -2.550942   35.911620   14.390800    0.003637    7.455459
    0.987562    0.092561    1.466310   -1.125260    0.065795        4.330959       -2.550943   35.923480   14.390870    0.003637    7.455459
    0.990050    0.074097    1.487187   -1.126084    0.052671        4.330959       -2.550944   35.933190   14.390908    0.003637    7.455459
    0.992537    0.055601    1.508077   -1.126726    0.039524        4.330959       -2.550945   35.940747   14.390926    0.003637    7.455459
    0.995025    0.037081    1.528978   -1.127184    0.026359        4.330959       -2.550946   35.946148   14.390933    0.003637    7.455459
    0.997512    0.018545    1.549885   -1.127459    0.013182        4.330959       -2.550947   35.949389   14.390935    0.003637    7.455459
    1.000000   -0.000000    1.570796   -1.127551    0.000000        4.330959       -2.550947   35.950469   14.390935    0.003637    7.455459
