           t           r         psi          cs          qs               p             sig           A           V          Q2           S
    0.000000   -0.000000   -1.570796    0.073769    0.000000       21.696987       25.840624   -0.000000   -0.000000    0.124435    7.491961
    0.002488    0.018637   -1.572164    0.072600    0.167499       21.697994       25.125481    0.001091   -0.000000    0.124435    7.491961
    0.004975    0.037273   -1.573488    0.069073    0.337398       21.701096       24.419440    0.004365   -0.000000    0.124435    7.491961
    0.007463    0.055910   -1.574724    0.063141    0.510707       21.706324       23.721992    0.009820   -0.000001    0.124435    7.491961
    0.009950    0.074547   -1.575826    0.054748    0.688361       21.713618       23.032633    0.017459   -0.000002    0.124435    7.491961
    0.012438    0.093183   -1.576748    0.043818    0.871225       21.722831       22.350873    0.027279   -0.000004    0.124435    7.491961
    0.014925    0.111819   -1.577443    0.030266    1.060097       21.733717       21.676231    0.039282   -0.000008    0.124435    7.491961
    0.017413    0.130456   -1.577860    0.013994    1.255711       21.745922       21.008234    0.053467   -0.000014    0.124435    7.491961
    0.019900    0.149092   -1.577947   -0.005106    1.458731       21.758965       20.346420    0.069834   -0.000022    0.124435    7.491961
    0.022388    0.167728   -1.577651   -0.027152    1.669753       21.772222       19.690340    0.088383   -0.000032    0.124435    7.491961
    0.024876    0.186364   -1.576916   -0.052271    1.889300       21.784903       19.039551    0.109115   -0.000044    0.124435    7.491961
    0.027363    0.205001   -1.575683   -0.080597    2.117817       21.796027       18.393624    0.132029   -0.000057    0.124435    7.491961
    0.029851    0.223637   -1.573891   -0.112269    2.355662       21.804392       17.752141    0.157125   -0.000068    0.124435    7.491961
    0.032338    0.242274   -1.571476   -0.147431    2.603100       21.808542       17.114697    0.184404   -0.000074    0.124435    7.491961
    0.034826    0.260911   -1.568373   -0.186231    2.860292       21.806721       16.480898    0.213865   -0.000070    0.124435    7.491961
    0.037313    0.279547   -1.564511   -0.228816    3.127281       21.796831       15.850366    0.245508   -0.000052    0.124435    7.491961
    0.039801    0.298183   -1.559820   -0.275333    3.403982       21.776376       15.222741    0.279334   -0.000010    0.124435    7.491961
    0.042289    0.316818   -1.554224   -0.325927    3.690161       21.742395       14.597676    0.315342    0.000066    0.124435    7.491961
    0.044776    0.335451   -1.547645   -0.380736    3.985421       21.691391       13.974850    0.353531    0.000190    0.124435    7.491961
    0.047264    0.354081   -1.540005   -0.439891    4.289182       21.619242       13.353961    0.393903    0.000377    0.124435    7.491961
    0.049751    0.372706   -1.531221   -0.503510    4.600655       21.521103       12.734738    0.436456    0.000649    0.124435    7.491961
    0.052239    0.391325   -1.521209   -0.571698    4.918821       21.391285       12.116938    0.481189    0.001030    0.124435    7.491961
    0.054726    0.409933   -1.509883   -0.644539    5.242401       21.223125       11.500360    0.528102    0.001549    0.124435    7.491961
    0.057214    0.428528   -1.497156   -0.722098    5.569827       21.008827       10.884847    0.577193    0.002240    0.124435    7.491961
    0.059701    0.447104   -1.482939   -0.804408    5.899211       20.739283       10.270296    0.628460    0.003145    0.124435    7.491961
    0.062189    0.465655   -1.467143   -0.891472    6.228304       20.403865        9.656670    0.681902    0.004311    0.124435    7.491961
    0.064677    0.484174   -1.449681   -0.983254    6.554467       19.990194        9.044015    0.737514    0.005792    0.124435    7.491961
    0.067164    0.502652   -1.430465   -1.079674    6.874624       19.483866        8.432473    0.795292    0.007650    0.124435    7.491961
    0.069652    0.521077   -1.409410   -1.180599    7.185220       18.868161        7.822307    0.855231    0.009955    0.124435    7.491961
    0.072139    0.539436   -1.386433   -1.285837    7.482186       18.123706        7.213929    0.917323    0.012787    0.124435    7.491961
    0.074627    0.557713   -1.361457   -1.395129    7.760886       17.228122        6.607933    0.981561    0.016232    0.124435    7.491961
    0.077114    0.575889   -1.334409   -1.508141    8.016081       16.155647        6.005136    1.047934    0.020390    0.124435    7.491961
    0.079602    0.593942   -1.305223   -1.624452    8.241891       14.876752        5.406633    1.116427    0.025364    0.124435    7.491961
    0.082090    0.611847   -1.273843   -1.743545    8.431758       13.357793        4.813859    1.187027    0.031271    0.124435    7.491961
    0.084577    0.629574   -1.240222   -1.864798    8.578429       11.560716        4.228669    1.259713    0.038233    0.124435    7.491961
    0.087065    0.647090   -1.204326   -1.987470    8.673942        9.442908        3.653434    1.334462    0.046381    0.124435    7.491961
    0.089552    0.664359   -1.166138   -2.110692    8.709646        6.957265        3.091154    1.411249    0.055848    0.124435    7.491961
    0.092040    0.681339   -1.125656   -2.233455    8.676240        4.052631        2.545604    1.490041    0.066775    0.124435    7.491961
    0.094527    0.697985   -1.082900   -2.354599    8.563860        0.674786        2.021491    1.570803    0.079301    0.124435    7.491961
    0.097015    0.714246   -1.037911   -2.472804    8.362220       -3.231759        1.524652    1.653491    0.093563    0.124435    7.491961
    0.099502    0.730072   -0.990757   -2.586583    8.060830       -7.720850        1.062263    1.738059    0.109691    0.124435    7.491961
    0.101990    0.745404   -0.941538   -2.694278    7.649307      -12.840280        0.643080    1.824452    0.127807    0.124435    7.491961
    0.104478    0.760186   -0.890382   -2.794061    7.117809      -18.625475        0.277679    1.912608    0.148016    0.124435    7.491961
    0.106965    0.774357   -0.837455   -2.883947    6.457615      -25.090913       -0.021318    2.002460    0.170403    0.124435    7.491961
    0.109453    0.787858   -0.782962   -2.961808    5.661875      -32.219097       -0.239060    2.093933    0.195031    0.124435    7.491961
    0.111940    0.800630   -0.727147   -3.025410    4.726550      -39.947276       -0.358395    2.186945    0.221930    0.124435    7.491961
    0.114428    0.812618   -0.670297   -3.072466    3.651523      -48.152840       -0.359963    2.281407    0.251101    0.124435    7.491961
    0.116915    0.823769   -0.612742   -3.100699    2.441843      -56.639275       -0.222546    2.377224    0.282507    0.124435    7.491961
    0.119403    0.834040   -0.554854   -3.107944    1.109010      -65.125928        0.076227    2.474296    0.316076    0.124435    7.491961
    0.121891    0.843395   -0.497041   -3.092260   -0.327876      -73.245988        0.558755    2.572517    0.351701    0.124435    7.491961
    0.124378    0.851806   -0.439747   -3.052070   -1.841338      -80.557781        1.245873    2.671779    0.389239    0.124435    7.491961
    0.126866    0.859260   -0.383439   -2.986304   -3.395411      -86.573584        2.154863    2.771970    0.428520    0.124435    7.491961
    0.129353    0.865752   -0.328599   -2.894548   -4.946494      -90.807188        3.297223    2.872977    0.469350    0.124435    7.491961
    0.131841    0.871294   -0.275708   -2.777166   -6.445360      -92.836207        4.676526    2.974688    0.511520    0.124435    7.491961
    0.134328    0.875909   -0.225236   -2.635383   -7.840344      -92.368843        6.286758    3.076994    0.554815    0.124435    7.491961
    0.136816    0.879632   -0.177617   -2.471305   -9.081399      -89.300074        8.111552    3.179788    0.599020    0.124435    7.491961
    0.139303    0.882512   -0.133242   -2.287869  -10.124500      -83.741842       10.124617    3.282967    0.643928    0.124435    7.491961
    0.141791    0.884605   -0.092438   -2.088705  -10.935622      -76.017321       12.291413    3.386438    0.689351    0.124435    7.491961
    0.144279    0.885975   -0.055461   -1.877957  -11.493613      -66.619269       14.571847    3.490110    0.735117    0.124435    7.491961
    0.146766    0.886695   -0.022485   -1.660042  -11.791456      -56.142779       16.923526    3.593904    0.781081    0.124435    7.491961
    0.149254    0.886839    0.006398   -1.439413  -11.835812      -45.209095       19.305005    3.697748    0.827123    0.124435    7.491961
    0.151741    0.886482    0.031177   -1.220335  -11.645114      -34.397194       21.678539    3.801579    0.873147    0.124435    7.491961
    0.154229    0.885702    0.051918   -1.006702  -11.246691      -24.194658       24.012019    3.905342    0.919079    0.124435    7.491961
    0.156716    0.884572    0.068755   -0.801905  -10.673537      -14.971978       26.279994    4.008993    0.964868    0.124435    7.491961
    0.159204    0.883164    0.081880   -0.608755   -9.961215       -6.978065       28.463869    4.112494    1.010479    0.124435    7.491961
    0.161692    0.881545    0.091531   -0.429455   -9.145248       -0.351067       30.551480    4.215818    1.055892    0.124435    7.491961
    0.164179    0.879777    0.097983   -0.265614   -8.259169        4.862247       32.536274    4.318943    1.101096    0.124435    7.491961
    0.166667    0.877917    0.101534   -0.118284   -7.333230        8.684278       34.416311    4.421855    1.146093    0.124435    7.491961
    0.169154    0.876015    0.102498    0.011979   -6.393701       11.185460       36.193235    4.524546    1.190886    0.124435    7.491961
    0.171642    0.874117    0.101195    0.125050   -5.462624       12.466323       37.871338    4.627014    1.235486    0.124435    7.491961
    0.174129    0.872262    0.097943    0.221163   -4.557897       12.643488       39.456746    4.729262    1.279905    0.124435    7.491961
    0.176617    0.870483    0.093053    0.300849   -3.693562       11.839484       40.956764    4.831297    1.324157    0.124435    7.491961
    0.179104    0.868807    0.086826    0.364870   -2.880204       10.175835       42.379368    4.933130    1.368256    0.124435    7.491961
    0.181592    0.867257    0.079545    0.414165   -2.125401        7.768720       43.732822    5.034773    1.412217    0.124435    7.491961
    0.184080    0.865850    0.071474    0.449804   -1.434177        4.726538       45.025401    5.136243    1.456056    0.124435    7.491961
    0.186567    0.864598    0.062857    0.472943   -0.809424        1.148800       46.265212    5.237558    1.499786    0.124435    7.491961
    0.189055    0.863511    0.053916    0.484789   -0.252289       -2.874096       47.460060    5.338735    1.543422    0.124435    7.491961
    0.191542    0.862591    0.044850    0.486576    0.237483       -7.260544       48.617377    5.439795    1.586978    0.124435    7.491961
    0.194030    0.861839    0.035834    0.479532    0.661257      -11.937099       49.744179    5.540757    1.630467    0.124435    7.491961
    0.196517    0.861254    0.027023    0.464866    1.021258      -16.837695       50.847045    5.641641    1.673903    0.124435    7.491961
    0.199005    0.860830    0.018547    0.443750    1.320362      -21.902836       51.932112    5.742465    1.717298    0.124435    7.491961
    0.201493    0.860560    0.010516    0.417305    1.561923      -27.078803       53.005081    5.843250    1.760665    0.124435    7.491961
    0.203980    0.860435    0.003019    0.386594    1.749636      -32.316942       54.071220    5.944011    1.804015    0.124435    7.491961
    0.206468    0.860444   -0.003873    0.352613    1.887417      -37.573040       55.135380    6.044765    1.847361    0.124435    7.491961
    0.208955    0.860575   -0.010109    0.316285    1.979324      -42.806813       56.202002    6.145528    1.890713    0.124435    7.491961
    0.211443    0.860816   -0.015653    0.278459    2.029476      -47.981500       57.275126    6.246313    1.934082    0.124435    7.491961
    0.213930    0.861154   -0.020484    0.239908    2.042010      -53.063562       58.358394    6.347131    1.977476    0.124435    7.491961
    0.216418    0.861575   -0.024595    0.201323    2.021029      -58.022483       59.455061    6.447995    2.020904    0.124435    7.491961
    0.218905    0.862066   -0.027992    0.163320    1.970575      -62.830664       60.567992    6.548911    2.064375    0.124435    7.491961
    0.221393    0.862614   -0.030689    0.126439    1.894603      -67.463386       61.699668    6.649889    2.107895    0.124435    7.491961
    0.223881    0.863206   -0.032714    0.091140    1.796958      -71.898846       62.852184    6.750934    2.151469    0.124435    7.491961
    0.226368    0.863829   -0.034099    0.057813    1.681357      -76.118235       64.027251    6.852050    2.195102    0.124435    7.491961
    0.228856    0.864473   -0.034883    0.026778    1.551371      -80.105848       65.226200    6.953240    2.238797    0.124435    7.491961
    0.231343    0.865126   -0.035113   -0.001718    1.410407      -83.849200       66.449985    7.054506    2.282558    0.124435    7.491961
    0.233831    0.865778   -0.034836   -0.027486    1.261696      -87.339143       67.699192    7.155849    2.326385    0.124435    7.491961
    0.236318    0.866421   -0.034106   -0.050403    1.108266      -90.569946       68.974046    7.257267    2.370278    0.124435    7.491961
    0.238806    0.867047   -0.032976   -0.070399    0.952935      -93.539348       70.274431    7.358760    2.414237    0.124435    7.491961
    0.241294    0.867648   -0.031500   -0.087459    0.798287      -96.248541       71.599905    7.460325    2.458260    0.124435    7.491961
    0.243781    0.868219   -0.029734   -0.101612    0.646658      -98.702101       72.949723    7.561959    2.502345    0.124435    7.491961
    0.246269    0.868754   -0.027730   -0.112933    0.500124     -100.907840       74.322867    7.663657    2.546489    0.124435    7.491961
    0.248756    0.869251   -0.025541   -0.121531    0.360489     -102.876589       75.718074    7.765416    2.590688    0.124435    7.491961
    0.251244    0.869706   -0.023217   -0.127548    0.229278     -104.621915       77.133870    7.867231    2.634938    0.124435    7.491961
    0.253731    0.870116   -0.020802   -0.131153    0.107736     -106.159776       78.568608    7.969096    2.679234    0.124435    7.491961
    0.256219    0.870481   -0.018342   -0.132537   -0.003174     -107.508121       80.020506    8.071006    2.723572    0.124435    7.491961
    0.258706    0.870799   -0.015875   -0.131904   -0.102761     -108.686465       81.487683    8.172957    2.767947    0.124435    7.491961
    0.261194    0.871072   -0.013436   -0.129471   -0.190594     -109.715436       82.968199    8.274942    2.812353    0.124435    7.491961
    0.263682    0.871301   -0.011059   -0.125460   -0.266491     -110.616322       84.460089    8.376957    2.856787    0.124435    7.491961
    0.266169    0.871485   -0.008769   -0.120096   -0.330492     -111.410624       85.961401    8.478996    2.901243    0.124435    7.491961
    0.268657    0.871628   -0.006589   -0.113600   -0.382843     -112.119647       87.470224    8.581053    2.945717    0.124435    7.491961
    0.271144    0.871732   -0.004540   -0.106188   -0.423963     -112.764115       88.984715    8.683126    2.990203    0.124435    7.491961
    0.273632    0.871798   -0.002636   -0.098066   -0.454426     -113.363843       90.503126    8.785208    3.034699    0.124435    7.491961
    0.276119    0.871831   -0.000888   -0.089431   -0.474925     -113.937454       92.023823    8.887296    3.079200    0.124435    7.491961
    0.278607    0.871832    0.000696   -0.080462   -0.486248     -114.502161       93.545299    8.989386    3.123703    0.124435    7.491961
    0.281095    0.871806    0.002110   -0.071328   -0.489252     -115.073599       95.066186    9.091475    3.168204    0.124435    7.491961
    0.283582    0.871755    0.003354   -0.062176   -0.484837     -115.665713       96.585264    9.193558    3.212701    0.124435    7.491961
    0.286070    0.871682    0.004428   -0.053142   -0.473923     -116.290697       98.101464    9.295635    3.257192    0.124435    7.491961
    0.288557    0.871591    0.005336   -0.044340   -0.457431     -116.958981       99.613866    9.397702    3.301674    0.124435    7.491961
    0.291045    0.871484    0.006083   -0.035871   -0.436261     -117.679257      101.121700    9.499757    3.346146    0.124435    7.491961
    0.293532    0.871365    0.006676   -0.027815   -0.411282     -118.458535      102.624339    9.601800    3.390606    0.124435    7.491961
    0.296020    0.871236    0.007123   -0.020241   -0.383319     -119.302226      104.121294    9.703827    3.435054    0.124435    7.491961
    0.298507    0.871100    0.007434   -0.013199   -0.353141     -120.214252      105.612203    9.805839    3.479487    0.124435    7.491961
    0.300995    0.870960    0.007618   -0.006727   -0.321456     -121.197161      107.096824    9.907835    3.523907    0.124435    7.491961
    0.303483    0.870817    0.007688   -0.000851   -0.288906     -122.252255      108.575023   10.009814    3.568312    0.124435    7.491961
    0.305970    0.870674    0.007654    0.004416   -0.256065     -123.379725      110.046765   10.111777    3.612702    0.124435    7.491961
    0.308458    0.870532    0.007527    0.009072   -0.223440     -124.578782      111.512103   10.213723    3.657078    0.124435    7.491961
    0.310945    0.870394    0.007320    0.013121   -0.191466     -125.847790      112.971165   10.315652    3.701440    0.124435    7.491961
    0.313433    0.870260    0.007042    0.016578   -0.160516     -127.184392      114.424145   10.417566    3.745788    0.124435    7.491961
    0.315920    0.870132    0.006705    0.019463   -0.130897     -128.585627      115.871296   10.519464    3.790122    0.124435    7.491961
    0.318408    0.870010    0.006320    0.021802   -0.102859     -130.048048      117.312913   10.621347    3.834444    0.124435    7.491961
    0.320896    0.869896    0.005896    0.023625   -0.076597     -131.567819      118.749331   10.723217    3.878754    0.124435    7.491961
    0.323383    0.869791    0.005442    0.024965   -0.052254     -133.140816      120.180913   10.825074    3.923053    0.124435    7.491961
    0.325871    0.869694    0.004968    0.025859   -0.029929     -134.762709      121.608043   10.926919    3.967342    0.124435    7.491961
    0.328358    0.869606    0.004481    0.026344   -0.009681     -136.429042      123.031118   11.028753    4.011621    0.124435    7.491961
    0.330846    0.869527    0.003988    0.026459    0.008470     -138.135299      124.450545   11.130577    4.055892    0.124435    7.491961
    0.333333    0.869457    0.003497    0.026242    0.024531     -139.876966      125.866730   11.232393    4.100156    0.124435    7.491961
    0.335821    0.869396    0.003012    0.025734    0.038540     -141.649583      127.280078   11.334201    4.144413    0.124435    7.491961
    0.338308    0.869345    0.002539    0.024970    0.050554     -143.448787      128.690986   11.436002    4.188664    0.124435    7.491961
    0.340796    0.869302    0.002083    0.023989    0.060651     -145.270357      130.099839   11.537798    4.232911    0.124435    7.491961
    0.343284    0.869267    0.001646    0.022826    0.068925     -147.110238      131.507008   11.639589    4.277154    0.124435    7.491961
    0.345771    0.869240    0.001233    0.021514    0.075481     -148.964576      132.912847   11.741377    4.321393    0.124435    7.491961
    0.348259    0.869221    0.000845    0.020085    0.080431     -150.829732      134.317690   11.843162    4.365631    0.124435    7.491961
    0.350746    0.869208    0.000485    0.018568    0.083898     -152.702304      135.721850   11.944945    4.409866    0.124435    7.491961
    0.353234    0.869203    0.000153    0.016990    0.086005     -154.579137      137.125617   12.046728    4.454101    0.124435    7.491961
    0.355721    0.869203   -0.000148    0.015378    0.086879     -156.457333      138.529259   12.148509    4.498336    0.124435    7.491961
    0.358209    0.869208   -0.000420    0.013752    0.086647     -158.334253      139.933018   12.250291    4.542570    0.124435    7.491961
    0.360697    0.869218   -0.000661    0.012133    0.085433     -160.207523      141.337113   12.352074    4.586806    0.124435    7.491961
    0.363184    0.869232   -0.000872    0.010540    0.083362     -162.075030      142.741740   12.453859    4.631043    0.124435    7.491961
    0.365672    0.869250   -0.001054    0.008988    0.080550     -163.934922      144.147067   12.555645    4.675281    0.124435    7.491961
    0.368159    0.869271   -0.001208    0.007490    0.077113     -165.785597      145.553243   12.657434    4.719521    0.124435    7.491961
    0.370647    0.869295   -0.001334    0.006057    0.073158     -167.625699      146.960393   12.759225    4.763764    0.124435    7.491961
    0.373134    0.869321   -0.001434    0.004699    0.068787     -169.454108      148.368617   12.861019    4.808009    0.124435    7.491961
    0.375622    0.869348   -0.001509    0.003424    0.064096     -171.269929      149.777999   12.962817    4.852257    0.124435    7.491961
    0.378109    0.869377   -0.001562    0.002237    0.059172     -173.072479      151.188600   13.064617    4.896508    0.124435    7.491961
    0.380597    0.869407   -0.001593    0.001143    0.054097     -174.861277      152.600464   13.166421    4.940762    0.124435    7.491961
    0.383085    0.869436   -0.001605    0.000143    0.048945     -176.636024      154.013617   13.268229    4.985018    0.124435    7.491961
    0.385572    0.869466   -0.001599   -0.000761    0.043783     -178.396597      155.428071   13.370040    5.029278    0.124435    7.491961
    0.388060    0.869496   -0.001577   -0.001568    0.038668     -180.143027      156.843821   13.471854    5.073541    0.124435    7.491961
    0.390547    0.869525   -0.001541   -0.002280    0.033654     -181.875485      158.260851   13.573672    5.117807    0.124435    7.491961
    0.393035    0.869553   -0.001493   -0.002899    0.028785     -183.594272      159.679132   13.675493    5.162076    0.124435    7.491961
    0.395522    0.869581   -0.001434   -0.003428    0.024101     -185.299799      161.098627   13.777318    5.206347    0.124435    7.491961
    0.398010    0.869607   -0.001366   -0.003869    0.019633     -186.992574      162.519288   13.879146    5.250621    0.124435    7.491961
    0.400498    0.869631   -0.001290   -0.004228    0.015408     -188.673186      163.941061   13.980976    5.294898    0.124435    7.491961
    0.402985    0.869655   -0.001209   -0.004508    0.011446     -190.342296      165.363884   14.082810    5.339178    0.124435    7.491961
    0.405473    0.869676   -0.001123   -0.004716    0.007763     -192.000616      166.787693   14.184646    5.383459    0.124435    7.491961
    0.407960    0.869696   -0.001033   -0.004855    0.004369     -193.648906      168.212418   14.286484    5.427743    0.124435    7.491961
    0.410448    0.869715   -0.000942   -0.004931    0.001271     -195.287952      169.637985   14.388325    5.472029    0.124435    7.491961
    0.412935    0.869732   -0.000850   -0.004950   -0.001528     -196.918564      171.064322   14.490168    5.516316    0.124435    7.491961
    0.415423    0.869747   -0.000758   -0.004918   -0.004031     -198.541561      172.491354   14.592013    5.560606    0.124435    7.491961
    0.417910    0.869760   -0.000667   -0.004839   -0.006241     -200.157761      173.919005   14.693859    5.604896    0.124435    7.491961
    0.420398    0.869771   -0.000578   -0.004719   -0.008165     -201.767976      175.347201   14.795707    5.649188    0.124435    7.491961
    0.422886    0.869781   -0.000491   -0.004565   -0.009814     -203.373002      176.775870   14.897556    5.693481    0.124435    7.491961
    0.425373    0.869790   -0.000408   -0.004379   -0.011197     -204.973615      178.204941   14.999406    5.737775    0.124435    7.491961
    0.427861    0.869797   -0.000328   -0.004169   -0.012329     -206.570560      179.634346   15.101257    5.782069    0.124435    7.491961
    0.430348    0.869802   -0.000253   -0.003938   -0.013223     -208.164554      181.064020   15.203109    5.826365    0.124435    7.491961
    0.432836    0.869806   -0.000181   -0.003690   -0.013895     -209.756274      182.493900   15.304961    5.870661    0.124435    7.491961
    0.435323    0.869809   -0.000115   -0.003430   -0.014361     -211.346359      183.923930   15.406814    5.914957    0.124435    7.491961
    0.437811    0.869810   -0.000054   -0.003161   -0.014638     -212.935405      185.354054   15.508667    5.959253    0.124435    7.491961
    0.440299    0.869811    0.000003   -0.002888   -0.014742     -214.523965      186.784223   15.610520    6.003549    0.124435    7.491961
    0.442786    0.869810    0.000054   -0.002613   -0.014689     -216.112546      188.214389   15.712373    6.047846    0.124435    7.491961
    0.445274    0.869809    0.000100   -0.002339   -0.014497     -217.701609      189.644512   15.814226    6.092142    0.124435    7.491961
    0.447761    0.869807    0.000141   -0.002068   -0.014182     -219.291568      191.074553   15.916078    6.136438    0.124435    7.491961
    0.450249    0.869804    0.000177   -0.001804   -0.013759     -220.882793      192.504479   16.017931    6.180734    0.124435    7.491961
    0.452736    0.869800    0.000208   -0.001547   -0.013244     -222.475609      193.934260   16.119783    6.225030    0.124435    7.491961
    0.455224    0.869796    0.000235   -0.001301   -0.012650     -224.070294      195.363870   16.221634    6.269325    0.124435    7.491961
    0.457711    0.869791    0.000257   -0.001065   -0.011993     -225.667089      196.793289   16.323485    6.313620    0.124435    7.491961
    0.460199    0.869786    0.000275   -0.000841   -0.011285     -227.266190      198.222498   16.425336    6.357914    0.124435    7.491961
    0.462687    0.869781    0.000288   -0.000631   -0.010538     -228.867757      199.651482   16.527186    6.402208    0.124435    7.491961
    0.465174    0.869776    0.000298   -0.000434   -0.009763     -230.471911      201.080230   16.629035    6.446501    0.124435    7.491961
    0.467662    0.869770    0.000305   -0.000252   -0.008970     -232.078742      202.508735   16.730884    6.490793    0.124435    7.491961
    0.470149    0.869764    0.000308   -0.000085   -0.008169     -233.688306      203.936991   16.832732    6.535085    0.124435    7.491961
    0.472637    0.869759    0.000308    0.000067   -0.007368     -235.300631      205.364995   16.934579    6.579377    0.124435    7.491961
    0.475124    0.869753    0.000305    0.000205   -0.006575     -236.915717      206.792747   17.036426    6.623668    0.124435    7.491961
    0.477612    0.869747    0.000300    0.000327   -0.005797     -238.533542      208.220250   17.138272    6.667958    0.124435    7.491961
    0.480100    0.869742    0.000293    0.000436   -0.005038     -240.154059      209.647508   17.240117    6.712247    0.124435    7.491961
    0.482587    0.869736    0.000284    0.000530   -0.004305     -241.777204      211.074525   17.341962    6.756537    0.124435    7.491961
    0.485075    0.869731    0.000274    0.000610   -0.003602     -243.402897      212.501311   17.443806    6.800825    0.124435    7.491961
    0.487562    0.869726    0.000262    0.000678   -0.002931     -245.031041      213.927873   17.545649    6.845113    0.124435    7.491961
    0.490050    0.869721    0.000248    0.000733   -0.002296     -246.661528      215.354222   17.647492    6.889401    0.124435    7.491961
    0.492537    0.869717    0.000234    0.000776   -0.001699     -248.294240      216.780367   17.749334    6.933688    0.124435    7.491961
    0.495025    0.869713    0.000220    0.000808   -0.001142     -249.929051      218.206322   17.851176    6.977975    0.124435    7.491961
    0.497512    0.869709    0.000204    0.000829   -0.000625     -251.565827      219.632097   17.953017    7.022261    0.124435    7.491961
    0.500000    0.869705    0.000189    0.000841   -0.000149     -253.204433      221.057705   18.054858    7.066547    0.124435    7.491961
    0.502488    0.869702    0.000173    0.000845    0.000286     -254.844728      222.483159   18.156699    7.110832    0.124435    7.491961
    0.504975    0.869699    0.000157    0.000840    0.000680     -256.486572      223.908471   18.258539    7.155117    0.124435    7.491961
    0.507463    0.869696    0.000142    0.000827    0.001034     -258.129823      225.333656   18.360379    7.199402    0.124435    7.491961
    0.509950    0.869693    0.000127    0.000808    0.001350     -259.774344      226.758724   18.462218    7.243687    0.124435    7.491961
    0.512438    0.869691    0.000112    0.000783    0.001627     -261.419996      228.183689   18.564057    7.287971    0.124435    7.491961
    0.514925    0.869689    0.000097    0.000753    0.001868     -263.066648      229.608563   18.665896    7.332255    0.124435    7.491961
    0.517413    0.869687    0.000084    0.000719    0.002075     -264.714172      231.033358   18.767735    7.376539    0.124435    7.491961
    0.519900    0.869686    0.000071    0.000680    0.002250     -266.362444      232.458084   18.869573    7.420823    0.124435    7.491961
    0.522388    0.869685    0.000058    0.000639    0.002394     -268.011347      233.882752   18.971412    7.465107    0.124435    7.491961
    0.524876    0.869684    0.000047    0.000594    0.002509     -269.660773      235.307373   19.073250    7.509390    0.124435    7.491961
    0.527363    0.869683    0.000036    0.000548    0.002599     -271.310618      236.731956   19.175088    7.553674    0.124435    7.491961
    0.529851    0.869682    0.000026    0.000499    0.002665     -272.960788      238.156509   19.276926    7.597957    0.124435    7.491961
    0.532338    0.869682    0.000018    0.000450    0.002709     -274.611194      239.581040   19.378764    7.642241    0.124435    7.491961
    0.534826    0.869682    0.000010    0.000399    0.002734     -276.261758      241.005557   19.480602    7.686524    0.124435    7.491961
    0.537313    0.869682    0.000003    0.000348    0.002742     -277.912409      242.430066   19.582440    7.730807    0.124435    7.491961
    0.539801    0.869682   -0.000003    0.000297    0.002736     -279.563085      243.854573   19.684278    7.775091    0.124435    7.491961
    0.542289    0.869682   -0.000008    0.000246    0.002717     -281.213731      245.279083   19.786116    7.819374    0.124435    7.491961
    0.544776    0.869682   -0.000013    0.000196    0.002689     -282.864304      246.703599   19.887954    7.863657    0.124435    7.491961
    0.547264    0.869682   -0.000016    0.000146    0.002652     -284.514765      248.128125   19.989792    7.907940    0.124435    7.491961
    0.549751    0.869683   -0.000018    0.000096    0.002609     -286.165087      249.552664   20.091630    7.952224    0.124435    7.491961
    0.552239    0.869683   -0.000019    0.000047    0.002563     -287.815250      250.977218   20.193468    7.996507    0.124435    7.491961
    0.554726    0.869683   -0.000020   -0.000000    0.002515     -289.465240      252.401787   20.295306    8.040791    0.124435    7.491961
    0.557214    0.869684   -0.000019   -0.000047    0.002467     -291.115055      253.826373   20.397144    8.085074    0.124435    7.491961
    0.559701    0.869684   -0.000018   -0.000093    0.002420     -292.764699      255.250974   20.498983    8.129358    0.124435    7.491961
    0.562189    0.869684   -0.000016   -0.000138    0.002378     -294.414183      256.675589   20.600821    8.173641    0.124435    7.491961
    0.564677    0.869685   -0.000013   -0.000183    0.002340     -296.063526      258.100218   20.702659    8.217925    0.124435    7.491961
    0.567164    0.869685   -0.000009   -0.000226    0.002309     -297.712755      259.524856   20.804497    8.262208    0.124435    7.491961
    0.569652    0.869685   -0.000004   -0.000269    0.002287     -299.361904      260.949503   20.906336    8.306492    0.124435    7.491961
    0.572139    0.869685    0.000001   -0.000312    0.002275     -301.011015      262.374152   21.008174    8.350776    0.124435    7.491961
    0.574627    0.869685    0.000007   -0.000354    0.002274     -302.660136      263.798801   21.110012    8.395059    0.124435    7.491961
    0.577114    0.869685    0.000014   -0.000396    0.002286     -304.309323      265.223444   21.211851    8.439343    0.124435    7.491961
    0.579602    0.869684    0.000022   -0.000439    0.002312     -305.958637      266.648075   21.313689    8.483626    0.124435    7.491961
    0.582090    0.869684    0.000031   -0.000481    0.002354     -307.608149      268.072688   21.415527    8.527910    0.124435    7.491961
    0.584577    0.869683    0.000040   -0.000525    0.002412     -309.257935      269.497276   21.517365    8.572193    0.124435    7.491961
    0.587065    0.869682    0.000050   -0.000570    0.002489     -310.908079      270.921831   21.619204    8.616477    0.124435    7.491961
    0.589552    0.869681    0.000061   -0.000615    0.002585     -312.558673      272.346345   21.721041    8.660760    0.124435    7.491961
    0.592040    0.869680    0.000073   -0.000663    0.002703     -314.209814      273.770810   21.822879    8.705043    0.124435    7.491961
    0.594527    0.869679    0.000086   -0.000713    0.002842     -315.861610      275.195214   21.924717    8.749326    0.124435    7.491961
    0.597015    0.869677    0.000100   -0.000765    0.003006     -317.514174      276.619549   22.026554    8.793609    0.124435    7.491961
    0.599502    0.869675    0.000114   -0.000820    0.003194     -319.167631      278.043802   22.128392    8.837892    0.124435    7.491961
    0.601990    0.869673    0.000130   -0.000878    0.003410     -320.822111      279.467961   22.230229    8.882175    0.124435    7.491961
    0.604478    0.869670    0.000147   -0.000941    0.003653     -322.477757      280.892014   22.332065    8.926457    0.124435    7.491961
    0.606965    0.869667    0.000165   -0.001008    0.003928     -324.134719      282.315947   22.433902    8.970739    0.124435    7.491961
    0.609453    0.869664    0.000185   -0.001079    0.004234     -325.793159      283.739745   22.535738    9.015020    0.124435    7.491961
    0.611940    0.869660    0.000206   -0.001156    0.004574     -327.453252      285.163393   22.637574    9.059302    0.124435    7.491961
    0.614428    0.869656    0.000228   -0.001240    0.004950     -329.115182      286.586872   22.739409    9.103583    0.124435    7.491961
    0.616915    0.869652    0.000252   -0.001330    0.005365     -330.779149      288.010165   22.841243    9.147863    0.124435    7.491961
    0.619403    0.869647    0.000278   -0.001428    0.005821     -332.445367      289.433253   22.943078    9.192143    0.124435    7.491961
    0.621891    0.869641    0.000305   -0.001534    0.006320     -334.114063      290.856115   23.044911    9.236423    0.124435    7.491961
    0.624378    0.869635    0.000335   -0.001648    0.006866     -335.785484      292.278727   23.146744    9.280701    0.124435    7.491961
    0.626866    0.869629    0.000367   -0.001773    0.007462     -337.459893      293.701067   23.248576    9.324980    0.124435    7.491961
    0.629353    0.869622    0.000401   -0.001909    0.008110     -339.137575      295.123108   23.350408    9.369257    0.124435    7.491961
    0.631841    0.869614    0.000438   -0.002056    0.008815     -340.818832      296.544822   23.452238    9.413534    0.124435    7.491961
    0.634328    0.869605    0.000478   -0.002216    0.009580     -342.503995      297.966179   23.554068    9.457810    0.124435    7.491961
    0.636816    0.869596    0.000521   -0.002390    0.010411     -344.193415      299.387147   23.655896    9.502085    0.124435    7.491961
    0.639303    0.869586    0.000567   -0.002579    0.011311     -345.887473      300.807690   23.757723    9.546359    0.124435    7.491961
    0.641791    0.869575    0.000617   -0.002784    0.012285     -347.586580      302.227773   23.859549    9.590632    0.124435    7.491961
    0.644279    0.869563    0.000671   -0.003007    0.013339     -349.291176      303.647353   23.961374    9.634904    0.124435    7.491961
    0.646766    0.869550    0.000729   -0.003249    0.014479     -351.001740      305.066387   24.063197    9.679174    0.124435    7.491961
    0.649254    0.869536    0.000792   -0.003511    0.015710     -352.718784      306.484828   24.165019    9.723444    0.124435    7.491961
    0.651741    0.869520    0.000860   -0.003796    0.017041     -354.442865      307.902625   24.266839    9.767711    0.124435    7.491961
    0.654229    0.869504    0.000934   -0.004105    0.018477     -356.174581      309.319723   24.368657    9.811977    0.124435    7.491961
    0.656716    0.869485    0.001013   -0.004440    0.020028     -357.914579      310.736062   24.470473    9.856241    0.124435    7.491961
    0.659204    0.869466    0.001099   -0.004802    0.021701     -359.663558      312.151579   24.572287    9.900504    0.124435    7.491961
    0.661692    0.869444    0.001192   -0.005195    0.023505     -361.422272      313.566203   24.674099    9.944764    0.124435    7.491961
    0.664179    0.869421    0.001293   -0.005621    0.025451     -363.191535      314.979859   24.775907    9.989022    0.124435    7.491961
    0.666667    0.869396    0.001402   -0.006081    0.027549     -364.972225      316.392468   24.877713   10.033277    0.124435    7.491961
    0.669154    0.869369    0.001520   -0.006580    0.029810     -366.765291      317.803940   24.979516   10.077530    0.124435    7.491961
    0.671642    0.869339    0.001648   -0.007119    0.032246     -368.571757      319.214181   25.081316   10.121780    0.124435    7.491961
    0.674129    0.869307    0.001786   -0.007702    0.034870     -370.392729      320.623089   25.183112   10.166027    0.124435    7.491961
    0.676617    0.869273    0.001935   -0.008332    0.037697     -372.229396      322.030554   25.284904   10.210270    0.124435    7.491961
    0.679104    0.869235    0.002097   -0.009014    0.040740     -374.083046      323.436456   25.386692   10.254510    0.124435    7.491961
    0.681592    0.869195    0.002271   -0.009750    0.044017     -375.955063      324.840667   25.488475   10.298746    0.124435    7.491961
    0.684080    0.869151    0.002460   -0.010545    0.047543     -377.846941      326.243047   25.590254   10.342977    0.124435    7.491961
    0.686567    0.869103    0.002665   -0.011403    0.051336     -379.760288      327.643446   25.692027   10.387204    0.124435    7.491961
    0.689055    0.869051    0.002886   -0.012330    0.055417     -381.696835      329.041702   25.793794   10.431425    0.124435    7.491961
    0.691542    0.868995    0.003125   -0.013329    0.059805     -383.658449      330.437642   25.895555   10.475641    0.124435    7.491961
    0.694030    0.868934    0.003383   -0.014408    0.064522     -385.647132      331.831076   25.997309   10.519852    0.124435    7.491961
    0.696517    0.868869    0.003662   -0.015572    0.069590     -387.665040      333.221802   26.099056   10.564055    0.124435    7.491961
    0.699005    0.868798    0.003964   -0.016826    0.075035     -389.714488      334.609602   26.200794   10.608252    0.124435    7.491961
    0.701493    0.868721    0.004290   -0.018178    0.080882     -391.797963      335.994239   26.302524   10.652441    0.124435    7.491961
    0.703980    0.868638    0.004642   -0.019634    0.087157     -393.918129      337.375462   26.404245   10.696622    0.124435    7.491961
    0.706468    0.868548    0.005023   -0.021204    0.093891     -396.077846      338.752997   26.505955   10.740794    0.124435    7.491961
    0.708955    0.868450    0.005433   -0.022893    0.101111     -398.280175      340.126553   26.607655   10.784956    0.124435    7.491961
    0.711443    0.868345    0.005877   -0.024712    0.108851     -400.528389      341.495814   26.709343   10.829108    0.124435    7.491961
    0.713930    0.868231    0.006355   -0.026669    0.117143     -402.825991      342.860442   26.811017   10.873249    0.124435    7.491961
    0.716418    0.868108    0.006872   -0.028775    0.126022     -405.176717      344.220077   26.912678   10.917378    0.124435    7.491961
    0.718905    0.867975    0.007429   -0.031039    0.135522     -407.584556      345.574328   27.014324   10.961493    0.124435    7.491961
    0.721393    0.867831    0.008030   -0.033472    0.145683     -410.053753      346.922781   27.115954   11.005594    0.124435    7.491961
    0.723881    0.867675    0.008678   -0.036087    0.156541     -412.588825      348.264988   27.217566   11.049680    0.124435    7.491961
    0.726368    0.867507    0.009376   -0.038895    0.168136     -415.194573      349.600475   27.319160   11.093749    0.124435    7.491961
    0.728856    0.867325    0.010129   -0.041910    0.180510     -417.876083      350.928731   27.420732   11.137800    0.124435    7.491961
    0.731343    0.867129    0.010939   -0.045145    0.193702     -420.638746      352.249212   27.522283   11.181831    0.124435    7.491961
    0.733831    0.866917    0.011813   -0.048614    0.207756     -423.488255      353.561341   27.623810   11.225841    0.124435    7.491961
    0.736318    0.866688    0.012753   -0.052332    0.222712     -426.430615      354.864498   27.725311   11.269829    0.124435    7.491961
    0.738806    0.866441    0.013765   -0.056316    0.238615     -429.472147      356.158027   27.826784   11.313792    0.124435    7.491961
    0.741294    0.866175    0.014854   -0.060582    0.255504     -432.619488      357.441230   27.928227   11.357728    0.124435    7.491961
    0.743781    0.865887    0.016025   -0.065147    0.273421     -435.879585      358.713368   28.029638   11.401635    0.124435    7.491961
    0.746269    0.865577    0.017284   -0.070028    0.292406     -439.259695      359.973655   28.131014   11.445511    0.124435    7.491961
    0.748756    0.865242    0.018637   -0.075244    0.312495     -442.767373      361.221262   28.232352   11.489353    0.124435    7.491961
    0.751244    0.864882    0.020091   -0.080815    0.333725     -446.410456      362.455314   28.333649   11.533160    0.124435    7.491961
    0.753731    0.864493    0.021652   -0.086759    0.356127     -450.197044      363.674888   28.434902   11.576926    0.124435    7.491961
    0.756219    0.864074    0.023327   -0.093097    0.379728     -454.135475      364.879013   28.536108   11.620651    0.124435    7.491961
    0.758706    0.863623    0.025124   -0.099849    0.404551     -458.234292      366.066671   28.637264   11.664330    0.124435    7.491961
    0.761194    0.863137    0.027052   -0.107036    0.430614     -462.502204      367.236796   28.738364   11.707959    0.124435    7.491961
    0.763682    0.862614    0.029117   -0.114679    0.457926     -466.948035      368.388275   28.839405   11.751535    0.124435    7.491961
    0.766169    0.862051    0.031329   -0.122798    0.486490     -471.580672      369.519947   28.940383   11.795054    0.124435    7.491961
    0.768657    0.861445    0.033697   -0.131415    0.516299     -476.408996      370.630609   29.041293   11.838510    0.124435    7.491961
    0.771144    0.860794    0.036231   -0.140549    0.547335     -481.441808      371.719015   29.142128   11.881899    0.124435    7.491961
    0.773632    0.860094    0.038939   -0.150222    0.579572     -486.687742      372.783877   29.242885   11.925217    0.124435    7.491961
    0.776119    0.859342    0.041833   -0.160452    0.612967     -492.155169      373.823875   29.343557   11.968456    0.124435    7.491961
    0.778607    0.858534    0.044923   -0.171257    0.647468     -497.852095      374.837655   29.444137   12.011612    0.124435    7.491961
    0.781095    0.857667    0.048220   -0.182656    0.683006     -503.786039      375.823838   29.544620   12.054678    0.124435    7.491961
    0.783582    0.856736    0.051735   -0.194663    0.719497     -509.963915      376.781025   29.644997   12.097646    0.124435    7.491961
    0.786070    0.855738    0.055480   -0.207294    0.756842     -516.391890      377.707804   29.745261   12.140510    0.124435    7.491961
    0.788557    0.854668    0.059466   -0.220560    0.794924     -523.075253      378.602758   29.845404   12.183261    0.124435    7.491961
    0.791045    0.853521    0.063705   -0.234471    0.833608     -530.018261      379.464474   29.945418   12.225891    0.124435    7.491961
    0.793532    0.852293    0.068209   -0.249034    0.872745     -537.223998      380.291555   30.045292   12.268390    0.124435    7.491961
    0.796020    0.850979    0.072991   -0.264255    0.912166     -544.694220      381.082626   30.145018   12.310750    0.124435    7.491961
    0.798507    0.849573    0.078063   -0.280134    0.951688     -552.429214      381.836349   30.244585   12.352959    0.124435    7.491961
    0.800995    0.848070    0.083437   -0.296670    0.991111     -560.427656      382.551434   30.343981   12.395007    0.124435    7.491961
    0.803483    0.846465    0.089125   -0.313857    1.030220     -568.686480      383.226653   30.443195   12.436882    0.124435    7.491961
    0.805970    0.844751    0.095140   -0.331684    1.068791     -577.200766      383.860850   30.542215   12.478571    0.124435    7.491961
    0.808458    0.842922    0.101492   -0.350140    1.106587     -585.963644      384.452955   30.641028   12.520061    0.124435    7.491961
    0.810945    0.840972    0.108194   -0.369205    1.143363     -594.966215      385.002000   30.739619   12.561338    0.124435    7.491961
    0.813433    0.838895    0.115257   -0.388858    1.178873     -604.197507      385.507128   30.837975   12.602387    0.124435    7.491961
    0.815920    0.836683    0.122692   -0.409072    1.212867     -613.644458      385.967605   30.936080   12.643193    0.124435    7.491961
    0.818408    0.834331    0.130508   -0.429818    1.245097     -623.291931      386.382836   31.033918   12.683738    0.124435    7.491961
    0.820896    0.831830    0.138716   -0.451059    1.275322     -633.122766      386.752368   31.131471   12.724007    0.124435    7.491961
    0.823383    0.829175    0.147324   -0.472758    1.303311     -643.117870      387.075905   31.228723   12.763979    0.124435    7.491961
    0.825871    0.826356    0.156340   -0.494871    1.328847     -653.256346      387.353312   31.325654   12.803636    0.124435    7.491961
    0.828358    0.823369    0.165771   -0.517353    1.351731     -663.515653      387.584621   31.422245   12.842959    0.124435    7.491961
    0.830846    0.820203    0.175625   -0.540154    1.371784     -673.871808      387.770034   31.518477   12.881926    0.124435    7.491961
    0.833333    0.816853    0.185906   -0.563223    1.388853     -684.299615      387.909923   31.614327   12.920516    0.124435    7.491961
    0.835821    0.813311    0.196620   -0.586506    1.402812     -694.772927      388.004832   31.709773   12.958706    0.124435    7.491961
    0.838308    0.809569    0.207768   -0.609947    1.413563     -705.264921      388.055471   31.804793   12.996473    0.124435    7.491961
    0.840796    0.805620    0.219355   -0.633489    1.421042     -715.748398      388.062711   31.899363   13.033793    0.124435    7.491961
    0.843284    0.801456    0.231381   -0.657076    1.425217     -726.196088      388.027574   31.993458   13.070643    0.124435    7.491961
    0.845771    0.797070    0.243847   -0.680648    1.426088     -736.580952      387.951229   32.087052   13.106996    0.124435    7.491961
    0.848259    0.792455    0.256751   -0.704151    1.423688     -746.876490      387.834974   32.180119   13.142828    0.124435    7.491961
    0.850746    0.787603    0.270092   -0.727528    1.418081     -757.057021      387.680227   32.272632   13.178113    0.124435    7.491961
    0.853234    0.782507    0.283867   -0.750726    1.409362     -767.097959      387.488508   32.364563   13.212824    0.124435    7.491961
    0.855721    0.777161    0.298073   -0.773692    1.397654     -776.976049      387.261428   32.455882   13.246936    0.124435    7.491961
    0.858209    0.771558    0.312704   -0.796378    1.383105     -786.669587      387.000669   32.546561   13.280421    0.124435    7.491961
    0.860697    0.765693    0.327754   -0.818738    1.365883     -796.158596      386.707970   32.636568   13.313255    0.124435    7.491961
    0.863184    0.759558    0.343218   -0.840729    1.346178     -805.424970      386.385109   32.725872   13.345411    0.124435    7.491961
    0.865672    0.753147    0.359089   -0.862313    1.324193     -814.452582      386.033890   32.814443   13.376864    0.124435    7.491961
    0.868159    0.746457    0.375357   -0.883453    1.300142     -823.227348      385.656122   32.902246   13.407588    0.124435    7.491961
    0.870647    0.739481    0.392015   -0.904120    1.274249     -831.737267      385.253610   32.989249   13.437560    0.124435    7.491961
    0.873134    0.732215    0.409054   -0.924285    1.246739     -839.972411      384.828139   33.075418   13.466756    0.124435    7.491961
    0.875622    0.724655    0.426463   -0.943927    1.217840     -847.924895      384.381461   33.160719   13.495154    0.124435    7.491961
    0.878109    0.716796    0.444234   -0.963025    1.187778     -855.588819      383.915283   33.245117   13.522733    0.124435    7.491961
    0.880597    0.708635    0.462355   -0.981565    1.156773     -862.960173      383.431261   33.328578   13.549472    0.124435    7.491961
    0.883085    0.700169    0.480816   -0.999536    1.125038     -870.036742      382.930987   33.411065   13.575355    0.124435    7.491961
    0.885572    0.691395    0.499607   -1.016929    1.092775     -876.817975      382.415985   33.492542   13.600364    0.124435    7.491961
    0.888060    0.682311    0.518717   -1.033741    1.060177     -883.304857      381.887701   33.572974   13.624484    0.124435    7.491961
    0.890547    0.672915    0.538135   -1.049971    1.027424     -889.499767      381.347506   33.652325   13.647704    0.124435    7.491961
    0.893035    0.663207    0.557850   -1.065620    0.994680     -895.406330      380.796686   33.730556   13.670011    0.124435    7.491961
    0.895522    0.653184    0.577851   -1.080693    0.962098     -901.029273      380.236440   33.807633   13.691398    0.124435    7.491961
    0.898010    0.642847    0.598127   -1.095196    0.929814     -906.374281      379.667886   33.883517   13.711857    0.124435    7.491961
    0.900498    0.632196    0.618669   -1.109140    0.897953     -911.447853      379.092052   33.958173   13.731387    0.124435    7.491961
    0.902985    0.621230    0.639465   -1.122533    0.866621     -916.257171      378.509882   34.031562   13.749984    0.124435    7.491961
    0.905473    0.609952    0.660506   -1.135390    0.835914     -920.809971      377.922234   34.103650   13.767650    0.124435    7.491961
    0.907960    0.598363    0.681782   -1.147724    0.805912     -925.114427      377.329887   34.174399   13.784388    0.124435    7.491961
    0.910448    0.586464    0.703283   -1.159550    0.776684     -929.179040      376.733537   34.243772   13.800205    0.124435    7.491961
    0.912935    0.574258    0.724999   -1.170884    0.748286     -933.012540      376.133804   34.311734   13.815110    0.124435    7.491961
    0.915423    0.561748    0.746923   -1.181743    0.720764     -936.623800      375.531233   34.378249   13.829113    0.124435    7.491961
    0.917910    0.548936    0.769044   -1.192143    0.694154     -940.021751      374.926297   34.443282   13.842229    0.124435    7.491961
    0.920398    0.535827    0.791355   -1.202102    0.668480     -943.215317      374.319402   34.506796   13.854474    0.124435    7.491961
    0.922886    0.522425    0.813848   -1.211639    0.643760     -946.213354      373.710890   34.568759   13.865867    0.124435    7.491961
    0.925373    0.508734    0.836515   -1.220771    0.620004     -949.024596      373.101039   34.629135   13.876428    0.124435    7.491961
    0.927861    0.494758    0.859348   -1.229515    0.597214     -951.657615      372.490073   34.687891   13.886182    0.124435    7.491961
    0.930348    0.480504    0.882341   -1.237891    0.575388     -954.120784      371.878158   34.744994   13.895153    0.124435    7.491961
    0.932836    0.465977    0.905486   -1.245915    0.554517     -956.422243      371.265410   34.800412   13.903368    0.124435    7.491961
    0.935323    0.451182    0.928778   -1.253604    0.534586     -958.569881      370.651895   34.854114   13.910858    0.124435    7.491961
    0.937811    0.436127    0.952210   -1.260976    0.515577     -960.571319      370.037637   34.906067   13.917653    0.124435    7.491961
    0.940299    0.420818    0.975777   -1.268047    0.497469     -962.433890      369.422612   34.956243   13.923785    0.124435    7.491961
    0.942786    0.405262    0.999473   -1.274833    0.480234     -964.164636      368.806762   35.004611   13.929288    0.124435    7.491961
    0.945274    0.389466    1.023293   -1.281350    0.463842     -965.770302      368.189985   35.051144   13.934196    0.124435    7.491961
    0.947761    0.373439    1.047232   -1.287613    0.448259     -967.257330      367.572150   35.095814   13.938546    0.124435    7.491961
    0.950249    0.357189    1.071285   -1.293636    0.433446     -968.631867      366.953087   35.138593   13.942373    0.124435    7.491961
    0.952736    0.340723    1.095449   -1.299434    0.419358     -969.899758      366.332600   35.179457   13.945714    0.124435    7.491961
    0.955224    0.324051    1.119718   -1.305018    0.405945     -971.066561      365.710460   35.218381   13.948607    0.124435    7.491961
    0.957711    0.307181    1.144090   -1.310401    0.393148     -972.137543      365.086413   35.255341   13.951087    0.124435    7.491961
    0.960199    0.290122    1.168560   -1.315596    0.380898     -973.117697      364.460178   35.290314   13.953192    0.124435    7.491961
    0.962687    0.272885    1.193125   -1.320611    0.369112     -974.011743      363.831451   35.323280   13.954957    0.124435    7.491961
    0.965174    0.255479    1.217783   -1.325457    0.357691     -974.824142      363.199904   35.354216   13.956419    0.124435    7.491961
    0.967662    0.237914    1.242529   -1.330141    0.346510     -975.559104      362.565189   35.383106   13.957611    0.124435    7.491961
    0.970149    0.220199    1.267361   -1.334669    0.335413     -976.220596      361.926936   35.409929   13.958567    0.124435    7.491961
    0.972637    0.202347    1.292276   -1.339044    0.324200     -976.812359      361.284759   35.434670   13.959318    0.124435    7.491961
    0.975124    0.184366    1.317271   -1.343267    0.312613     -977.337913      360.638253   35.457313   13.959895    0.124435    7.491961
    0.977612    0.166268    1.342343   -1.347333    0.300316     -977.800571      359.986995   35.477843   13.960325    0.124435    7.491961
    0.980100    0.148065    1.367489   -1.351235    0.286864     -978.203451      359.330549   35.496248   13.960636    0.124435    7.491961
    0.982587    0.129766    1.392707   -1.354956    0.271668     -978.549487      358.668464   35.512516   13.960851    0.124435    7.491961
    0.985075    0.111385    1.417992   -1.358471    0.253941     -978.841445      358.000276   35.526635   13.960992    0.124435    7.491961
    0.987562    0.092931    1.443340   -1.361740    0.232622     -979.081934      357.325509   35.538599   13.961078    0.124435    7.491961
    0.990050    0.074417    1.468747   -1.364708    0.206283     -979.273430      356.643676   35.548397   13.961126    0.124435    7.491961
    0.992537    0.055855    1.494205   -1.367291    0.172990     -979.418290      355.954280   35.556025   13.961148    0.124435    7.491961
    0.995025    0.037257    1.519707   -1.369376    0.130115     -979.518795      355.256817   35.561477   13.961157    0.124435    7.491961
    0.997512    0.018635    1.545242   -1.370801    0.074081     -979.577208      354.550773   35.564749   13.961159    0.124435    7.491961
    1.000000    0.000000    1.570796   -1.371340    0.000000     -979.595975      353.835629   35.565841   13.961159    0.124435    7.491961
