           t           r         psi          cs          qs               p             sig           A           V          Q2           S
    0.000000   -0.000000   -1.570796   -0.881337    0.000000     -406.208537      234.803192    0.000000    0.000000    0.119029    5.069421
    0.009804    0.049684   -1.526943   -0.884260    0.145290     -406.298894      232.888422    0.007759    0.000004    0.119029    5.069421
    0.019608    0.099273   -1.482834   -0.891253    0.233028     -406.591671      231.032213    0.031020    0.000068    0.119029    5.069421
    0.029412    0.148667   -1.438310   -0.900794    0.294034     -407.120107      229.224932    0.069740    0.000342    0.119029    5.069421
    0.039216    0.197768   -1.393263   -0.912258    0.344440     -407.924072      227.457417    0.123840    0.001080    0.119029    5.069421
    0.049020    0.246470   -1.347602   -0.925496    0.393230     -409.052906      225.721052    0.193214    0.002632    0.119029    5.069421
    0.058824    0.294666   -1.301237   -0.940630    0.445964     -410.568145      224.007864    0.277721    0.005442    0.119029    5.069421
    0.068627    0.342243   -1.254067   -0.957963    0.506665     -412.546882      222.310668    0.377184    0.010044    0.119029    5.069421
    0.078431    0.389082   -1.205971   -0.977945    0.578787     -415.086059      220.623282    0.491392    0.017052    0.119029    5.069421
    0.088235    0.435058   -1.156805   -1.001170    0.665709     -418.307967      218.940853    0.620095    0.027150    0.119029    5.069421
    0.098039    0.480039   -1.106389   -1.028380    0.770940     -422.367223      217.260362    0.763004    0.041086    0.119029    5.069421
    0.107843    0.523881   -1.054503   -1.060478    0.898045     -427.459418      215.581403    0.919786    0.059652    0.119029    5.069421
    0.117647    0.566429   -1.000878   -1.098527    1.050229     -433.831301      213.907378    1.090060    0.083674    0.119029    5.069421
    0.127451    0.607511   -0.945190   -1.143718    1.229336     -441.791609      212.247352    1.273397    0.113991    0.119029    5.069421
    0.137255    0.646936   -0.887054   -1.197273    1.433947     -451.719740      210.618897    1.469310    0.151437    0.119029    5.069421
    0.147059    0.684492   -0.826025   -1.260234    1.656054     -464.065391      209.052438    1.677248    0.196808    0.119029    5.069421
    0.156863    0.719934   -0.761622   -1.333049    1.875851     -479.323877      207.597767    1.896590    0.250833    0.119029    5.069421
    0.166667    0.752991   -0.693369   -1.414868    2.054531     -497.956279      206.333482    2.126635    0.314125    0.119029    5.069421
    0.176471    0.783358   -0.620886   -1.502469    2.126387     -520.198539      205.379789    2.366592    0.387118    0.119029    5.069421
    0.186275    0.810705   -0.544040   -1.588855    1.994687     -545.676571      204.913572    2.615568    0.469998    0.119029    5.069421
    0.196078    0.834697   -0.463171   -1.661890    1.540909     -572.755263      205.180603    2.872569    0.562610    0.119029    5.069421
    0.205882    0.855022   -0.379359   -1.703918    0.661094     -597.707499      206.491736    3.136497    0.664374    0.119029    5.069421
    0.215686    0.871449   -0.294664   -1.693893   -0.663875     -614.242649      209.180549    3.406168    0.774245    0.119029    5.069421
    0.225490    0.883890   -0.212161   -1.613258   -2.289051     -614.534875      213.502426    3.680346    0.890750    0.119029    5.069421
    0.235294    0.892454   -0.135609   -1.454572   -3.888945     -592.605936      219.492848    3.957798    1.012135    0.119029    5.069421
    0.245098    0.897475   -0.068709   -1.228093   -5.070355     -548.570296      226.869713    4.237360    1.136610    0.119029    5.069421
    0.254902    0.899480   -0.014219   -0.960625   -5.568496     -489.840770      235.080218    4.518003    1.262600    0.119029    5.069421
    0.264706    0.899114    0.026662   -0.686050   -5.369468     -427.499263      243.487594    4.798884    1.388909    0.119029    5.069421
    0.274510    0.897050    0.054351   -0.433804   -4.666456     -371.080056      251.569256    5.079369    1.514762    0.119029    5.069421
    0.284314    0.893907    0.070461   -0.222095   -3.720673     -325.845189      259.011568    5.359026    1.639733    0.119029    5.069421
    0.294118    0.890207    0.077213   -0.057498   -2.747668     -293.108322      265.695781    5.637602    1.763644    0.119029    5.069421
    0.303922    0.886356    0.076930    0.061722   -1.876423     -271.829082      271.634544    5.914990    1.886473    0.119029    5.069421
    0.313725    0.882648    0.071729    0.141666   -1.160170     -260.032949      276.909207    6.191192    2.008281    0.119029    5.069421
    0.323529    0.879284    0.063375    0.189840   -0.604242     -255.638791      281.626882    6.466285    2.129172    0.119029    5.069421
    0.333333    0.876382    0.053264    0.213487   -0.190762     -256.813099      285.896712    6.740398    2.249273    0.119029    5.069421
    0.343137    0.874003    0.042456    0.218865    0.105586     -262.062119      289.819008    7.013685    2.368718    0.119029    5.069421
    0.352941    0.872162    0.031726    0.211083    0.309499     -270.210220      293.481523    7.286314    2.487644    0.119029    5.069421
    0.362745    0.870840    0.021625    0.194201    0.441906     -280.342420      296.959134    7.558449    2.606179    0.119029    5.069421
    0.372549    0.869996    0.012520    0.171407    0.519392     -291.744959      300.314886    7.830247    2.724445    0.119029    5.069421
    0.382353    0.869575    0.004643    0.145197    0.554716     -303.855872      303.601383    8.101850    2.842554    0.119029    5.069421
    0.392157    0.869512   -0.001888    0.117530    0.557671     -316.227975      306.862090    8.373379    2.960603    0.119029    5.069421
    0.401961    0.869740   -0.007041    0.089939    0.535916     -328.503131      310.132393    8.644935    3.078675    0.119029    5.069421
    0.411765    0.870190   -0.010849    0.063605    0.495657     -340.395586      313.440400    8.916599    3.196837    0.119029    5.069421
    0.421569    0.870797   -0.013399    0.039418    0.442143     -351.682029      316.807554    9.188429    3.315140    0.119029    5.069421
    0.431373    0.871503   -0.014814    0.018009    0.379976     -362.196186      320.249117    9.460466    3.433620    0.119029    5.069421
    0.441176    0.872253   -0.015242   -0.000224    0.313286     -371.825968      323.774613    9.732732    3.552297    0.119029    5.069421
    0.450980    0.873004   -0.014847   -0.015092    0.245780     -380.511485      327.388299   10.005233    3.671180    0.119029    5.069421
    0.460784    0.873718   -0.013798   -0.026593    0.180721     -388.242586      331.089708   10.277964    3.790265    0.119029    5.069421
    0.470588    0.874367   -0.012257   -0.034888    0.120863     -395.055013      334.874278   10.550908    3.909538    0.119029    5.069421
    0.480392    0.874931   -0.010378   -0.040269    0.068388     -401.024767      338.734087   10.824042    4.028979    0.119029    5.069421
    0.490196    0.875396   -0.008296   -0.043131    0.024858     -406.260789      342.658630   11.097337    4.148564    0.119029    5.069421
    0.500000    0.875754   -0.006125   -0.043938   -0.008788     -410.896450      346.635622   11.370760    4.268263    0.119029    5.069421
    0.509804    0.876004   -0.003954   -0.043191   -0.032187     -415.080658      350.651758   11.644279    4.388048    0.119029    5.069421
    0.519608    0.876148   -0.001849   -0.041400   -0.045472     -418.969406      354.693375   11.917859    4.507887    0.119029    5.069421
    0.529412    0.876190    0.000152   -0.039063   -0.049150     -422.718550      358.746997   12.191468    4.627752    0.119029    5.069421
    0.539216    0.876135    0.002032   -0.036645   -0.043969     -426.478360      362.799702   12.465074    4.747615    0.119029    5.069421
    0.549020    0.875990    0.003800   -0.034572   -0.030787     -430.390105      366.839340   12.738649    4.867450    0.119029    5.069421
    0.558824    0.875759    0.005481   -0.033228   -0.010452     -434.584709      370.854579   13.012166    4.987232    0.119029    5.069421
    0.568627    0.875446    0.007121   -0.032951    0.016298     -439.183274      374.834803   13.285597    5.106939    0.119029    5.069421
    0.578431    0.875051    0.008779   -0.034047    0.048902     -444.299128      378.769889   13.558918    5.226548    0.119029    5.069421
    0.588235    0.874571    0.010532   -0.036796    0.087027     -450.041008      382.649891   13.832102    5.346036    0.119029    5.069421
    0.598039    0.874001    0.012468   -0.041460    0.130577     -456.516908      386.464638   14.105123    5.465378    0.119029    5.069421
    0.607843    0.873327    0.014689   -0.048299    0.179692     -463.838157      390.203303   14.377950    5.584548    0.119029    5.069421
    0.617647    0.872534    0.017310   -0.057578    0.234708     -472.123236      393.853942   14.650548    5.703514    0.119029    5.069421
    0.627451    0.871598    0.020458   -0.069579    0.296101     -481.500811      397.403046   14.922877    5.822239    0.119029    5.069421
    0.637255    0.870490    0.024276   -0.084600    0.364398     -492.111410      400.835143   15.194888    5.940679    0.119029    5.069421
    0.647059    0.869172    0.028922   -0.102961    0.440063     -504.107046      404.132473   15.466521    6.058777    0.119029    5.069421
    0.656863    0.867599    0.034571   -0.124992    0.523355     -517.648048      407.274810   15.737704    6.176467    0.119029    5.069421
    0.666667    0.865716    0.041413   -0.151024    0.614154     -532.896332      410.239470   16.008348    6.293664    0.119029    5.069421
    0.676471    0.863460    0.049654   -0.181367    0.711789     -550.004469      413.001578   16.278349    6.410268    0.119029    5.069421
    0.686275    0.860756    0.059517   -0.216277    0.814858     -569.100302      415.534663   16.547577    6.526153    0.119029    5.069421
    0.696078    0.857517    0.071231   -0.255921    0.921105     -590.267520      417.811617   16.815879    6.641168    0.119029    5.069421
    0.705882    0.853647    0.085034   -0.300337    1.027369     -613.523649      419.806045   17.083075    6.755132    0.119029    5.069421
    0.715686    0.849037    0.101161   -0.349393    1.129666     -638.798200      421.493944   17.348949    6.867827    0.119029    5.069421
    0.725490    0.843567    0.119836   -0.402756    1.223425     -665.914849      422.855591   17.613252    6.978997    0.119029    5.069421
    0.735294    0.837109    0.141258   -0.459876    1.303881     -694.582252      423.877441   17.875697    7.088343    0.119029    5.069421
    0.745098    0.829526    0.165597   -0.519992    1.366589     -724.397565      424.553758   18.135953    7.195523    0.119029    5.069421
    0.754902    0.820676    0.192979   -0.582162    1.407981     -754.864983      424.887700   18.393647    7.300148    0.119029    5.069421
    0.764706    0.810415    0.223481   -0.645321    1.425844     -785.428516      424.891626   18.648360    7.401790    0.119029    5.069421
    0.774510    0.798599    0.257122   -0.708353    1.419624     -815.514773      424.586520   18.899630    7.499982    0.119029    5.069421
    0.784314    0.785093    0.293871   -0.770172    1.390480     -844.578869      424.000587   19.146950    7.594233    0.119029    5.069421
    0.794118    0.769766    0.333641   -0.829800    1.341082     -872.145678      423.167211   19.389771    7.684039    0.119029    5.069421
    0.803922    0.752505    0.376304   -0.886420    1.275208     -897.839990      422.122614   19.627507    7.768901    0.119029    5.069421
    0.813725    0.733208    0.421692   -0.939422    1.197231     -921.402068      420.903523   19.859537    7.848344    0.119029    5.069421
    0.823529    0.711796    0.469616   -0.988405    1.111616     -942.688538      419.545142   20.085213    7.921939    0.119029    5.069421
    0.833333    0.688209    0.519870   -1.033174    1.022504     -961.661353      418.079598   20.303864    7.989325    0.119029    5.069421
    0.843137    0.662408    0.572244   -1.073711    0.933426     -978.369087      416.534931   20.514804    8.050228    0.119029    5.069421
    0.852941    0.634380    0.626529   -1.110138    0.847162     -992.924953      414.934597   20.717340    8.104481    0.119029    5.069421
    0.862745    0.604133    0.682527   -1.142684    0.765725    -1005.485129      413.297373   20.910776    8.152035    0.119029    5.069421
    0.872549    0.571697    0.740053   -1.171645    0.690421    -1016.229766      411.637577   21.094424    8.192970    0.119029    5.069421
    0.882353    0.537126    0.798936   -1.197358    0.621967    -1025.347803      409.965461   21.267607    8.227493    0.119029    5.069421
    0.892157    0.500493    0.859023   -1.220170    0.560612    -1033.025833      408.287688   21.429671    8.255938    0.119029    5.069421
    0.901961    0.461894    0.920179   -1.240429    0.506264    -1039.440620      406.607840   21.579986    8.278753    0.119029    5.069421
    0.911765    0.421440    0.982285   -1.258465    0.458586    -1044.754632      404.926884   21.717955    8.296486    0.119029    5.069421
    0.921569    0.379262    1.045239   -1.274587    0.417061    -1049.113840      403.243594   21.843018    8.309761    0.119029    5.069421
    0.931373    0.335505    1.108952   -1.289074    0.381014    -1052.647132      401.554910   21.954659    8.319252    0.119029    5.069421
    0.941176    0.290331    1.173351   -1.302173    0.349560    -1055.466785      399.856235   22.052410    8.325657    0.119029    5.069421
    0.950980    0.243913    1.238370   -1.314092    0.321420    -1057.669573      398.141681   22.135856    8.329666    0.119029    5.069421
    0.960784    0.196436    1.303955   -1.324977    0.294450    -1059.338223      396.404270   22.204636    8.331927    0.119029    5.069421
    0.970588    0.148097    1.370056   -1.334869    0.264532    -1060.543036      394.636105   22.258451    8.333022    0.119029    5.069421
    0.980392    0.099102    1.436622   -1.343588    0.222935    -1061.343595      392.828521   22.297062    8.333436    0.119029    5.069421
    0.990196    0.049663    1.503579   -1.350448    0.150018    -1061.790667      390.972228   22.320299    8.333532    0.119029    5.069421
    1.000000   -0.000000    1.570796   -1.353549    0.000000    -1061.929262      389.057451   22.328056    8.333539    0.119029    5.069421
