           t           r         psi          cs          qs               p             sig           A           V          Q2           S
    0.000000    0.000000   -1.570796    2.064194    0.000000       22.172408        9.658636    0.000000   -0.000000    0.104106    9.074072
    0.009804    0.088460   -1.754976    2.079958   -0.342533       22.895747        6.136321    0.024793   -0.000101    0.104106    9.074072
    0.019608    0.173910   -1.940522    2.083735    0.253906       25.342969        2.772188    0.098331   -0.001561    0.104106    9.074072
    0.029412    0.253447   -2.123221    2.002730    1.926644       29.930574       -0.492492    0.218106   -0.007465    0.104106    9.074072
    0.039216    0.324794   -2.291767    1.749727    4.832910       37.028410       -3.706975    0.380130   -0.021646    0.104106    9.074072
    0.049020    0.387223   -2.426468    1.224629    9.041431       46.828924       -6.907481    0.579523   -0.047107    0.104106    9.074072
    0.058824    0.442621   -2.498709    0.331882   14.354712       59.246224      -10.117170    0.811684   -0.084922    0.104106    9.074072
    0.068627    0.496171   -2.473200   -0.971613   19.976315       73.897355      -13.350080    1.073976   -0.134096    0.104106    9.074072
    0.078431    0.555753   -2.316301   -2.588765   24.004538       89.955908      -16.616102    1.367489   -0.191121    0.104106    9.074072
    0.088235    0.628609   -2.012443   -4.205664   23.507091      105.219977      -19.914459    1.697784   -0.246028    0.104106    9.074072
    0.098039    0.714455   -1.581514   -5.371574   16.594704      113.356613      -23.160431    2.072736   -0.273982    0.104106    9.074072
    0.107843    0.800025   -1.080691   -5.736612    4.570176       99.667855      -25.827838    2.496492   -0.235159    0.104106    9.074072
    0.117647    0.865044   -0.589176   -5.150146   -9.393692       52.569653      -25.858458    2.963213   -0.104080    0.104106    9.074072
    0.127451    0.897772   -0.192060   -3.645712  -20.302850       27.721970      -19.421459    3.457411    0.097740    0.104106    9.074072
    0.137255    0.902960    0.046021   -1.703112  -21.141731       74.953803       -7.494495    3.961664    0.324265    0.104106    9.074072
    0.147059    0.894441    0.122382   -0.127405  -13.428792      103.716455        3.288792    4.464314    0.549179    0.104106    9.074072
    0.156863    0.884392    0.092172    0.673570   -4.467667       85.315981       10.750060    4.961334    0.768728    0.104106    9.074072
    0.166667    0.879192    0.023333    0.779875    1.732456       43.948253       16.220463    5.453934    0.985371    0.104106    9.074072
    0.176471    0.879894   -0.034645    0.483562    4.327179       -2.166471       21.222708    5.945322    1.201326    0.104106    9.074072
    0.186275    0.884359   -0.059882    0.088615    4.008165      -42.089148       26.838386    6.438293    1.418431    0.104106    9.074072
    0.196078    0.889602   -0.053815   -0.196190    2.115980      -68.279814       33.688658    6.934107    1.637950    0.104106    9.074072
    0.205882    0.893421   -0.030641   -0.293837    0.072803      -78.137795       41.844256    7.432525    1.859956    0.104106    9.074072
    0.215686    0.895019   -0.006101   -0.239222   -1.159563      -76.352394       50.852729    7.932462    2.083487    0.104106    9.074072
    0.225490    0.894765    0.009993   -0.119047   -1.389360      -71.706899       60.062596    8.432739    2.307361    0.104106    9.074072
    0.235294    0.893562    0.015432   -0.009263   -0.982513      -70.860562       69.004940    8.932564    2.530813    0.104106    9.074072
    0.245098    0.892253    0.013054    0.054092   -0.407624      -75.859042       77.525953    9.431655    2.753605    0.104106    9.074072
    0.254902    0.891340    0.007227    0.070172    0.038931      -85.585941       85.696378    9.930110    2.975842    0.104106    9.074072
    0.264706    0.890963    0.001480    0.055595    0.263256      -97.865141       93.673525   10.428206    3.197769    0.104106    9.074072
    0.274510    0.891018   -0.002328    0.029441    0.297604     -110.712293      101.607243   10.926219    3.419624    0.104106    9.074072
    0.284314    0.891308   -0.003831    0.005479    0.221275     -122.824789      109.597145   11.424339    3.641573    0.104106    9.074072
    0.294118    0.891647   -0.003568   -0.009732    0.110526     -133.650834      117.684854   11.922642    3.863684    0.104106    9.074072
    0.303922    0.891915   -0.002384   -0.015456    0.015980     -143.235866      125.866217   12.421118    4.085952    0.104106    9.074072
    0.313725    0.892066   -0.001025   -0.014235   -0.040865     -151.966167      134.111684   12.919712    4.308324    0.104106    9.074072
    0.323529    0.892107    0.000046   -0.009539   -0.060399     -160.314664      142.385682   13.418358    4.530744    0.104106    9.074072
    0.333333    0.892072    0.000657   -0.004261   -0.054181     -168.665775      150.659486   13.917005    4.753164    0.104106    9.074072
    0.343137    0.892002    0.000840   -0.000123   -0.035904     -177.242858      158.916414   14.415620    4.975556    0.104106    9.074072
    0.352941    0.891931    0.000731    0.002266   -0.016194     -186.115777      167.151217   14.914194    5.197911    0.104106    9.074072
    0.362745    0.891876    0.000484    0.003055   -0.001012     -195.248886      175.366529   15.412733    5.420235    0.104106    9.074072
    0.372549    0.891845    0.000220    0.002748    0.007738     -204.556055      183.568786   15.911248    5.642538    0.104106    9.074072
    0.382353    0.891836    0.000011    0.001901    0.010743     -213.944095      191.764974   16.409752    5.864830    0.104106    9.074072
    0.392157    0.891841   -0.000116    0.000958    0.009840     -223.338601      199.960675   16.908254    6.087122    0.104106    9.074072
    0.401961    0.891854   -0.000165    0.000185    0.006994     -232.693848      208.159324   17.406763    6.309418    0.104106    9.074072
    0.411765    0.891869   -0.000157   -0.000310    0.003743     -241.991534      216.362294   17.905279    6.531722    0.104106    9.074072
    0.421569    0.891881   -0.000118   -0.000531    0.001023     -251.233625      224.569434   18.403803    6.754032    0.104106    9.074072
    0.431373    0.891889   -0.000069   -0.000545   -0.000775     -260.433574      232.779736   18.902332    6.976348    0.104106    9.074072
    0.441176    0.891893   -0.000024   -0.000436   -0.001649     -269.608632      240.991904   19.400865    7.198667    0.104106    9.074072
    0.450980    0.891894    0.000008   -0.000279   -0.001804     -278.774546      249.204758   19.899400    7.420987    0.104106    9.074072
    0.460784    0.891892    0.000026   -0.000127   -0.001515     -287.942796      257.417437   20.397934    7.643306    0.104106    9.074072
    0.470588    0.891890    0.000031   -0.000010   -0.001031     -297.119908      265.629451   20.896467    7.865625    0.104106    9.074072
    0.480392    0.891887    0.000029    0.000062   -0.000535     -306.308086      273.840636   21.394998    8.087942    0.104106    9.074072
    0.490196    0.891885    0.000022    0.000094   -0.000133     -315.506496      282.051053   21.893528    8.310258    0.104106    9.074072
    0.500000    0.891883    0.000013    0.000095    0.000133     -324.712628      290.260891   22.392056    8.532573    0.104106    9.074072
    0.509804    0.891882    0.000005    0.000077    0.000267     -333.923455      298.470377   22.890585    8.754887    0.104106    9.074072
    0.519608    0.891882   -0.000001    0.000052    0.000298     -343.136217      306.679717   23.389113    8.977201    0.104106    9.074072
    0.529412    0.891882   -0.000004    0.000026    0.000263     -352.348853      314.889067   23.887640    9.199515    0.104106    9.074072
    0.539216    0.891883   -0.000005    0.000005    0.000196     -361.560117      323.098520   24.386168    9.421829    0.104106    9.074072
    0.549020    0.891883   -0.000005   -0.000010    0.000124     -370.769515      331.308113   24.884697    9.644144    0.104106    9.074072
    0.558824    0.891884   -0.000004   -0.000019    0.000065     -379.977128      339.517840   25.383225    9.866459    0.104106    9.074072
    0.568627    0.891884   -0.000002   -0.000023    0.000028     -389.183412      347.727667   25.881754   10.088773    0.104106    9.074072
    0.578431    0.891884    0.000000   -0.000025    0.000017     -398.389034      355.937543   26.380283   10.311088    0.104106    9.074072
    0.588235    0.891884    0.000003   -0.000027    0.000033     -407.594757      364.147411   26.878812   10.533403    0.104106    9.074072
    0.598039    0.891884    0.000005   -0.000031    0.000077     -416.801407      372.357210   27.377341   10.755718    0.104106    9.074072
    0.607843    0.891883    0.000008   -0.000040    0.000151     -426.009906      380.566871   27.875869   10.978033    0.104106    9.074072
    0.617647    0.891882    0.000012   -0.000057    0.000263     -435.221390      388.776307   28.374397   11.200347    0.104106    9.074072
    0.627451    0.891881    0.000019   -0.000086    0.000428     -444.437416      396.985403   28.872925   11.422661    0.104106    9.074072
    0.637255    0.891879    0.000028   -0.000131    0.000670     -453.660268      405.193987   29.371451   11.644974    0.104106    9.074072
    0.647059    0.891876    0.000043   -0.000202    0.001028     -462.893418      413.401798   29.869976   11.867285    0.104106    9.074072
    0.656863    0.891871    0.000065   -0.000309    0.001563     -472.142199      421.608437   30.368499   12.089595    0.104106    9.074072
    0.666667    0.891864    0.000099   -0.000472    0.002361     -481.414796      429.813289   30.867019   12.311902    0.104106    9.074072
    0.676471    0.891853    0.000152   -0.000718    0.003555     -490.723725      438.015415   31.365533   12.534204    0.104106    9.074072
    0.686275    0.891836    0.000231   -0.001088    0.005339     -500.088026      446.213384   31.864040   12.756499    0.104106    9.074072
    0.696078    0.891810    0.000351   -0.001641    0.007999     -509.536524      454.405031   32.362536   12.978784    0.104106    9.074072
    0.705882    0.891772    0.000531   -0.002468    0.011951     -519.112669      462.587086   32.861013   13.201053    0.104106    9.074072
    0.715686    0.891713    0.000802   -0.003702    0.017804     -528.881647      470.754638   33.359464   13.423299    0.104106    9.074072
    0.725490    0.891625    0.001207   -0.005534    0.026439     -538.940775      478.900334   33.857874   13.645508    0.104106    9.074072
    0.735294    0.891493    0.001812   -0.008249    0.039117     -549.434473      487.013224   34.356224   13.867663    0.104106    9.074072
    0.745098    0.891294    0.002713   -0.012253    0.057622     -560.575470      495.077084   34.854482   14.089736    0.104106    9.074072
    0.754902    0.890997    0.004048   -0.018130    0.084430     -572.674010      503.068051   35.352604   14.311687    0.104106    9.074072
    0.764706    0.890555    0.006018   -0.026704    0.122882     -586.176431      510.951340   35.850521   14.533454    0.104106    9.074072
    0.774510    0.889899    0.008913   -0.039116    0.177292     -601.712588      518.676881   36.348136   14.754948    0.104106    9.074072
    0.784314    0.888930    0.013137   -0.056900    0.252854     -620.146818      526.173830   36.845302   14.976036    0.104106    9.074072
    0.794118    0.887506    0.019254   -0.082031    0.355098     -642.617077      533.344363   37.341807   15.196521    0.104106    9.074072
    0.803922    0.885426    0.028021   -0.116902    0.488526     -670.529532      540.058017   37.837344   15.416115    0.104106    9.074072
    0.813725    0.882414    0.040420   -0.164126    0.654106     -705.452944      546.149274   38.331472   15.634396    0.104106    9.074072
    0.823529    0.878093    0.057660   -0.226084    0.845725     -748.842401      551.422909   38.823571   15.850755    0.104106    9.074072
    0.833333    0.871977    0.081126   -0.304175    1.046853     -801.550225      555.672524   39.312779   16.064325    0.104106    9.074072
    0.843137    0.863451    0.112246   -0.397902    1.230126     -863.198715      558.715339   39.797926   16.273889    0.104106    9.074072
    0.852941    0.851788    0.152296   -0.504174    1.362855     -931.687432      560.438294   40.277466   16.477808    0.104106    9.074072
    0.862745    0.836179    0.202157   -0.617370    1.418329    -1003.234418      560.838998   40.749424   16.673956    0.104106    9.074072
    0.872549    0.815788    0.262136   -0.730419    1.387320    -1073.164314      560.039474   41.211359   16.859740    0.104106    9.074072
    0.882353    0.789823    0.331909   -0.836541    1.281869    -1137.156818      558.261105   41.660373   17.032231    0.104106    9.074072
    0.892157    0.757615    0.410621   -0.930800    1.128707    -1192.297456      555.771236   42.093157   17.188418    0.104106    9.074072
    0.901961    0.718671    0.497094   -1.010789    0.957566    -1237.441029      552.826904   42.506072   17.325571    0.104106    9.074072
    0.911765    0.672714    0.590036   -1.076379    0.791923    -1272.912328      549.636939   42.895267   17.441643    0.104106    9.074072
    0.921569    0.619698    0.688219   -1.128948    0.645625    -1299.909255      546.348159   43.256798   17.535619    0.104106    9.074072
    0.931373    0.559799    0.790577   -1.170580    0.524093    -1319.950791      543.049134   43.586758   17.607741    0.104106    9.074072
    0.941176    0.493398    0.896234   -1.203483    0.427293    -1334.518292      539.781894   43.881397   17.659563    0.104106    9.074072
    0.950980    0.421061    1.004505   -1.229669    0.352452    -1344.884471      536.554574   44.137232   17.693800    0.104106    9.074072
    0.960784    0.343515    1.114872   -1.250829    0.295772    -1352.066515      533.351737   44.351140   17.714018    0.104106    9.074072
    0.970588    0.261619    1.226948   -1.268319    0.252912    -1356.842478      530.141663   44.520444   17.724178    0.104106    9.074072
    0.980392    0.176348    1.340455   -1.283120    0.217130    -1359.791481      526.881140   44.642980   17.728123    0.104106    9.074072
    0.990196    0.088763    1.455174   -1.295467    0.167515    -1361.337757      523.518594   44.717156   17.729062    0.104106    9.074072
    1.000000   -0.000000    1.570796   -1.302213    0.000000    -1361.793737      519.996425   44.741991   17.729126    0.104106    9.074072
