           t           r         psi          cs          qs               p             sig           A           V          Q2           S
    0.000000   -0.000000   -1.570796   -1.200454    0.000000        4.681182       -2.618864    0.000000    0.000000    0.087735    6.943906
    0.002488    0.017272   -1.550061   -1.200364   -0.013874        4.681182       -2.618864    0.000937    0.000000    0.087735    6.943906
    0.004975    0.034537   -1.529329   -1.200095   -0.027742        4.681182       -2.618865    0.003749    0.000001    0.087735    6.943906
    0.007463    0.051787   -1.508603   -1.199645   -0.041601        4.681182       -2.618866    0.008434    0.000007    0.087735    6.943906
    0.009950    0.069014   -1.487886   -1.199016   -0.055444        4.681182       -2.618867    0.014989    0.000021    0.087735    6.943906
    0.012438    0.086212   -1.467181   -1.198208   -0.069266        4.681181       -2.618867    0.023413    0.000052    0.087735    6.943906
    0.014925    0.103374   -1.446493   -1.197221   -0.083063        4.681181       -2.618868    0.033701    0.000108    0.087735    6.943906
    0.017413    0.120490   -1.425822   -1.196054   -0.096828        4.681181       -2.618869    0.045850    0.000200    0.087735    6.943906
    0.019900    0.137555   -1.405174   -1.194709   -0.110558        4.681181       -2.618869    0.059854    0.000340    0.087735    6.943906
    0.022388    0.154562   -1.384550   -1.193185   -0.124247        4.681180       -2.618870    0.075706    0.000544    0.087735    6.943906
    0.024876    0.171502   -1.363954   -1.191483   -0.137890        4.681180       -2.618871    0.093401    0.000826    0.087735    6.943906
    0.027363    0.188370   -1.343389   -1.189604   -0.151481        4.681180       -2.618871    0.112931    0.001205    0.087735    6.943906
    0.029851    0.205158   -1.322858   -1.187547   -0.165016        4.681179       -2.618872    0.134287    0.001701    0.087735    6.943906
    0.032338    0.221858   -1.302364   -1.185313   -0.178490        4.681179       -2.618873    0.157460    0.002334    0.087735    6.943906
    0.034826    0.238465   -1.281910   -1.182902   -0.191897        4.681178       -2.618873    0.182441    0.003125    0.087735    6.943906
    0.037313    0.254971   -1.261500   -1.180316   -0.205233        4.681177       -2.618874    0.209218    0.004100    0.087735    6.943906
    0.039801    0.271370   -1.241135   -1.177555   -0.218492        4.681177       -2.618875    0.237782    0.005281    0.087735    6.943906
    0.042289    0.287655   -1.220820   -1.174619   -0.231669        4.681176       -2.618875    0.268119    0.006696    0.087735    6.943906
    0.044776    0.303821   -1.200557   -1.171509   -0.244760        4.681175       -2.618876    0.300217    0.008370    0.087735    6.943906
    0.047264    0.319859   -1.180349   -1.168225   -0.257760        4.681174       -2.618877    0.334063    0.010330    0.087735    6.943906
    0.049751    0.335765   -1.160199   -1.164770   -0.270663        4.681173       -2.618877    0.369642    0.012605    0.087735    6.943906
    0.052239    0.351533   -1.140111   -1.161142   -0.283464        4.681172       -2.618878    0.406940    0.015224    0.087735    6.943906
    0.054726    0.367155   -1.120087   -1.157343   -0.296160        4.681171       -2.618879    0.445942    0.018214    0.087735    6.943906
    0.057214    0.382628   -1.100129   -1.153374   -0.308744        4.681170       -2.618879    0.486631    0.021607    0.087735    6.943906
    0.059701    0.397944   -1.080242   -1.149236   -0.321212        4.681168       -2.618880    0.528991    0.025430    0.087735    6.943906
    0.062189    0.413099   -1.060428   -1.144930   -0.333560        4.681167       -2.618881    0.573004    0.029713    0.087735    6.943906
    0.064677    0.428086   -1.040690   -1.140457   -0.345782        4.681165       -2.618881    0.618654    0.034487    0.087735    6.943906
    0.067164    0.442902   -1.021030   -1.135817   -0.357874        4.681163       -2.618882    0.665920    0.039780    0.087735    6.943906
    0.069652    0.457541   -1.001452   -1.131012   -0.369830        4.681161       -2.618883    0.714785    0.045620    0.087735    6.943906
    0.072139    0.471998   -0.981958   -1.126042   -0.381647        4.681159       -2.618883    0.765229    0.052037    0.087735    6.943906
    0.074627    0.486268   -0.962551   -1.120910   -0.393320        4.681157       -2.618884    0.817232    0.059058    0.087735    6.943906
    0.077114    0.500347   -0.943235   -1.115616   -0.404844        4.681155       -2.618885    0.870774    0.066711    0.087735    6.943906
    0.079602    0.514231   -0.924011   -1.110161   -0.416214        4.681153       -2.618885    0.925833    0.075021    0.087735    6.943906
    0.082090    0.527915   -0.904883   -1.104547   -0.427426        4.681150       -2.618886    0.982387    0.084014    0.087735    6.943906
    0.084577    0.541396   -0.885854   -1.098775   -0.438476        4.681147       -2.618887    1.040417    0.093715    0.087735    6.943906
    0.087065    0.554669   -0.866925   -1.092846   -0.449359        4.681144       -2.618887    1.099897    0.104147    0.087735    6.943906
    0.089552    0.567731   -0.848100   -1.086762   -0.460070        4.681141       -2.618888    1.160808    0.115332    0.087735    6.943906
    0.092040    0.580579   -0.829382   -1.080523   -0.470606        4.681137       -2.618889    1.223124    0.127291    0.087735    6.943906
    0.094527    0.593209   -0.810773   -1.074133   -0.480962        4.681133       -2.618890    1.286822    0.140044    0.087735    6.943906
    0.097015    0.605618   -0.792275   -1.067591   -0.491134        4.681129       -2.618890    1.351880    0.153609    0.087735    6.943906
    0.099502    0.617803   -0.773892   -1.060900   -0.501118        4.681125       -2.618891    1.418272    0.168002    0.087735    6.943906
    0.101990    0.629763   -0.755625   -1.054060   -0.510910        4.681121       -2.618892    1.485975    0.183240    0.087735    6.943906
    0.104478    0.641493   -0.737478   -1.047075   -0.520505        4.681116       -2.618892    1.554963    0.199336    0.087735    6.943906
    0.106965    0.652992   -0.719453   -1.039945   -0.529900        4.681111       -2.618893    1.625211    0.216302    0.087735    6.943906
    0.109453    0.664258   -0.701552   -1.032671   -0.539090        4.681105       -2.618894    1.696695    0.234148    0.087735    6.943906
    0.111940    0.675288   -0.683778   -1.025257   -0.548073        4.681099       -2.618895    1.769389    0.252883    0.087735    6.943906
    0.114428    0.686081   -0.666134   -1.017703   -0.556843        4.681093       -2.618895    1.843267    0.272516    0.087735    6.943906
    0.116915    0.696636   -0.648621   -1.010011   -0.565398        4.681086       -2.618896    1.918304    0.293050    0.087735    6.943906
    0.119403    0.706950   -0.631242   -1.002183   -0.573734        4.681079       -2.618897    1.994473    0.314491    0.087735    6.943906
    0.121891    0.717023   -0.613999   -0.994221   -0.581847        4.681071       -2.618898    2.071748    0.336840    0.087735    6.943906
    0.124378    0.726854   -0.596895   -0.986127   -0.589734        4.681063       -2.618898    2.150104    0.360098    0.087735    6.943906
    0.126866    0.736441   -0.579932   -0.977903   -0.597391        4.681054       -2.618899    2.229513    0.384264    0.087735    6.943906
    0.129353    0.745784   -0.563113   -0.969551   -0.604815        4.681045       -2.618900    2.309950    0.409335    0.087735    6.943906
    0.131841    0.754882   -0.546438   -0.961072   -0.612002        4.681035       -2.618901    2.391387    0.435306    0.087735    6.943906
    0.134328    0.763736   -0.529911   -0.952469   -0.618951        4.681025       -2.618901    2.473799    0.462173    0.087735    6.943906
    0.136816    0.772344   -0.513534   -0.943744   -0.625657        4.681014       -2.618902    2.557158    0.489927    0.087735    6.943906
    0.139303    0.780707   -0.497309   -0.934899   -0.632117        4.681002       -2.618903    2.641438    0.518560    0.087735    6.943906
    0.141791    0.788825   -0.481237   -0.925936   -0.638329        4.680990       -2.618903    2.726612    0.548061    0.087735    6.943906
    0.144279    0.796698   -0.465321   -0.916857   -0.644291        4.680977       -2.618904    2.812655    0.578419    0.087735    6.943906
    0.146766    0.804327   -0.449563   -0.907664   -0.649998        4.680963       -2.618904    2.899538    0.609621    0.087735    6.943906
    0.149254    0.811712   -0.433965   -0.898361   -0.655449        4.680949       -2.618905    2.987236    0.641651    0.087735    6.943906
    0.151741    0.818853   -0.418528   -0.888948   -0.660641        4.680934       -2.618906    3.075723    0.674496    0.087735    6.943906
    0.154229    0.825752   -0.403255   -0.879428   -0.665572        4.680918       -2.618906    3.164971    0.708137    0.087735    6.943906
    0.156716    0.832410   -0.388148   -0.869804   -0.670239        4.680902       -2.618907    3.254955    0.742558    0.087735    6.943906
    0.159204    0.838828   -0.373207   -0.860078   -0.674641        4.680885       -2.618907    3.345648    0.777739    0.087735    6.943906
    0.161692    0.845006   -0.358435   -0.850252   -0.678775        4.680867       -2.618907    3.437026    0.813661    0.087735    6.943906
    0.164179    0.850948   -0.343834   -0.840329   -0.682639        4.680849       -2.618908    3.529060    0.850303    0.087735    6.943906
    0.166667    0.856653   -0.329405   -0.830311   -0.686232        4.680830       -2.618908    3.621727    0.887643    0.087735    6.943906
    0.169154    0.862123   -0.315150   -0.820201   -0.689551        4.680812       -2.618908    3.715000    0.925660    0.087735    6.943906
    0.171642    0.867361   -0.301070   -0.810000   -0.692596        4.680793       -2.618908    3.808854    0.964330    0.087735    6.943906
    0.174129    0.872369   -0.287168   -0.799712   -0.695364        4.680773       -2.618908    3.903265    1.003630    0.087735    6.943906
    0.176617    0.877147   -0.273443   -0.789340   -0.697854        4.680755       -2.618908    3.998206    1.043535    0.087735    6.943906
    0.179104    0.881699   -0.259899   -0.778884   -0.700065        4.680736       -2.618907    4.093653    1.084022    0.087735    6.943906
    0.181592    0.886026   -0.246536   -0.768349   -0.701997        4.680718       -2.618907    4.189583    1.125065    0.087735    6.943906
    0.184080    0.890130   -0.233355   -0.757737   -0.703646        4.680702       -2.618906    4.285970    1.166639    0.087735    6.943906
    0.186567    0.894015   -0.220359   -0.747050   -0.705014        4.680686       -2.618905    4.382790    1.208719    0.087735    6.943906
    0.189055    0.897682   -0.207547   -0.736291   -0.706099        4.680672       -2.618904    4.480020    1.251279    0.087735    6.943906
    0.191542    0.901135   -0.194923   -0.725463   -0.706901        4.680661       -2.618903    4.577637    1.294292    0.087735    6.943906
    0.194030    0.904375   -0.182485   -0.714568   -0.707418        4.680652       -2.618902    4.675616    1.337734    0.087735    6.943906
    0.196517    0.907405   -0.170237   -0.703609   -0.707652        4.680645       -2.618900    4.773936    1.381577    0.087735    6.943906
    0.199005    0.910228   -0.158178   -0.692589   -0.707600        4.680642       -2.618898    4.872574    1.425797    0.087735    6.943906
    0.201493    0.912848   -0.146311   -0.681511   -0.707264        4.680643       -2.618896    4.971507    1.470367    0.087735    6.943906
    0.203980    0.915266   -0.134635   -0.670376   -0.706643        4.680649       -2.618894    5.070713    1.515261    0.087735    6.943906
    0.206468    0.917486   -0.123152   -0.659188   -0.705738        4.680658       -2.618891    5.170171    1.560454    0.087735    6.943906
    0.208955    0.919511   -0.111862   -0.647950   -0.704549        4.680673       -2.618888    5.269859    1.605921    0.087735    6.943906
    0.211443    0.921343   -0.100767   -0.636664   -0.703076        4.680693       -2.618885    5.369756    1.651636    0.087735    6.943906
    0.213930    0.922987   -0.089868   -0.625334   -0.701320        4.680717       -2.618882    5.469842    1.697575    0.087735    6.943906
    0.216418    0.924445   -0.079164   -0.613961   -0.699282        4.680748       -2.618878    5.570097    1.743714    0.087735    6.943906
    0.218905    0.925720   -0.068657   -0.602549   -0.696962        4.680783       -2.618875    5.670500    1.790028    0.087735    6.943906
    0.221393    0.926816   -0.058348   -0.591101   -0.694362        4.680823       -2.618871    5.771031    1.836494    0.087735    6.943906
    0.223881    0.927736   -0.048237   -0.579619   -0.691483        4.680867       -2.618867    5.871671    1.883089    0.087735    6.943906
    0.226368    0.928483   -0.038324   -0.568105   -0.688327        4.680916       -2.618862    5.972403    1.929791    0.087735    6.943906
    0.228856    0.929061   -0.028611   -0.556564   -0.684894        4.680967       -2.618858    6.073206    1.976577    0.087735    6.943906
    0.231343    0.929472   -0.019097   -0.544998   -0.681188        4.681021       -2.618854    6.174062    2.023425    0.087735    6.943906
    0.233831    0.929722   -0.009783   -0.533409   -0.677209        4.681077       -2.618849    6.274955    2.070315    0.087735    6.943906
    0.236318    0.929811   -0.000670   -0.521801   -0.672960        4.681134       -2.618844    6.375865    2.117227    0.087735    6.943906
    0.238806    0.929746    0.008243   -0.510175   -0.668444        4.681191       -2.618840    6.476777    2.164140    0.087735    6.943906
    0.241294    0.929528    0.016955   -0.498536   -0.663663        4.681247       -2.618835    6.577674    2.211035    0.087735    6.943906
    0.243781    0.929161    0.025466   -0.486885   -0.658619        4.681302       -2.618831    6.678539    2.257894    0.087735    6.943906
    0.246269    0.928649    0.033775   -0.475226   -0.653316        4.681354       -2.618826    6.779356    2.304699    0.087735    6.943906
    0.248756    0.927996    0.041884   -0.463561   -0.647757        4.681404       -2.618822    6.880110    2.351432    0.087735    6.943906
    0.251244    0.927204    0.049790   -0.451893   -0.641945        4.681450       -2.618818    6.980786    2.398077    0.087735    6.943906
    0.253731    0.926278    0.057495   -0.440225   -0.635884        4.681492       -2.618814    7.081368    2.444617    0.087735    6.943906
    0.256219    0.925220    0.064998   -0.428560   -0.629577        4.681530       -2.618810    7.181842    2.491037    0.087735    6.943906
    0.258706    0.924035    0.072300   -0.416900   -0.623028        4.681563       -2.618806    7.282195    2.537323    0.087735    6.943906
    0.261194    0.922726    0.079401   -0.405248   -0.616242        4.681592       -2.618803    7.382413    2.583460    0.087735    6.943906
    0.263682    0.921296    0.086300   -0.393607   -0.609222        4.681616       -2.618800    7.482481    2.629434    0.087735    6.943906
    0.266169    0.919749    0.092999   -0.381979   -0.601974        4.681636       -2.618797    7.582388    2.675233    0.087735    6.943906
    0.268657    0.918089    0.099497   -0.370368   -0.594502        4.681652       -2.618794    7.682122    2.720845    0.087735    6.943906
    0.271144    0.916319    0.105794   -0.358775   -0.586811        4.681664       -2.618791    7.781668    2.766257    0.087735    6.943906
    0.273632    0.914442    0.111891   -0.347204   -0.578906        4.681671       -2.618789    7.881017    2.811459    0.087735    6.943906
    0.276119    0.912462    0.117789   -0.335657   -0.570793        4.681675       -2.618786    7.980157    2.856441    0.087735    6.943906
    0.278607    0.910383    0.123487   -0.324137   -0.562476        4.681676       -2.618784    8.079076    2.901192    0.087735    6.943906
    0.281095    0.908208    0.128987   -0.312646   -0.553963        4.681674       -2.618782    8.177765    2.945704    0.087735    6.943906
    0.283582    0.905941    0.134289   -0.301187   -0.545257        4.681669       -2.618781    8.276212    2.989968    0.087735    6.943906
    0.286070    0.903584    0.139392   -0.289763   -0.536367        4.681661       -2.618779    8.374409    3.033975    0.087735    6.943906
    0.288557    0.901142    0.144299   -0.278376   -0.527298        4.681652       -2.618778    8.472345    3.077718    0.087735    6.943906
    0.291045    0.898617    0.149010   -0.267028   -0.518057        4.681640       -2.618777    8.570011    3.121191    0.087735    6.943906
    0.293532    0.896014    0.153524   -0.255722   -0.508650        4.681627       -2.618775    8.667399    3.164386    0.087735    6.943906
    0.296020    0.893336    0.157844   -0.244461   -0.499085        4.681613       -2.618775    8.764501    3.207298    0.087735    6.943906
    0.298507    0.890585    0.161970   -0.233248   -0.489369        4.681597       -2.618774    8.861308    3.249921    0.087735    6.943906
    0.300995    0.887766    0.165902   -0.222083   -0.479509        4.681580       -2.618773    8.957812    3.292251    0.087735    6.943906
    0.303483    0.884881    0.169642   -0.210971   -0.469513        4.681563       -2.618772    9.054007    3.334283    0.087735    6.943906
    0.305970    0.881934    0.173191   -0.199912   -0.459388        4.681544       -2.618772    9.149886    3.376012    0.087735    6.943906
    0.308458    0.878929    0.176549   -0.188911   -0.449144        4.681526       -2.618772    9.245441    3.417436    0.087735    6.943906
    0.310945    0.875868    0.179718   -0.177969   -0.438787        4.681507       -2.618771    9.340668    3.458550    0.087735    6.943906
    0.313433    0.872754    0.182698   -0.167088   -0.428328        4.681487       -2.618771    9.435559    3.499353    0.087735    6.943906
    0.315920    0.869592    0.185490   -0.156271   -0.417773        4.681468       -2.618771    9.530109    3.539843    0.087735    6.943906
    0.318408    0.866384    0.188097   -0.145520   -0.407133        4.681448       -2.618771    9.624314    3.580016    0.087735    6.943906
    0.320896    0.863133    0.190518   -0.134837   -0.396416        4.681429       -2.618771    9.718168    3.619872    0.087735    6.943906
    0.323383    0.859843    0.192755   -0.124225   -0.385632        4.681409       -2.618771    9.811668    3.659409    0.087735    6.943906
    0.325871    0.856517    0.194810   -0.113686   -0.374790        4.681389       -2.618771    9.904808    3.698626    0.087735    6.943906
    0.328358    0.853157    0.196683   -0.103222   -0.363900        4.681370       -2.618771    9.997585    3.737524    0.087735    6.943906
    0.330846    0.849766    0.198376   -0.092836   -0.352971        4.681351       -2.618772   10.089997    3.776101    0.087735    6.943906
    0.333333    0.846349    0.199891   -0.082529   -0.342015        4.681332       -2.618772   10.182038    3.814358    0.087735    6.943906
    0.335821    0.842908    0.201228   -0.072304   -0.331040        4.681313       -2.618772   10.273708    3.852295    0.087735    6.943906
    0.338308    0.839445    0.202389   -0.062163   -0.320058        4.681295       -2.618772   10.365002    3.889914    0.087735    6.943906
    0.340796    0.835965    0.203376   -0.052109   -0.309079        4.681277       -2.618773   10.455920    3.927214    0.087735    6.943906
    0.343284    0.832469    0.204190   -0.042142   -0.298113        4.681259       -2.618773   10.546459    3.964197    0.087735    6.943906
    0.345771    0.828960    0.204833   -0.032267   -0.287172        4.681242       -2.618774   10.636619    4.000865    0.087735    6.943906
    0.348259    0.825443    0.205305   -0.022484   -0.276267        4.681224       -2.618774   10.726396    4.037219    0.087735    6.943906
    0.350746    0.821918    0.205610   -0.012796   -0.265408        4.681207       -2.618775   10.815792    4.073261    0.087735    6.943906
    0.353234    0.818390    0.205748   -0.003204   -0.254607        4.681191       -2.618775   10.904805    4.108994    0.087735    6.943906
    0.355721    0.814861    0.205721    0.006288   -0.243874        4.681175       -2.618776   10.993435    4.144420    0.087735    6.943906
    0.358209    0.811334    0.205531    0.015678   -0.233222        4.681159       -2.618776   11.081682    4.179541    0.087735    6.943906
    0.360697    0.807812    0.205180    0.024966   -0.222661        4.681143       -2.618777   11.169547    4.214360    0.087735    6.943906
    0.363184    0.804296    0.204669    0.034147   -0.212203        4.681127       -2.618777   11.257029    4.248880    0.087735    6.943906
    0.365672    0.800791    0.204001    0.043221   -0.201858        4.681112       -2.618778   11.344131    4.283104    0.087735    6.943906
    0.368159    0.797299    0.203177    0.052186   -0.191640        4.681098       -2.618779   11.430853    4.317036    0.087735    6.943906
    0.370647    0.793821    0.202199    0.061038   -0.181558        4.681083       -2.618779   11.517196    4.350678    0.087735    6.943906
    0.373134    0.790362    0.201069    0.069776   -0.171624        4.681069       -2.618780   11.603163    4.384035    0.087735    6.943906
    0.375622    0.786922    0.199789    0.078398   -0.161849        4.681055       -2.618781   11.688756    4.417110    0.087735    6.943906
    0.378109    0.783506    0.198361    0.086901   -0.152244        4.681041       -2.618781   11.773976    4.449908    0.087735    6.943906
    0.380597    0.780115    0.196787    0.095284   -0.142820        4.681028       -2.618782   11.858828    4.482431    0.087735    6.943906
    0.383085    0.776752    0.195070    0.103544   -0.133588        4.681015       -2.618783   11.943312    4.514685    0.087735    6.943906
    0.385572    0.773420    0.193211    0.111680   -0.124557        4.681002       -2.618783   12.027434    4.546673    0.087735    6.943906
    0.388060    0.770120    0.191213    0.119688   -0.115739        4.680989       -2.618784   12.111195    4.578399    0.087735    6.943906
    0.390547    0.766855    0.189077    0.127566   -0.107144        4.680976       -2.618785   12.194600    4.609870    0.087735    6.943906
    0.393035    0.763627    0.186806    0.135313   -0.098780        4.680964       -2.618785   12.277653    4.641088    0.087735    6.943906
    0.395522    0.760440    0.184403    0.142926   -0.090658        4.680952       -2.618786   12.360358    4.672058    0.087735    6.943906
    0.398010    0.757294    0.181869    0.150403   -0.082786        4.680940       -2.618787   12.442719    4.702786    0.087735    6.943906
    0.400498    0.754192    0.179208    0.157742   -0.075174        4.680928       -2.618787   12.524740    4.733276    0.087735    6.943906
    0.402985    0.751136    0.176421    0.164940   -0.067828        4.680917       -2.618788   12.606428    4.763532    0.087735    6.943906
    0.405473    0.748129    0.173511    0.171996   -0.060757        4.680906       -2.618789   12.687787    4.793561    0.087735    6.943906
    0.407960    0.745173    0.170480    0.178906   -0.053968        4.680895       -2.618790   12.768822    4.823367    0.087735    6.943906
    0.410448    0.742269    0.167331    0.185669   -0.047468        4.680884       -2.618790   12.849539    4.852955    0.087735    6.943906
    0.412935    0.739420    0.164066    0.192282   -0.041263        4.680873       -2.618791   12.929944    4.882331    0.087735    6.943906
    0.415423    0.736627    0.160689    0.198742   -0.035357        4.680862       -2.618792   13.010042    4.911499    0.087735    6.943906
    0.417910    0.733893    0.157201    0.205049   -0.029757        4.680852       -2.618793   13.089841    4.940465    0.087735    6.943906
    0.420398    0.731219    0.153606    0.211199   -0.024465        4.680841       -2.618793   13.169346    4.969235    0.087735    6.943906
    0.422886    0.728608    0.149906    0.217189   -0.019487        4.680831       -2.618794   13.248565    4.997814    0.087735    6.943906
    0.425373    0.726060    0.146104    0.223019   -0.014823        4.680821       -2.618795   13.327503    5.026207    0.087735    6.943906
    0.427861    0.723579    0.142202    0.228685   -0.010476        4.680811       -2.618795   13.406168    5.054420    0.087735    6.943906
    0.430348    0.721165    0.138204    0.234184   -0.006447        4.680801       -2.618796   13.484568    5.082459    0.087735    6.943906
    0.432836    0.718820    0.134113    0.239516   -0.002737        4.680791       -2.618797   13.562710    5.110329    0.087735    6.943906
    0.435323    0.716546    0.129931    0.244677    0.000655        4.680782       -2.618798   13.640601    5.138036    0.087735    6.943906
    0.437811    0.714345    0.125661    0.249665    0.003731        4.680772       -2.618798   13.718249    5.165586    0.087735    6.943906
    0.440299    0.712217    0.121307    0.254479    0.006493        4.680763       -2.618799   13.795662    5.192984    0.087735    6.943906
    0.442786    0.710165    0.116871    0.259115    0.008943        4.680754       -2.618800   13.872848    5.220236    0.087735    6.943906
    0.445274    0.708189    0.112356    0.263572    0.011087        4.680744       -2.618801   13.949816    5.247349    0.087735    6.943906
    0.447761    0.706292    0.107766    0.267847    0.012929        4.680735       -2.618801   14.026573    5.274327    0.087735    6.943906
    0.450249    0.704474    0.103104    0.271939    0.014476        4.680726       -2.618802   14.103129    5.301178    0.087735    6.943906
    0.452736    0.702736    0.098373    0.275845    0.015733        4.680717       -2.618803   14.179492    5.327906    0.087735    6.943906
    0.455224    0.701081    0.093575    0.279564    0.016708        4.680708       -2.618804   14.255671    5.354518    0.087735    6.943906
    0.457711    0.699509    0.088716    0.283094    0.017411        4.680699       -2.618804   14.331674    5.381020    0.087735    6.943906
    0.460199    0.698021    0.083797    0.286432    0.017851        4.680691       -2.618805   14.407512    5.407417    0.087735    6.943906
    0.462687    0.696618    0.078822    0.289577    0.018038        4.680682       -2.618806   14.483193    5.433716    0.087735    6.943906
    0.465174    0.695301    0.073794    0.292527    0.017984        4.680673       -2.618806   14.558726    5.459924    0.087735    6.943906
    0.467662    0.694071    0.068717    0.295281    0.017699        4.680664       -2.618807   14.634120    5.486045    0.087735    6.943906
    0.470149    0.692929    0.063594    0.297836    0.017199        4.680656       -2.618808   14.709387    5.512086    0.087735    6.943906
    0.472637    0.691876    0.058429    0.300193    0.016495        4.680647       -2.618809   14.784534    5.538053    0.087735    6.943906
    0.475124    0.690912    0.053224    0.302349    0.015602        4.680639       -2.618809   14.859571    5.563953    0.087735    6.943906
    0.477612    0.690038    0.047985    0.304302    0.014536        4.680630       -2.618810   14.934509    5.589790    0.087735    6.943906
    0.480100    0.689255    0.042713    0.306053    0.013311        4.680622       -2.618811   15.009357    5.615573    0.087735    6.943906
    0.482587    0.688563    0.037413    0.307599    0.011944        4.680613       -2.618812   15.084124    5.641306    0.087735    6.943906
    0.485075    0.687963    0.032087    0.308941    0.010452        4.680605       -2.618812   15.158822    5.666996    0.087735    6.943906
    0.487562    0.687455    0.026741    0.310076    0.008851        4.680597       -2.618813   15.233460    5.692649    0.087735    6.943906
    0.490050    0.687039    0.021377    0.311005    0.007160        4.680588       -2.618814   15.308047    5.718271    0.087735    6.943906
    0.492537    0.686716    0.015998    0.311727    0.005396        4.680580       -2.618815   15.382595    5.743869    0.087735    6.943906
    0.495025    0.686487    0.010609    0.312241    0.003577        4.680572       -2.618815   15.457112    5.769448    0.087735    6.943906
    0.497512    0.686350    0.005212    0.312548    0.001722        4.680563       -2.618816   15.531609    5.795015    0.087735    6.943906
    0.500000    0.686307   -0.000188    0.312646   -0.000152        4.680555       -2.618817   15.606097    5.820577    0.087735    6.943906
    0.502488    0.686357   -0.005588    0.312536   -0.002025        4.680547       -2.618818   15.680585    5.846138    0.087735    6.943906
    0.504975    0.686500   -0.010984    0.312218   -0.003878        4.680538       -2.618818   15.755084    5.871706    0.087735    6.943906
    0.507463    0.686736   -0.016373    0.311693   -0.005695        4.680530       -2.618819   15.829603    5.897286    0.087735    6.943906
    0.509950    0.687065   -0.021750    0.310959   -0.007455        4.680522       -2.618820   15.904153    5.922885    0.087735    6.943906
    0.512438    0.687487   -0.027114    0.310019   -0.009141        4.680513       -2.618820   15.978743    5.948509    0.087735    6.943906
    0.514925    0.688002   -0.032459    0.308872   -0.010736        4.680505       -2.618821   16.053385    5.974165    0.087735    6.943906
    0.517413    0.688608   -0.037783    0.307520   -0.012221        4.680496       -2.618822   16.128087    5.999858    0.087735    6.943906
    0.519900    0.689306   -0.043082    0.305962   -0.013580        4.680488       -2.618823   16.202860    6.025594    0.087735    6.943906
    0.522388    0.690096   -0.048352    0.304200   -0.014796        4.680480       -2.618823   16.277714    6.051380    0.087735    6.943906
    0.524876    0.690976   -0.053590    0.302235   -0.015852        4.680471       -2.618824   16.352658    6.077222    0.087735    6.943906
    0.527363    0.691946   -0.058792    0.300069   -0.016734        4.680463       -2.618825   16.427703    6.103126    0.087735    6.943906
    0.529851    0.693006   -0.063955    0.297701   -0.017426        4.680454       -2.618826   16.502858    6.129098    0.087735    6.943906
    0.532338    0.694154   -0.069076    0.295134   -0.017915        4.680445       -2.618826   16.578133    6.155145    0.087735    6.943906
    0.534826    0.695390   -0.074150    0.292370   -0.018186        4.680437       -2.618827   16.653537    6.181272    0.087735    6.943906
    0.537313    0.696713   -0.079175    0.289409   -0.018226        4.680428       -2.618828   16.729080    6.207485    0.087735    6.943906
    0.539801    0.698122   -0.084147    0.286254   -0.018025        4.680419       -2.618829   16.804771    6.233791    0.087735    6.943906
    0.542289    0.699616   -0.089063    0.282905   -0.017570        4.680410       -2.618829   16.880620    6.260196    0.087735    6.943906
    0.544776    0.701194   -0.093920    0.279366   -0.016851        4.680402       -2.618830   16.956636    6.286705    0.087735    6.943906
    0.547264    0.702856   -0.098713    0.275637   -0.015859        4.680393       -2.618831   17.032827    6.313325    0.087735    6.943906
    0.549751    0.704599   -0.103441    0.271721   -0.014586        4.680384       -2.618832   17.109203    6.340061    0.087735    6.943906
    0.552239    0.706422   -0.108099    0.267619   -0.013023        4.680375       -2.618832   17.185773    6.366920    0.087735    6.943906
    0.554726    0.708325   -0.112685    0.263334   -0.011163        4.680365       -2.618833   17.262545    6.393908    0.087735    6.943906
    0.557214    0.710307   -0.117196    0.258868   -0.009002        4.680356       -2.618834   17.339528    6.421030    0.087735    6.943906
    0.559701    0.712364   -0.121627    0.254222   -0.006534        4.680347       -2.618834   17.416730    6.448293    0.087735    6.943906
    0.562189    0.714498   -0.125977    0.249400   -0.003754        4.680337       -2.618835   17.494159    6.475701    0.087735    6.943906
    0.564677    0.716705   -0.130242    0.244402   -0.000661        4.680328       -2.618836   17.571824    6.503262    0.087735    6.943906
    0.567164    0.718984   -0.134419    0.239232    0.002749        4.680318       -2.618837   17.649733    6.530980    0.087735    6.943906
    0.569652    0.721334   -0.138506    0.233892    0.006477        4.680308       -2.618837   17.727892    6.558862    0.087735    6.943906
    0.572139    0.723753   -0.142499    0.228384    0.010523        4.680299       -2.618838   17.806311    6.586913    0.087735    6.943906
    0.574627    0.726240   -0.146395    0.222710    0.014888        4.680289       -2.618839   17.884995    6.615139    0.087735    6.943906
    0.577114    0.728792   -0.150192    0.216872    0.019569        4.680279       -2.618840   17.963953    6.643545    0.087735    6.943906
    0.579602    0.731408   -0.153886    0.210874    0.024564        4.680268       -2.618840   18.043192    6.672137    0.087735    6.943906
    0.582090    0.734087   -0.157476    0.204716    0.029872        4.680258       -2.618841   18.122718    6.700920    0.087735    6.943906
    0.584577    0.736825   -0.160958    0.198402    0.035489        4.680247       -2.618842   18.202538    6.729901    0.087735    6.943906
    0.587065    0.739622   -0.164329    0.191934    0.041410        4.680237       -2.618843   18.282658    6.759084    0.087735    6.943906
    0.589552    0.742476   -0.167587    0.185314    0.047631        4.680226       -2.618843   18.363085    6.788474    0.087735    6.943906
    0.592040    0.745384   -0.170730    0.178544    0.054145        4.680215       -2.618844   18.443825    6.818078    0.087735    6.943906
    0.594527    0.748345   -0.173755    0.171627    0.060948        4.680204       -2.618845   18.524883    6.847900    0.087735    6.943906
    0.597015    0.751356   -0.176658    0.164566    0.068033        4.680193       -2.618845   18.606266    6.877945    0.087735    6.943906
    0.599502    0.754416   -0.179439    0.157361    0.075391        4.680181       -2.618846   18.687977    6.908218    0.087735    6.943906
    0.601990    0.757521   -0.182094    0.150016    0.083016        4.680169       -2.618847   18.770024    6.938725    0.087735    6.943906
    0.604478    0.760671   -0.184621    0.142533    0.090899        4.680158       -2.618848   18.852409    6.969470    0.087735    6.943906
    0.606965    0.763862   -0.187017    0.134914    0.099032        4.680145       -2.618848   18.935139    7.000458    0.087735    6.943906
    0.609453    0.767093   -0.189281    0.127162    0.107405        4.680133       -2.618849   19.018218    7.031694    0.087735    6.943906
    0.611940    0.770362   -0.191410    0.119278    0.116009        4.680121       -2.618850   19.101649    7.063182    0.087735    6.943906
    0.614428    0.773665   -0.193401    0.111265    0.124835        4.680108       -2.618850   19.185437    7.094928    0.087735    6.943906
    0.616915    0.777001   -0.195253    0.103125    0.133873        4.680095       -2.618851   19.269585    7.126935    0.087735    6.943906
    0.619403    0.780367   -0.196963    0.094860    0.143111        4.680082       -2.618852   19.354097    7.159209    0.087735    6.943906
    0.621891    0.783760   -0.198529    0.086473    0.152541        4.680068       -2.618852   19.438975    7.191752    0.087735    6.943906
    0.624378    0.787179   -0.199949    0.077965    0.162150        4.680055       -2.618853   19.524224    7.224569    0.087735    6.943906
    0.626866    0.790621   -0.201222    0.069339    0.171929        4.680041       -2.618854   19.609845    7.257665    0.087735    6.943906
    0.629353    0.794083   -0.202344    0.060597    0.181865        4.680026       -2.618854   19.695840    7.291043    0.087735    6.943906
    0.631841    0.797563   -0.203315    0.051742    0.191949        4.680012       -2.618855   19.782212    7.324707    0.087735    6.943906
    0.634328    0.801058   -0.204131    0.042774    0.202168        4.679997       -2.618856   19.868963    7.358660    0.087735    6.943906
    0.636816    0.804565   -0.204792    0.033697    0.212511        4.679982       -2.618856   19.956093    7.392906    0.087735    6.943906
    0.639303    0.808083   -0.205295    0.024513    0.222968        4.679966       -2.618857   20.043605    7.427449    0.087735    6.943906
    0.641791    0.811607   -0.205638    0.015223    0.233527        4.679951       -2.618857   20.131499    7.462290    0.087735    6.943906
    0.644279    0.815136   -0.205820    0.005830    0.244175        4.679935       -2.618858   20.219776    7.497434    0.087735    6.943906
    0.646766    0.818667   -0.205839   -0.003664    0.254903        4.679918       -2.618858   20.308436    7.532883    0.087735    6.943906
    0.649254    0.822196   -0.205693   -0.013257    0.265699        4.679902       -2.618859   20.397479    7.568639    0.087735    6.943906
    0.651741    0.825722   -0.205380   -0.022946    0.276551        4.679885       -2.618859   20.486905    7.604705    0.087735    6.943906
    0.654229    0.829241   -0.204899   -0.032730    0.287449        4.679868       -2.618860   20.576713    7.641084    0.087735    6.943906
    0.656716    0.832750   -0.204249   -0.042607    0.298381        4.679850       -2.618860   20.666903    7.677776    0.087735    6.943906
    0.659204    0.836247   -0.203427   -0.052574    0.309337        4.679832       -2.618861   20.757473    7.714784    0.087735    6.943906
    0.661692    0.839728   -0.202432   -0.062629    0.320305        4.679814       -2.618861   20.848421    7.752108    0.087735    6.943906
    0.664179    0.843191   -0.201263   -0.072769    0.331275        4.679796       -2.618861   20.939747    7.789752    0.087735    6.943906
    0.666667    0.846633   -0.199918   -0.082994    0.342237        4.679777       -2.618862   21.031447    7.827714    0.087735    6.943906
    0.669154    0.850051   -0.198395   -0.093300    0.353179        4.679758       -2.618862   21.123519    7.865997    0.087735    6.943906
    0.671642    0.853441   -0.196694   -0.103685    0.364093        4.679739       -2.618862   21.215961    7.904600    0.087735    6.943906
    0.674129    0.856801   -0.194813   -0.114148    0.374967        4.679719       -2.618862   21.308770    7.943523    0.087735    6.943906
    0.676617    0.860128   -0.192750   -0.124685    0.385792        4.679700       -2.618863   21.401941    7.982767    0.087735    6.943906
    0.679104    0.863418   -0.190505   -0.135295    0.396558        4.679680       -2.618863   21.495471    8.022330    0.087735    6.943906
    0.681592    0.866669   -0.188076   -0.145975    0.407256        4.679661       -2.618863   21.589356    8.062212    0.087735    6.943906
    0.684080    0.869876   -0.185462   -0.156724    0.417877        4.679641       -2.618863   21.683592    8.102412    0.087735    6.943906
    0.686567    0.873038   -0.182661   -0.167538    0.428410        4.679622       -2.618862   21.778173    8.142928    0.087735    6.943906
    0.689055    0.876151   -0.179673   -0.178415    0.438848        4.679602       -2.618862   21.873095    8.183758    0.087735    6.943906
    0.691542    0.879211   -0.176497   -0.189354    0.449182        4.679583       -2.618862   21.968352    8.224899    0.087735    6.943906
    0.694030    0.882215   -0.173131   -0.200351    0.459403        4.679565       -2.618862   22.063938    8.266350    0.087735    6.943906
    0.696517    0.885161   -0.169575   -0.211404    0.469503        4.679547       -2.618861   22.159847    8.308106    0.087735    6.943906
    0.699005    0.888044   -0.165828   -0.222512    0.479474        4.679529       -2.618860   22.256073    8.350165    0.087735    6.943906
    0.701493    0.890862   -0.161888   -0.233671    0.489309        4.679512       -2.618860   22.352607    8.392522    0.087735    6.943906
    0.703980    0.893612   -0.157755   -0.244879    0.498998        4.679497       -2.618859   22.449444    8.435172    0.087735    6.943906
    0.706468    0.896289   -0.153428   -0.256134    0.508536        4.679482       -2.618858   22.546576    8.478111    0.087735    6.943906
    0.708955    0.898890   -0.148906   -0.267433    0.517915        4.679469       -2.618857   22.643993    8.521333    0.087735    6.943906
    0.711443    0.901413   -0.144189   -0.278773    0.527129        4.679458       -2.618856   22.741689    8.564833    0.087735    6.943906
    0.713930    0.903853   -0.139275   -0.290153    0.536169        4.679449       -2.618854   22.839655    8.608603    0.087735    6.943906
    0.716418    0.906208   -0.134165   -0.301570    0.545031        4.679442       -2.618853   22.937880    8.652637    0.087735    6.943906
    0.718905    0.908473   -0.128857   -0.313020    0.553707        4.679437       -2.618851   23.036356    8.696927    0.087735    6.943906
    0.721393    0.910646   -0.123351   -0.324502    0.562192        4.679435       -2.618849   23.135073    8.741465    0.087735    6.943906
    0.723881    0.912722   -0.117646   -0.336013    0.570480        4.679436       -2.618847   23.234021    8.786243    0.087735    6.943906
    0.726368    0.914699   -0.111742   -0.347551    0.578564        4.679441       -2.618845   23.333189    8.831251    0.087735    6.943906
    0.728856    0.916574   -0.105639   -0.359112    0.586441        4.679449       -2.618842   23.432566    8.876480    0.087735    6.943906
    0.731343    0.918341   -0.099336   -0.370694    0.594104        4.679461       -2.618839   23.532140    8.921918    0.087735    6.943906
    0.733831    0.919998   -0.092833   -0.382295    0.601549        4.679477       -2.618837   23.631900    8.967555    0.087735    6.943906
    0.736318    0.921542   -0.086129   -0.393911    0.608771        4.679498       -2.618833   23.731835    9.013379    0.087735    6.943906
    0.738806    0.922969   -0.079224   -0.405541    0.615765        4.679523       -2.618830   23.831930    9.059379    0.087735    6.943906
    0.741294    0.924275   -0.072119   -0.417181    0.622527        4.679553       -2.618827   23.932173    9.105540    0.087735    6.943906
    0.743781    0.925457   -0.064812   -0.428829    0.629052        4.679587       -2.618823   24.032552    9.151850    0.087735    6.943906
    0.746269    0.926512   -0.057304   -0.440482    0.635338        4.679626       -2.618819   24.133052    9.198295    0.087735    6.943906
    0.748756    0.927435   -0.049595   -0.452138    0.641380        4.679669       -2.618815   24.233660    9.244859    0.087735    6.943906
    0.751244    0.928223   -0.041684   -0.463793    0.647174        4.679716       -2.618811   24.334360    9.291527    0.087735    6.943906
    0.753731    0.928873   -0.033572   -0.475445    0.652717        4.679767       -2.618806   24.435138    9.338283    0.087735    6.943906
    0.756219    0.929381   -0.025259   -0.487091    0.658007        4.679820       -2.618802   24.535980    9.385110    0.087735    6.943906
    0.758706    0.929744   -0.016745   -0.498728    0.663039        4.679876       -2.618797   24.636868    9.431992    0.087735    6.943906
    0.761194    0.929959   -0.008030   -0.510354    0.667811        4.679933       -2.618793   24.737788    9.478909    0.087735    6.943906
    0.763682    0.930021    0.000886   -0.521967    0.672320        4.679991       -2.618788   24.838723    9.525843    0.087735    6.943906
    0.766169    0.929927    0.010003   -0.533562    0.676565        4.680049       -2.618784   24.939657    9.572776    0.087735    6.943906
    0.768657    0.929674    0.019319   -0.545137    0.680541        4.680106       -2.618779   25.040571    9.619686    0.087735    6.943906
    0.771144    0.929258    0.028835   -0.556691    0.684248        4.680162       -2.618775   25.141449    9.666555    0.087735    6.943906
    0.773632    0.928677    0.038551   -0.568219    0.687683        4.680214       -2.618770   25.242274    9.713360    0.087735    6.943906
    0.776119    0.927926    0.048465   -0.579719    0.690844        4.680264       -2.618766   25.343026    9.760080    0.087735    6.943906
    0.778607    0.927002    0.058578   -0.591188    0.693729        4.680309       -2.618762   25.443687    9.806694    0.087735    6.943906
    0.781095    0.925902    0.068889   -0.602624    0.696338        4.680350       -2.618758   25.544238    9.853178    0.087735    6.943906
    0.783582    0.924623    0.079397   -0.614024    0.698668        4.680386       -2.618754   25.644660    9.899509    0.087735    6.943906
    0.786070    0.923161    0.090101   -0.625385    0.700718        4.680416       -2.618750   25.744934    9.945665    0.087735    6.943906
    0.788557    0.921513    0.101001   -0.636704    0.702487        4.680442       -2.618747   25.845038    9.991620    0.087735    6.943906
    0.791045    0.919677    0.112097   -0.647978    0.703974        4.680462       -2.618744   25.944954   10.037351    0.087735    6.943906
    0.793532    0.917648    0.123387   -0.659206    0.705178        4.680477       -2.618741   26.044660   10.082832    0.087735    6.943906
    0.796020    0.915424    0.134870   -0.670383    0.706099        4.680487       -2.618739   26.144135   10.128040    0.087735    6.943906
    0.798507    0.913002    0.146546   -0.681507    0.706737        4.680493       -2.618736   26.243358   10.172948    0.087735    6.943906
    0.800995    0.910378    0.158414   -0.692576    0.707090        4.680494       -2.618734   26.342308   10.217531    0.087735    6.943906
    0.803483    0.907551    0.170472   -0.703587    0.707158        4.680491       -2.618732   26.440961   10.261763    0.087735    6.943906
    0.805970    0.904517    0.182720   -0.714536    0.706942        4.680485       -2.618731   26.539297   10.305619    0.087735    6.943906
    0.808458    0.901273    0.195156   -0.725422    0.706442        4.680476       -2.618729   26.637292   10.349072    0.087735    6.943906
    0.810945    0.897816    0.207781   -0.736242    0.705657        4.680464       -2.618728   26.734923   10.392096    0.087735    6.943906
    0.813433    0.894145    0.220591   -0.746993    0.704589        4.680451       -2.618727   26.832167   10.434666    0.087735    6.943906
    0.815920    0.890257    0.233586   -0.757672    0.703238        4.680435       -2.618726   26.929002   10.476756    0.087735    6.943906
    0.818408    0.886148    0.246766   -0.768277    0.701605        4.680418       -2.618725   27.025402   10.518339    0.087735    6.943906
    0.820896    0.881817    0.260127   -0.778804    0.699690        4.680401       -2.618725   27.121344   10.559391    0.087735    6.943906
    0.823383    0.877262    0.273670   -0.789253    0.697494        4.680382       -2.618725   27.216805   10.599886    0.087735    6.943906
    0.825871    0.872479    0.287393   -0.799619    0.695018        4.680363       -2.618724   27.311758   10.639800    0.087735    6.943906
    0.828358    0.867469    0.301294   -0.809901    0.692265        4.680344       -2.618724   27.406180   10.679107    0.087735    6.943906
    0.830846    0.862227    0.315372   -0.820095    0.689234        4.680325       -2.618724   27.500046   10.717783    0.087735    6.943906
    0.833333    0.856753    0.329625   -0.830200    0.685928        4.680306       -2.618724   27.593330   10.755806    0.087735    6.943906
    0.835821    0.851044    0.344052   -0.840213    0.682349        4.680288       -2.618725   27.686007   10.793152    0.087735    6.943906
    0.838308    0.845099    0.358651   -0.850131    0.678497        4.680270       -2.618725   27.778052   10.829799    0.087735    6.943906
    0.840796    0.838917    0.373421   -0.859952    0.674375        4.680252       -2.618725   27.869439   10.865726    0.087735    6.943906
    0.843284    0.832496    0.388359   -0.869673    0.669985        4.680235       -2.618726   27.960142   10.900911    0.087735    6.943906
    0.845771    0.825835    0.403465   -0.879293    0.665328        4.680219       -2.618726   28.050136   10.935336    0.087735    6.943906
    0.848259    0.818932    0.418736   -0.888808    0.660408        4.680203       -2.618727   28.139393   10.968981    0.087735    6.943906
    0.850746    0.811788    0.434170   -0.898217    0.655226        4.680188       -2.618727   28.227887   11.001829    0.087735    6.943906
    0.853234    0.804400    0.449765   -0.907516    0.649784        4.680174       -2.618728   28.315594   11.033862    0.087735    6.943906
    0.855721    0.796768    0.465521   -0.916705    0.644086        4.680160       -2.618728   28.402485   11.065066    0.087735    6.943906
    0.858209    0.788892    0.481434   -0.925781    0.638133        4.680147       -2.618729   28.488534   11.095426    0.087735    6.943906
    0.860697    0.780771    0.497503   -0.934740    0.631930        4.680135       -2.618730   28.573716   11.124929    0.087735    6.943906
    0.863184    0.772405    0.513726   -0.943582    0.625477        4.680123       -2.618730   28.658003   11.153564    0.087735    6.943906
    0.865672    0.763794    0.530100   -0.952305    0.618779        4.680112       -2.618731   28.741368   11.181319    0.087735    6.943906
    0.868159    0.754938    0.546624   -0.960905    0.611838        4.680102       -2.618732   28.823786   11.208187    0.087735    6.943906
    0.870647    0.745836    0.563295   -0.969381    0.604657        4.680092       -2.618732   28.905229   11.234159    0.087735    6.943906
    0.873134    0.736491    0.580112   -0.977731    0.597240        4.680083       -2.618733   28.985671   11.259231    0.087735    6.943906
    0.875622    0.726901    0.597072   -0.985952    0.589589        4.680074       -2.618734   29.065086   11.283397    0.087735    6.943906
    0.878109    0.717068    0.614173   -0.994044    0.581709        4.680066       -2.618735   29.143446   11.306655    0.087735    6.943906
    0.880597    0.706992    0.631412   -1.002003    0.573602        4.680058       -2.618735   29.220727   11.329004    0.087735    6.943906
    0.883085    0.696676    0.648788   -1.009829    0.565272        4.680051       -2.618736   29.296900   11.350444    0.087735    6.943906
    0.885572    0.686119    0.666298   -1.017519    0.556722        4.680044       -2.618737   29.371941   11.370979    0.087735    6.943906
    0.888060    0.675323    0.683939   -1.025071    0.547957        4.680038       -2.618738   29.445823   11.390610    0.087735    6.943906
    0.890547    0.664291    0.701710   -1.032484    0.538979        4.680032       -2.618738   29.518521   11.409346    0.087735    6.943906
    0.893035    0.653023    0.719608   -1.039755    0.529794        4.680026       -2.618739   29.590008   11.427191    0.087735    6.943906
    0.895522    0.641522    0.737630   -1.046884    0.520403        4.680021       -2.618740   29.660260   11.444156    0.087735    6.943906
    0.898010    0.629790    0.755773   -1.053868    0.510813        4.680016       -2.618740   29.729251   11.460251    0.087735    6.943906
    0.900498    0.617829    0.774036   -1.060705    0.501026        4.680012       -2.618741   29.796957   11.475488    0.087735    6.943906
    0.902985    0.605642    0.792416   -1.067395    0.491046        4.680007       -2.618742   29.863352   11.489881    0.087735    6.943906
    0.905473    0.593231    0.810911   -1.073936    0.480878        4.680003       -2.618743   29.928412   11.503445    0.087735    6.943906
    0.907960    0.580599    0.829517   -1.080325    0.470525        4.680000       -2.618743   29.992113   11.516197    0.087735    6.943906
    0.910448    0.567750    0.848232   -1.086562    0.459993        4.679996       -2.618744   30.054431   11.528155    0.087735    6.943906
    0.912935    0.554686    0.867053   -1.092645    0.449285        4.679993       -2.618745   30.115343   11.539339    0.087735    6.943906
    0.915423    0.541412    0.885978   -1.098573    0.438406        4.679990       -2.618745   30.174826   11.549770    0.087735    6.943906
    0.917910    0.527930    0.905004   -1.104344    0.427359        4.679987       -2.618746   30.232856   11.559470    0.087735    6.943906
    0.920398    0.514245    0.924129   -1.109957    0.416150        4.679984       -2.618747   30.289413   11.568462    0.087735    6.943906
    0.922886    0.500360    0.943349   -1.115411    0.404783        4.679982       -2.618748   30.344473   11.576771    0.087735    6.943906
    0.925373    0.486279    0.962662   -1.120704    0.393262        4.679980       -2.618748   30.398016   11.584423    0.087735    6.943906
    0.927861    0.472008    0.982065   -1.125836    0.381593        4.679977       -2.618749   30.450020   11.591443    0.087735    6.943906
    0.930348    0.457550    1.001555   -1.130804    0.369779        4.679975       -2.618750   30.500465   11.597859    0.087735    6.943906
    0.932836    0.442911    1.021129   -1.135609    0.357825        4.679973       -2.618750   30.549331   11.603699    0.087735    6.943906
    0.935323    0.428094    1.040785   -1.140248    0.345736        4.679972       -2.618751   30.596599   11.608991    0.087735    6.943906
    0.937811    0.413105    1.060520   -1.144721    0.333516        4.679970       -2.618752   30.642249   11.613764    0.087735    6.943906
    0.940299    0.397950    1.080331   -1.149027    0.321171        4.679969       -2.618752   30.686263   11.618047    0.087735    6.943906
    0.942786    0.382633    1.100215   -1.153164    0.308705        4.679967       -2.618753   30.728623   11.621870    0.087735    6.943906
    0.945274    0.367160    1.120168   -1.157132    0.296123        4.679966       -2.618754   30.769313   11.625262    0.087735    6.943906
    0.947761    0.351537    1.140189   -1.160930    0.283430        4.679965       -2.618754   30.808315   11.628252    0.087735    6.943906
    0.950249    0.335769    1.160274   -1.164558    0.270631        4.679964       -2.618755   30.845614   11.630870    0.087735    6.943906
    0.952736    0.319862    1.180419   -1.168013    0.257730        4.679963       -2.618756   30.881193   11.633145    0.087735    6.943906
    0.955224    0.303823    1.200624   -1.171296    0.244732        4.679962       -2.618756   30.915039   11.635105    0.087735    6.943906
    0.957711    0.287658    1.220883   -1.174406    0.231643        4.679961       -2.618757   30.947138   11.636778    0.087735    6.943906
    0.960199    0.271372    1.241195   -1.177341    0.218468        4.679960       -2.618757   30.977475   11.638193    0.087735    6.943906
    0.962687    0.254973    1.261555   -1.180103    0.205211        4.679959       -2.618758   31.006039   11.639374    0.087735    6.943906
    0.965174    0.238466    1.281962   -1.182688    0.191877        4.679959       -2.618759   31.032817   11.640348    0.087735    6.943906
    0.967662    0.221859    1.302412   -1.185098    0.178471        4.679958       -2.618759   31.057798   11.641140    0.087735    6.943906
    0.970149    0.205158    1.322903   -1.187332    0.164999        4.679958       -2.618760   31.080971   11.641772    0.087735    6.943906
    0.972637    0.188371    1.343430   -1.189389    0.151466        4.679957       -2.618761   31.102327   11.642268    0.087735    6.943906
    0.975124    0.171503    1.363991   -1.191268    0.137876        4.679957       -2.618761   31.121856   11.642647    0.087735    6.943906
    0.977612    0.154562    1.384583   -1.192970    0.124235        4.679956       -2.618762   31.139551   11.642930    0.087735    6.943906
    0.980100    0.137556    1.405204   -1.194494    0.110548        4.679956       -2.618763   31.155404   11.643133    0.087735    6.943906
    0.982587    0.120490    1.425848   -1.195839    0.096819        4.679956       -2.618764   31.169408   11.643273    0.087735    6.943906
    0.985075    0.103374    1.446515   -1.197005    0.083055        4.679956       -2.618764   31.181556   11.643365    0.087735    6.943906
    0.987562    0.086213    1.467200   -1.197993    0.069260        4.679955       -2.618765   31.191845   11.643421    0.087735    6.943906
    0.990050    0.069014    1.487901   -1.198801    0.055439        4.679955       -2.618766   31.200268   11.643452    0.087735    6.943906
    0.992537    0.051787    1.508614   -1.199430    0.041597        4.679955       -2.618766   31.206824   11.643466    0.087735    6.943906
    0.995025    0.034537    1.529336   -1.199879    0.027740        4.679955       -2.618767   31.211509   11.643472    0.087735    6.943906
    0.997512    0.017272    1.550065   -1.200148    0.013873        4.679955       -2.618768   31.214320   11.643473    0.087735    6.943906
    1.000000   -0.000000    1.570796   -1.200238    0.000000        4.679955       -2.618768   31.215258   11.643473    0.087735    6.943906
