           t           r         psi          cs          qs               p             sig           A           V          Q2           S
    0.000000    0.000000   -1.570796   -1.215931    0.000000        5.044956       -2.763533    0.000000    0.000000    0.083984    6.945859
    0.002488    0.017277   -1.549788   -1.215837   -0.014476        5.044955       -2.763607    0.000938    0.000000    0.083984    6.945859
    0.004975    0.034546   -1.528782   -1.215556   -0.028947        5.044950       -2.763680    0.003751    0.000001    0.083984    6.945859
    0.007463    0.051800   -1.507783   -1.215087   -0.043410        5.044942       -2.763752    0.008438    0.000007    0.083984    6.945859
    0.009950    0.069032   -1.486794   -1.214430   -0.057857        5.044930       -2.763823    0.014997    0.000022    0.083984    6.945859
    0.012438    0.086233   -1.465818   -1.213587   -0.072284        5.044915       -2.763893    0.023426    0.000053    0.083984    6.945859
    0.014925    0.103396   -1.444858   -1.212556   -0.086684        5.044896       -2.763964    0.033719    0.000110    0.083984    6.945859
    0.017413    0.120513   -1.423917   -1.211338   -0.101051        5.044872       -2.764033    0.045874    0.000203    0.083984    6.945859
    0.019900    0.137577   -1.402999   -1.209934   -0.115381        5.044844       -2.764102    0.059884    0.000345    0.083984    6.945859
    0.022388    0.154582   -1.382107   -1.208343   -0.129666        5.044812       -2.764171    0.075743    0.000551    0.083984    6.945859
    0.024876    0.171518   -1.361244   -1.206566   -0.143903        5.044775       -2.764239    0.093445    0.000837    0.083984    6.945859
    0.027363    0.188380   -1.340414   -1.204604   -0.158084        5.044733       -2.764307    0.112981    0.001222    0.083984    6.945859
    0.029851    0.205159   -1.319619   -1.202456   -0.172205        5.044685       -2.764374    0.134344    0.001724    0.083984    6.945859
    0.032338    0.221850   -1.298862   -1.200124   -0.186259        5.044632       -2.764441    0.157523    0.002365    0.083984    6.945859
    0.034826    0.238444   -1.278148   -1.197608   -0.200241        5.044573       -2.764508    0.182509    0.003167    0.083984    6.945859
    0.037313    0.254935   -1.257478   -1.194908   -0.214146        5.044507       -2.764575    0.209292    0.004153    0.083984    6.945859
    0.039801    0.271316   -1.236857   -1.192026   -0.227968        5.044435       -2.764642    0.237858    0.005350    0.083984    6.945859
    0.042289    0.287580   -1.216287   -1.188961   -0.241702        5.044356       -2.764709    0.268197    0.006782    0.083984    6.945859
    0.044776    0.303721   -1.195771   -1.185715   -0.255341        5.044270       -2.764775    0.300294    0.008475    0.083984    6.945859
    0.047264    0.319733   -1.175314   -1.182288   -0.268881        5.044176       -2.764842    0.334137    0.010459    0.083984    6.945859
    0.049751    0.335608   -1.154917   -1.178681   -0.282316        5.044073       -2.764908    0.369711    0.012761    0.083984    6.945859
    0.052239    0.351342   -1.134584   -1.174895   -0.295641        5.043961       -2.764975    0.407001    0.015409    0.083984    6.945859
    0.054726    0.366927   -1.114317   -1.170932   -0.308850        5.043841       -2.765042    0.445991    0.018432    0.083984    6.945859
    0.057214    0.382358   -1.094121   -1.166790   -0.321938        5.043710       -2.765109    0.486665    0.021861    0.083984    6.945859
    0.059701    0.397629   -1.073998   -1.162473   -0.334900        5.043569       -2.765176    0.529005    0.025725    0.083984    6.945859
    0.062189    0.412735   -1.053951   -1.157981   -0.347731        5.043416       -2.765243    0.572994    0.030052    0.083984    6.945859
    0.064677    0.427670   -1.033983   -1.153314   -0.360425        5.043252       -2.765311    0.618614    0.034873    0.083984    6.945859
    0.067164    0.442429   -1.014098   -1.148475   -0.372977        5.043076       -2.765379    0.665845    0.040216    0.083984    6.945859
    0.069652    0.457007   -0.994297   -1.143464   -0.385382        5.042885       -2.765447    0.714670    0.046111    0.083984    6.945859
    0.072139    0.471399   -0.974585   -1.138282   -0.397636        5.042681       -2.765516    0.765066    0.052585    0.083984    6.945859
    0.074627    0.485600   -0.954963   -1.132931   -0.409732        5.042462       -2.765585    0.817015    0.059666    0.083984    6.945859
    0.077114    0.499606   -0.935435   -1.127412   -0.421667        5.042226       -2.765654    0.870495    0.067381    0.083984    6.945859
    0.079602    0.513412   -0.916005   -1.121726   -0.433436        5.041974       -2.765724    0.925485    0.075756    0.083984    6.945859
    0.082090    0.527014   -0.896673   -1.115874   -0.445033        5.041703       -2.765794    0.981962    0.084816    0.083984    6.945859
    0.084577    0.540408   -0.877445   -1.109859   -0.456454        5.041413       -2.765864    1.039905    0.094586    0.083984    6.945859
    0.087065    0.553590   -0.858322   -1.103682   -0.467695        5.041102       -2.765936    1.099291    0.105087    0.083984    6.945859
    0.089552    0.566557   -0.839306   -1.097343   -0.478750        5.040769       -2.766007    1.160096    0.116342    0.083984    6.945859
    0.092040    0.579305   -0.820402   -1.090846   -0.489616        5.040414       -2.766079    1.222296    0.128371    0.083984    6.945859
    0.094527    0.591831   -0.801611   -1.084190   -0.500288        5.040033       -2.766152    1.285869    0.141192    0.083984    6.945859
    0.097015    0.604132   -0.782937   -1.077378   -0.510761        5.039626       -2.766225    1.350790    0.154825    0.083984    6.945859
    0.099502    0.616205   -0.764382   -1.070412   -0.521032        5.039191       -2.766298    1.417033    0.169284    0.083984    6.945859
    0.101990    0.628048   -0.745948   -1.063292   -0.531096        5.038727       -2.766372    1.484575    0.184584    0.083984    6.945859
    0.104478    0.639657   -0.727639   -1.056022   -0.540950        5.038230       -2.766447    1.553390    0.200738    0.083984    6.945859
    0.106965    0.651031   -0.709457   -1.048602   -0.550589        5.037701       -2.766522    1.623452    0.217758    0.083984    6.945859
    0.109453    0.662167   -0.691404   -1.041035   -0.560010        5.037135       -2.766597    1.694736    0.235652    0.083984    6.945859
    0.111940    0.673064   -0.673483   -1.033322   -0.569208        5.036532       -2.766673    1.767216    0.254429    0.083984    6.945859
    0.114428    0.683720   -0.655697   -1.025465   -0.578181        5.035889       -2.766749    1.840866    0.274096    0.083984    6.945859
    0.116915    0.694133   -0.638047   -1.017466   -0.586925        5.035204       -2.766825    1.915660    0.294656    0.083984    6.945859
    0.119403    0.704303   -0.620537   -1.009327   -0.595436        5.034474       -2.766902    1.991571    0.316113    0.083984    6.945859
    0.121891    0.714227   -0.603169   -1.001051   -0.603711        5.033696       -2.766978    2.068573    0.338468    0.083984    6.945859
    0.124378    0.723905   -0.585945   -0.992638   -0.611748        5.032869       -2.767054    2.146639    0.361721    0.083984    6.945859
    0.126866    0.733336   -0.568868   -0.984091   -0.619543        5.031989       -2.767131    2.225742    0.385868    0.083984    6.945859
    0.129353    0.742519   -0.551939   -0.975412   -0.627093        5.031055       -2.767207    2.305855    0.410907    0.083984    6.945859
    0.131841    0.751455   -0.535162   -0.966603   -0.634395        5.030062       -2.767282    2.386952    0.436833    0.083984    6.945859
    0.134328    0.760142   -0.518538   -0.957667   -0.641448        5.029010       -2.767357    2.469006    0.463637    0.083984    6.945859
    0.136816    0.768581   -0.502069   -0.948605   -0.648248        5.027895       -2.767431    2.551989    0.491313    0.083984    6.945859
    0.139303    0.776772   -0.485758   -0.939419   -0.654793        5.026715       -2.767504    2.635875    0.519849    0.083984    6.945859
    0.141791    0.784715   -0.469607   -0.930112   -0.661082        5.025467       -2.767576    2.720637    0.549235    0.083984    6.945859
    0.144279    0.792411   -0.453617   -0.920686   -0.667111        5.024150       -2.767646    2.806248    0.579458    0.083984    6.945859
    0.146766    0.799859   -0.437792   -0.911143   -0.672880        5.022762       -2.767714    2.892680    0.610504    0.083984    6.945859
    0.149254    0.807061   -0.422132   -0.901485   -0.678386        5.021302       -2.767780    2.979908    0.642358    0.083984    6.945859
    0.151741    0.814017   -0.406640   -0.891715   -0.683627        5.019769       -2.767844    3.067904    0.675003    0.083984    6.945859
    0.154229    0.820729   -0.391318   -0.881835   -0.688603        5.018163       -2.767904    3.156643    0.708422    0.083984    6.945859
    0.156716    0.827198   -0.376168   -0.871846   -0.693311        5.016485       -2.767960    3.246096    0.742596    0.083984    6.945859
    0.159204    0.833424   -0.361191   -0.861752   -0.697750        5.014736       -2.768013    3.336239    0.777506    0.083984    6.945859
    0.161692    0.839410   -0.346389   -0.851555   -0.701920        5.012919       -2.768061    3.427045    0.813131    0.083984    6.945859
    0.164179    0.845157   -0.331765   -0.841257   -0.705817        5.011037       -2.768104    3.518487    0.849449    0.083984    6.945859
    0.166667    0.850666   -0.317319   -0.830860   -0.709443        5.009096       -2.768140    3.610541    0.886440    0.083984    6.945859
    0.169154    0.855940   -0.303053   -0.820367   -0.712794        5.007101       -2.768171    3.703180    0.924079    0.083984    6.945859
    0.171642    0.860980   -0.288970   -0.809780   -0.715871        5.005062       -2.768194    3.796378    0.962344    0.083984    6.945859
    0.174129    0.865788   -0.275071   -0.799101   -0.718671        5.002987       -2.768209    3.890112    1.001210    0.083984    6.945859
    0.176617    0.870366   -0.261357   -0.788334   -0.721194        5.000889       -2.768215    3.984354    1.040654    0.083984    6.945859
    0.179104    0.874718   -0.247829   -0.777479   -0.723438        4.998780       -2.768212    4.079082    1.080649    0.083984    6.945859
    0.181592    0.878844   -0.234490   -0.766541   -0.725401        4.996677       -2.768199    4.174269    1.121172    0.083984    6.945859
    0.184080    0.882748   -0.221341   -0.755521   -0.727082        4.994595       -2.768175    4.269893    1.162196    0.083984    6.945859
    0.186567    0.886431   -0.208382   -0.744422   -0.728480        4.992555       -2.768138    4.365928    1.203696    0.083984    6.945859
    0.189055    0.889898   -0.195617   -0.733246   -0.729591        4.990575       -2.768090    4.462351    1.245646    0.083984    6.945859
    0.191542    0.893149   -0.183044   -0.721996   -0.730414        4.988677       -2.768028    4.559139    1.288020    0.083984    6.945859
    0.194030    0.896189   -0.170667   -0.710675   -0.730946        4.986881       -2.767952    4.656268    1.330793    0.083984    6.945859
    0.196517    0.899019   -0.158486   -0.699285   -0.731186        4.985211       -2.767862    4.753716    1.373937    0.083984    6.945859
    0.199005    0.901643   -0.146503   -0.687830   -0.731128        4.983685       -2.767758    4.851460    1.417428    0.083984    6.945859
    0.201493    0.904065   -0.134718   -0.676311   -0.730772        4.982324       -2.767639    4.949478    1.461240    0.083984    6.945859
    0.203980    0.906286   -0.123132   -0.664733   -0.730113        4.981144       -2.767504    5.047748    1.505348    0.083984    6.945859
    0.206468    0.908310   -0.111747   -0.653097   -0.729148        4.980160       -2.767355    5.146248    1.549725    0.083984    6.945859
    0.208955    0.910140   -0.100564   -0.641408   -0.727875        4.979381       -2.767192    5.244958    1.594348    0.083984    6.945859
    0.211443    0.911780   -0.089583   -0.629667   -0.726289        4.978813       -2.767014    5.343856    1.639191    0.083984    6.945859
    0.213930    0.913233   -0.078805   -0.617880   -0.724388        4.978456       -2.766823    5.442921    1.684230    0.083984    6.945859
    0.216418    0.914502   -0.068231   -0.606047   -0.722168        4.978304       -2.766620    5.542135    1.729443    0.083984    6.945859
    0.218905    0.915590   -0.057862   -0.594174   -0.719629        4.978349       -2.766405    5.641476    1.774804    0.083984    6.945859
    0.221393    0.916501   -0.047699   -0.582264   -0.716766        4.978572       -2.766181    5.740926    1.820291    0.083984    6.945859
    0.223881    0.917239   -0.037741   -0.570319   -0.713580        4.978952       -2.765947    5.840465    1.865882    0.083984    6.945859
    0.226368    0.917806   -0.027991   -0.558344   -0.710068        4.979463       -2.765707    5.940075    1.911556    0.083984    6.945859
    0.228856    0.918207   -0.018447   -0.546342   -0.706232        4.980076       -2.765462    6.039738    1.957289    0.083984    6.945859
    0.231343    0.918445   -0.009111   -0.534317   -0.702072        4.980758       -2.765213    6.139435    2.003063    0.083984    6.945859
    0.233831    0.918523    0.000017   -0.522272   -0.697589        4.981474       -2.764962    6.239149    2.048856    0.083984    6.945859
    0.236318    0.918446    0.008937   -0.510212   -0.692787        4.982190       -2.764711    6.338864    2.094649    0.083984    6.945859
    0.238806    0.918216    0.017648   -0.498139   -0.687667        4.982873       -2.764462    6.438561    2.140423    0.083984    6.945859
    0.241294    0.917837    0.026151   -0.486057   -0.682234        4.983489       -2.764216    6.538226    2.186160    0.083984    6.945859
    0.243781    0.917313    0.034444   -0.473971   -0.676493        4.984011       -2.763975    6.637842    2.231842    0.083984    6.945859
    0.246269    0.916648    0.042529   -0.461883   -0.670450        4.984413       -2.763741    6.737392    2.277451    0.083984    6.945859
    0.248756    0.915845    0.050405   -0.449797   -0.664110        4.984673       -2.763514    6.836864    2.322973    0.083984    6.945859
    0.251244    0.914908    0.058073   -0.437716   -0.657481        4.984774       -2.763296    6.936241    2.368390    0.083984    6.945859
    0.253731    0.913841    0.065531   -0.425645   -0.650570        4.984704       -2.763088    7.035508    2.413688    0.083984    6.945859
    0.256219    0.912647    0.072782   -0.413586   -0.643384        4.984455       -2.762891    7.134654    2.458852    0.083984    6.945859
    0.258706    0.911329    0.079824   -0.401543   -0.635931        4.984023       -2.762704    7.233662    2.503868    0.083984    6.945859
    0.261194    0.909892    0.086658   -0.389519   -0.628221        4.983408       -2.762530    7.332522    2.548724    0.083984    6.945859
    0.263682    0.908340    0.093284   -0.377516   -0.620260        4.982614       -2.762367    7.431219    2.593406    0.083984    6.945859
    0.266169    0.906675    0.099703   -0.365539   -0.612059        4.981648       -2.762217    7.529741    2.637903    0.083984    6.945859
    0.268657    0.904901    0.105916   -0.353590   -0.603625        4.980517       -2.762078    7.628076    2.682204    0.083984    6.945859
    0.271144    0.903023    0.111922   -0.341672   -0.594967        4.979234       -2.761952    7.726214    2.726298    0.083984    6.945859
    0.273632    0.901043    0.117723   -0.329788   -0.586094        4.977809       -2.761838    7.824141    2.770174    0.083984    6.945859
    0.276119    0.898965    0.123319   -0.317940   -0.577016        4.976256       -2.761735    7.921849    2.813824    0.083984    6.945859
    0.278607    0.896793    0.128710   -0.306132   -0.567740        4.974589       -2.761644    8.019326    2.857238    0.083984    6.945859
    0.281095    0.894531    0.133898   -0.294367   -0.558276        4.972820       -2.761564    8.116562    2.900409    0.083984    6.945859
    0.283582    0.892181    0.138883   -0.282646   -0.548633        4.970964       -2.761494    8.213548    2.943329    0.083984    6.945859
    0.286070    0.889748    0.143666   -0.270972   -0.538818        4.969033       -2.761435    8.310274    2.985989    0.083984    6.945859
    0.288557    0.887235    0.148247   -0.259348   -0.528841        4.967040       -2.761385    8.406731    3.028385    0.083984    6.945859
    0.291045    0.884645    0.152628   -0.247777   -0.518711        4.964997       -2.761344    8.502912    3.070509    0.083984    6.945859
    0.293532    0.881982    0.156810   -0.236261   -0.508437        4.962914       -2.761312    8.598807    3.112356    0.083984    6.945859
    0.296020    0.879250    0.160793   -0.224801   -0.498027        4.960803       -2.761288    8.694410    3.153921    0.083984    6.945859
    0.298507    0.876451    0.164578   -0.213402   -0.487490        4.958670       -2.761272    8.789712    3.195199    0.083984    6.945859
    0.300995    0.873589    0.168168   -0.202064   -0.476836        4.956527       -2.761263    8.884707    3.236187    0.083984    6.945859
    0.303483    0.870668    0.171561   -0.190790   -0.466072        4.954379       -2.761261    8.979388    3.276880    0.083984    6.945859
    0.305970    0.867691    0.174761   -0.179583   -0.455209        4.952233       -2.761266    9.073749    3.317275    0.083984    6.945859
    0.308458    0.864661    0.177768   -0.168445   -0.444255        4.950095       -2.761276    9.167783    3.357369    0.083984    6.945859
    0.310945    0.861581    0.180582   -0.157378   -0.433221        4.947971       -2.761291    9.261486    3.397160    0.083984    6.945859
    0.313433    0.858455    0.183206   -0.146384   -0.422114        4.945864       -2.761312    9.354852    3.436646    0.083984    6.945859
    0.315920    0.855287    0.185641   -0.135466   -0.410945        4.943778       -2.761338    9.447877    3.475826    0.083984    6.945859
    0.318408    0.852078    0.187888   -0.124625   -0.399724        4.941717       -2.761368    9.540555    3.514697    0.083984    6.945859
    0.320896    0.848833    0.189948   -0.113864   -0.388460        4.939683       -2.761401    9.632883    3.553259    0.083984    6.945859
    0.323383    0.845555    0.191823   -0.103184   -0.377164        4.937679       -2.761439    9.724857    3.591511    0.083984    6.945859
    0.325871    0.842246    0.193514   -0.092589   -0.365845        4.935705       -2.761480    9.816473    3.629453    0.083984    6.945859
    0.328358    0.838910    0.195023   -0.082080   -0.354514        4.933764       -2.761525    9.907728    3.667085    0.083984    6.945859
    0.330846    0.835550    0.196351   -0.071659   -0.343181        4.931855       -2.761572    9.998620    3.704408    0.083984    6.945859
    0.333333    0.832169    0.197500   -0.061329   -0.331856        4.929981       -2.761622   10.089146    3.741421    0.083984    6.945859
    0.335821    0.828771    0.198471   -0.051091   -0.320551        4.928141       -2.761674   10.179304    3.778127    0.083984    6.945859
    0.338308    0.825357    0.199266   -0.040947   -0.309276        4.926336       -2.761729   10.269092    3.814525    0.083984    6.945859
    0.340796    0.821931    0.199887   -0.030901   -0.298042        4.924566       -2.761786   10.358509    3.850618    0.083984    6.945859
    0.343284    0.818496    0.200335   -0.020952   -0.286859        4.922830       -2.761845   10.447554    3.886407    0.083984    6.945859
    0.345771    0.815055    0.200611   -0.011105   -0.275740        4.921128       -2.761905   10.536225    3.921894    0.083984    6.945859
    0.348259    0.811611    0.200719   -0.001361   -0.264695        4.919460       -2.761967   10.624523    3.957081    0.083984    6.945859
    0.350746    0.808167    0.200659    0.008279   -0.253735        4.917826       -2.762031   10.712446    3.991971    0.083984    6.945859
    0.353234    0.804725    0.200433    0.017811   -0.242872        4.916224       -2.762096   10.799996    4.026565    0.083984    6.945859
    0.355721    0.801288    0.200044    0.027235   -0.232117        4.914655       -2.762162   10.887172    4.060867    0.083984    6.945859
    0.358209    0.797859    0.199493    0.036547   -0.221481        4.913116       -2.762229   10.973976    4.094880    0.083984    6.945859
    0.360697    0.794440    0.198782    0.045746   -0.210975        4.911609       -2.762297   11.060408    4.128606    0.083984    6.945859
    0.363184    0.791035    0.197913    0.054829   -0.200612        4.910131       -2.762366   11.146469    4.162050    0.083984    6.945859
    0.365672    0.787647    0.196888    0.063795   -0.190401        4.908683       -2.762436   11.232162    4.195213    0.083984    6.945859
    0.368159    0.784276    0.195709    0.072641   -0.180354        4.907262       -2.762507   11.317488    4.228100    0.083984    6.945859
    0.370647    0.780928    0.194378    0.081366   -0.170482        4.905869       -2.762578   11.402449    4.260715    0.083984    6.945859
    0.373134    0.777603    0.192898    0.089966   -0.160796        4.904503       -2.762650   11.487047    4.293061    0.083984    6.945859
    0.375622    0.774304    0.191270    0.098441   -0.151306        4.903162       -2.762723   11.571286    4.325143    0.083984    6.945859
    0.378109    0.771034    0.189497    0.106787   -0.142023        4.901846       -2.762796   11.655169    4.356964    0.083984    6.945859
    0.380597    0.767795    0.187581    0.115002   -0.132958        4.900555       -2.762870   11.738698    4.388529    0.083984    6.945859
    0.383085    0.764591    0.185524    0.123085   -0.124120        4.899286       -2.762943   11.821878    4.419842    0.083984    6.945859
    0.385572    0.761422    0.183328    0.131034   -0.115518        4.898039       -2.763018   11.904711    4.450907    0.083984    6.945859
    0.388060    0.758292    0.180996    0.138845   -0.107163        4.896815       -2.763092   11.987203    4.481729    0.083984    6.945859
    0.390547    0.755202    0.178531    0.146517   -0.099063        4.895611       -2.763167   12.069357    4.512313    0.083984    6.945859
    0.393035    0.752156    0.175934    0.154047   -0.091226        4.894427       -2.763242   12.151178    4.542663    0.083984    6.945859
    0.395522    0.749154    0.173208    0.161433   -0.083662        4.893262       -2.763318   12.232670    4.572784    0.083984    6.945859
    0.398010    0.746201    0.170356    0.168673   -0.076377        4.892116       -2.763393   12.313840    4.602682    0.083984    6.945859
    0.400498    0.743297    0.167380    0.175765   -0.069378        4.890987       -2.763469   12.394691    4.632360    0.083984    6.945859
    0.402985    0.740444    0.164283    0.182706   -0.062673        4.889876       -2.763545   12.475230    4.661825    0.083984    6.945859
    0.405473    0.737646    0.161068    0.189494   -0.056267        4.888781       -2.763621   12.555462    4.691081    0.083984    6.945859
    0.407960    0.734903    0.157736    0.196126   -0.050166        4.887701       -2.763697   12.635393    4.720133    0.083984    6.945859
    0.410448    0.732218    0.154291    0.202601   -0.044374        4.886637       -2.763773   12.715030    4.748987    0.083984    6.945859
    0.412935    0.729593    0.150736    0.208916   -0.038896        4.885587       -2.763849   12.794378    4.777649    0.083984    6.945859
    0.415423    0.727030    0.147073    0.215069   -0.033735        4.884551       -2.763925   12.873445    4.806122    0.083984    6.945859
    0.417910    0.724530    0.143305    0.221056   -0.028893        4.883528       -2.764002   12.952237    4.834414    0.083984    6.945859
    0.420398    0.722095    0.139435    0.226877   -0.024372        4.882518       -2.764078   13.030761    4.862529    0.083984    6.945859
    0.422886    0.719728    0.135466    0.232528   -0.020173        4.881519       -2.764155   13.109024    4.890473    0.083984    6.945859
    0.425373    0.717429    0.131400    0.238008   -0.016297        4.880532       -2.764231   13.187034    4.918252    0.083984    6.945859
    0.427861    0.715200    0.127242    0.243314   -0.012743        4.879556       -2.764308   13.264798    4.945871    0.083984    6.945859
    0.430348    0.713044    0.122993    0.248443   -0.009508        4.878591       -2.764384   13.342325    4.973336    0.083984    6.945859
    0.432836    0.710961    0.118658    0.253394   -0.006591        4.877635       -2.764460   13.419621    5.000653    0.083984    6.945859
    0.435323    0.708954    0.114238    0.258164   -0.003989        4.876689       -2.764537   13.496695    5.027827    0.083984    6.945859
    0.437811    0.707023    0.109737    0.262752   -0.001697        4.875752       -2.764613   13.573555    5.054864    0.083984    6.945859
    0.440299    0.705170    0.105159    0.267154    0.000291        4.874823       -2.764690   13.650210    5.081771    0.083984    6.945859
    0.442786    0.703396    0.100507    0.271369    0.001979        4.873902       -2.764766   13.726668    5.108552    0.083984    6.945859
    0.445274    0.701703    0.095783    0.275395    0.003376        4.872988       -2.764843   13.802938    5.135214    0.083984    6.945859
    0.447761    0.700092    0.090991    0.279230    0.004489        4.872082       -2.764919   13.879028    5.161764    0.083984    6.945859
    0.450249    0.698563    0.086135    0.282872    0.005327        4.871182       -2.764996   13.954948    5.188206    0.083984    6.945859
    0.452736    0.697119    0.081217    0.286318    0.005900        4.870288       -2.765072   14.030707    5.214547    0.083984    6.945859
    0.455224    0.695760    0.076242    0.289568    0.006219        4.869400       -2.765148   14.106313    5.240793    0.083984    6.945859
    0.457711    0.694487    0.071212    0.292620    0.006294        4.868518       -2.765225   14.181777    5.266949    0.083984    6.945859
    0.460199    0.693302    0.066131    0.295471    0.006138        4.867640       -2.765301   14.257107    5.293023    0.083984    6.945859
    0.462687    0.692204    0.061002    0.298121    0.005765        4.866768       -2.765377   14.332313    5.319020    0.083984    6.945859
    0.465174    0.691195    0.055830    0.300568    0.005187        4.865899       -2.765454   14.407405    5.344946    0.083984    6.945859
    0.467662    0.690276    0.050617    0.302810    0.004420        4.865034       -2.765530   14.482392    5.370807    0.083984    6.945859
    0.470149    0.689447    0.045367    0.304846    0.003478        4.864172       -2.765606   14.557284    5.396609    0.083984    6.945859
    0.472637    0.688709    0.040084    0.306676    0.002378        4.863314       -2.765682   14.632091    5.422360    0.083984    6.945859
    0.475124    0.688062    0.034771    0.308297    0.001136        4.862458       -2.765759   14.706823    5.448063    0.083984    6.945859
    0.477612    0.687508    0.029431    0.309710   -0.000231        4.861604       -2.765835   14.781490    5.473727    0.083984    6.945859
    0.480100    0.687046    0.024069    0.310914   -0.001707        4.860753       -2.765911   14.856102    5.499357    0.083984    6.945859
    0.482587    0.686676    0.018688    0.311907   -0.003272        4.859903       -2.765987   14.930668    5.524959    0.083984    6.945859
    0.485075    0.686400    0.013292    0.312689   -0.004910        4.859054       -2.766063   15.005200    5.550540    0.083984    6.945859
    0.487562    0.686217    0.007884    0.313260   -0.006603        4.858206       -2.766140   15.079706    5.576106    0.083984    6.945859
    0.490050    0.686128    0.002468    0.313620   -0.008331        4.857359       -2.766216   15.154198    5.601662    0.083984    6.945859
    0.492537    0.686132   -0.002952    0.313769   -0.010075        4.856512       -2.766292   15.228685    5.627216    0.083984    6.945859
    0.495025    0.686230   -0.008373    0.313705   -0.011819        4.855664       -2.766368   15.303178    5.652773    0.083984    6.945859
    0.497512    0.686421   -0.013792    0.313430   -0.013542        4.854816       -2.766444   15.377686    5.678339    0.083984    6.945859
    0.500000    0.686706   -0.019203    0.312944   -0.015227        4.853967       -2.766520   15.452220    5.703922    0.083984    6.945859
    0.502488    0.687085   -0.024605    0.312247   -0.016855        4.853117       -2.766597   15.526790    5.729526    0.083984    6.945859
    0.504975    0.687556   -0.029992    0.311340   -0.018408        4.852266       -2.766673   15.601407    5.755159    0.083984    6.945859
    0.507463    0.688121   -0.035362    0.310223   -0.019868        4.851412       -2.766749   15.676079    5.780826    0.083984    6.945859
    0.509950    0.688778   -0.040711    0.308898   -0.021218        4.850556       -2.766825   15.750818    5.806534    0.083984    6.945859
    0.512438    0.689527   -0.046036    0.307364   -0.022441        4.849697       -2.766901   15.825634    5.832289    0.083984    6.945859
    0.514925    0.690368   -0.051331    0.305623   -0.023520        4.848835       -2.766978   15.900535    5.858097    0.083984    6.945859
    0.517413    0.691300   -0.056596    0.303677   -0.024440        4.847970       -2.767054   15.975533    5.883965    0.083984    6.945859
    0.519900    0.692322   -0.061824    0.301526   -0.025185        4.847101       -2.767130   16.050637    5.909898    0.083984    6.945859
    0.522388    0.693435   -0.067014    0.299172   -0.025741        4.846227       -2.767207   16.125857    5.935903    0.083984    6.945859
    0.524876    0.694636   -0.072161    0.296616   -0.026093        4.845349       -2.767283   16.201202    5.961985    0.083984    6.945859
    0.527363    0.695926   -0.077263    0.293860   -0.026228        4.844466       -2.767359   16.276683    5.988152    0.083984    6.945859
    0.529851    0.697303   -0.082315    0.290906   -0.026134        4.843577       -2.767436   16.352308    6.014409    0.083984    6.945859
    0.532338    0.698767   -0.087315    0.287755   -0.025800        4.842683       -2.767512   16.428088    6.040762    0.083984    6.945859
    0.534826    0.700316   -0.092258    0.284409   -0.025214        4.841782       -2.767588   16.504031    6.067217    0.083984    6.945859
    0.537313    0.701950   -0.097142    0.280870   -0.024367        4.840875       -2.767665   16.580147    6.093781    0.083984    6.945859
    0.539801    0.703668   -0.101963    0.277141   -0.023249        4.839960       -2.767741   16.656445    6.120459    0.083984    6.945859
    0.542289    0.705467   -0.106718    0.273222   -0.021853        4.839038       -2.767818   16.732934    6.147258    0.083984    6.945859
    0.544776    0.707348   -0.111403    0.269117   -0.020172        4.838108       -2.767894   16.809623    6.174184    0.083984    6.945859
    0.547264    0.709308   -0.116016    0.264828   -0.018198        4.837169       -2.767971   16.886520    6.201242    0.083984    6.945859
    0.549751    0.711348   -0.120554    0.260356   -0.015927        4.836221       -2.768047   16.963634    6.228438    0.083984    6.945859
    0.552239    0.713464   -0.125012    0.255705   -0.013355        4.835264       -2.768124   17.040974    6.255779    0.083984    6.945859
    0.554726    0.715656   -0.129389    0.250876   -0.010478        4.834296       -2.768200   17.118548    6.283271    0.083984    6.945859
    0.557214    0.717922   -0.133681    0.245872   -0.007294        4.833318       -2.768277   17.196363    6.310918    0.083984    6.945859
    0.559701    0.720261   -0.137884    0.240695   -0.003801        4.832329       -2.768353   17.274429    6.338728    0.083984    6.945859
    0.562189    0.722671   -0.141997    0.235348    0.000002        4.831328       -2.768429   17.352753    6.366705    0.083984    6.945859
    0.564677    0.725151   -0.146016    0.229833    0.004114        4.830315       -2.768506   17.431342    6.394856    0.083984    6.945859
    0.567164    0.727699   -0.149938    0.224153    0.008535        4.829289       -2.768582   17.510203    6.423187    0.083984    6.945859
    0.569652    0.730312   -0.153761    0.218310    0.013262        4.828250       -2.768658   17.589345    6.451702    0.083984    6.945859
    0.572139    0.732991   -0.157482    0.212307    0.018293        4.827196       -2.768735   17.668775    6.480408    0.083984    6.945859
    0.574627    0.735731   -0.161097    0.206147    0.023624        4.826128       -2.768811   17.748498    6.509310    0.083984    6.945859
    0.577114    0.738533   -0.164604    0.199831    0.029251        4.825044       -2.768887   17.828523    6.538414    0.083984    6.945859
    0.579602    0.741393   -0.168001    0.193363    0.035170        4.823944       -2.768963   17.908854    6.567725    0.083984    6.945859
    0.582090    0.744310   -0.171285    0.186746    0.041374        4.822827       -2.769039   17.989500    6.597248    0.083984    6.945859
    0.584577    0.747283   -0.174454    0.179980    0.047857        4.821693       -2.769114   18.070465    6.626990    0.083984    6.945859
    0.587065    0.750308   -0.177504    0.173070    0.054612        4.820541       -2.769190   18.151755    6.656955    0.083984    6.945859
    0.589552    0.753384   -0.180434    0.166018    0.061633        4.819369       -2.769265   18.233377    6.687148    0.083984    6.945859
    0.592040    0.756508   -0.183240    0.158826    0.068910        4.818178       -2.769340   18.315336    6.717575    0.083984    6.945859
    0.594527    0.759680   -0.185921    0.151497    0.076435        4.816966       -2.769415   18.397636    6.748240    0.083984    6.945859
    0.597015    0.762896   -0.188475    0.144034    0.084200        4.815732       -2.769489   18.480283    6.779149    0.083984    6.945859
    0.599502    0.766154   -0.190898    0.136439    0.092195        4.814476       -2.769563   18.563281    6.810307    0.083984    6.945859
    0.601990    0.769452   -0.193189    0.128714    0.100410        4.813197       -2.769637   18.646635    6.841719    0.083984    6.945859
    0.604478    0.772787   -0.195345    0.120863    0.108834        4.811894       -2.769710   18.730349    6.873388    0.083984    6.945859
    0.606965    0.776158   -0.197365    0.112887    0.117458        4.810566       -2.769783   18.814428    6.905321    0.083984    6.945859
    0.609453    0.779563   -0.199245    0.104789    0.126270        4.809212       -2.769855   18.898874    6.937521    0.083984    6.945859
    0.611940    0.782997   -0.200985    0.096573    0.135260        4.807831       -2.769927   18.983691    6.969992    0.083984    6.945859
    0.614428    0.786460   -0.202582    0.088239    0.144415        4.806422       -2.769998   19.068883    7.002740    0.083984    6.945859
    0.616915    0.789949   -0.204034    0.079792    0.153725        4.804985       -2.770068   19.154453    7.035769    0.083984    6.945859
    0.619403    0.793461   -0.205339    0.071233    0.163178        4.803518       -2.770138   19.240402    7.069081    0.083984    6.945859
    0.621891    0.796994   -0.206495    0.062565    0.172762        4.802021       -2.770206   19.326734    7.102683    0.083984    6.945859
    0.624378    0.800546   -0.207500    0.053790    0.182465        4.800493       -2.770273   19.413450    7.136577    0.083984    6.945859
    0.626866    0.804113   -0.208353    0.044912    0.192275        4.798932       -2.770340   19.500553    7.170766    0.083984    6.945859
    0.629353    0.807693   -0.209052    0.035932    0.202179        4.797338       -2.770405   19.588043    7.205256    0.083984    6.945859
    0.631841    0.811283   -0.209594    0.026853    0.212167        4.795710       -2.770469   19.675923    7.240048    0.083984    6.945859
    0.634328    0.814882   -0.209979    0.017678    0.222225        4.794048       -2.770531   19.764194    7.275147    0.083984    6.945859
    0.636816    0.818486   -0.210204    0.008409    0.232341        4.792351       -2.770591   19.852855    7.310555    0.083984    6.945859
    0.639303    0.822092   -0.210269   -0.000950    0.242504        4.790618       -2.770650   19.941907    7.346275    0.083984    6.945859
    0.641791    0.825697   -0.210171   -0.010399    0.252702        4.788849       -2.770707   20.031351    7.382310    0.083984    6.945859
    0.644279    0.829300   -0.209909   -0.019933    0.262921        4.787043       -2.770761   20.121187    7.418662    0.083984    6.945859
    0.646766    0.832897   -0.209482   -0.029551    0.273152        4.785202       -2.770813   20.211413    7.455335    0.083984    6.945859
    0.649254    0.836485   -0.208888   -0.039249    0.283381        4.783324       -2.770862   20.302029    7.492328    0.083984    6.945859
    0.651741    0.840062   -0.208125   -0.049025    0.293597        4.781411       -2.770909   20.393034    7.529646    0.083984    6.945859
    0.654229    0.843625   -0.207193   -0.058876    0.303789        4.779462       -2.770952   20.484427    7.567289    0.083984    6.945859
    0.656716    0.847170   -0.206090   -0.068801    0.313946        4.777480       -2.770992   20.576206    7.605258    0.083984    6.945859
    0.659204    0.850695   -0.204815   -0.078795    0.324056        4.775466       -2.771027   20.668368    7.643555    0.083984    6.945859
    0.661692    0.854197   -0.203367   -0.088856    0.334109        4.773422       -2.771059   20.760912    7.682181    0.083984    6.945859
    0.664179    0.857673   -0.201744   -0.098981    0.344094        4.771350       -2.771086   20.853835    7.721136    0.083984    6.945859
    0.666667    0.861121   -0.199946   -0.109169    0.354000        4.769255       -2.771107   20.947133    7.760420    0.083984    6.945859
    0.669154    0.864536   -0.197971   -0.119415    0.363817        4.767140       -2.771124   21.040804    7.800034    0.083984    6.945859
    0.671642    0.867916   -0.195819   -0.129717    0.373536        4.765011       -2.771134   21.134844    7.839977    0.083984    6.945859
    0.674129    0.871259   -0.193488   -0.140072    0.383147        4.762873       -2.771137   21.229249    7.880249    0.083984    6.945859
    0.676617    0.874560   -0.190978   -0.150478    0.392641        4.760735       -2.771133   21.324015    7.920848    0.083984    6.945859
    0.679104    0.877817   -0.188288   -0.160931    0.402009        4.758604       -2.771121   21.419136    7.961773    0.083984    6.945859
    0.681592    0.881027   -0.185417   -0.171429    0.411242        4.756492       -2.771101   21.514609    8.003023    0.083984    6.945859
    0.684080    0.884187   -0.182364   -0.181969    0.420333        4.754411       -2.771071   21.610428    8.044595    0.083984    6.945859
    0.686567    0.887293   -0.179129   -0.192547    0.429275        4.752375       -2.771031   21.706586    8.086487    0.083984    6.945859
    0.689055    0.890343   -0.175710   -0.203161    0.438059        4.750400       -2.770980   21.803079    8.128697    0.083984    6.945859
    0.691542    0.893333   -0.172108   -0.213808    0.446680        4.748505       -2.770917   21.899900    8.171220    0.083984    6.945859
    0.694030    0.896260   -0.168321   -0.224486    0.455132        4.746712       -2.770841   21.997042    8.214053    0.083984    6.945859
    0.696517    0.899121   -0.164350   -0.235190    0.463410        4.745046       -2.770751   22.094498    8.257192    0.083984    6.945859
    0.699005    0.901912   -0.160194   -0.245919    0.471508        4.743533       -2.770645   22.192261    8.300632    0.083984    6.945859
    0.701493    0.904632   -0.155852   -0.256670    0.479424        4.742206       -2.770523   22.290323    8.344369    0.083984    6.945859
    0.703980    0.907275   -0.151324   -0.267439    0.487154        4.741099       -2.770384   22.388676    8.388397    0.083984    6.945859
    0.706468    0.909840   -0.146610   -0.278224    0.494696        4.740250       -2.770225   22.487312    8.432709    0.083984    6.945859
    0.708955    0.912322   -0.141710   -0.289022    0.502050        4.739700       -2.770047   22.586222    8.477299    0.083984    6.945859
    0.711443    0.914719   -0.136622   -0.299831    0.509214        4.739497       -2.769847   22.685397    8.522161    0.083984    6.945859
    0.713930    0.917028   -0.131348   -0.310648    0.516190        4.739688       -2.769624   22.784827    8.567286    0.083984    6.945859
    0.716418    0.919244   -0.125888   -0.321470    0.522980        4.740325       -2.769377   22.884503    8.612666    0.083984    6.945859
    0.718905    0.921366   -0.120240   -0.332296    0.529587        4.741462       -2.769104   22.984415    8.658293    0.083984    6.945859
    0.721393    0.923388   -0.114405   -0.343123    0.536015        4.743155       -2.768806   23.084551    8.704158    0.083984    6.945859
    0.723881    0.925309   -0.108382   -0.353948    0.542269        4.745457       -2.768479   23.184902    8.750250    0.083984    6.945859
    0.726368    0.927125   -0.102173   -0.364771    0.548357        4.748425       -2.768124   23.285455    8.796560    0.083984    6.945859
    0.728856    0.928833   -0.095777   -0.375589    0.554287        4.752107       -2.767740   23.386200    8.843076    0.083984    6.945859
    0.731343    0.930429   -0.089194   -0.386402    0.560065        4.756548       -2.767327   23.487124    8.889787    0.083984    6.945859
    0.733831    0.931910   -0.082425   -0.397206    0.565704        4.761787       -2.766883   23.588215    8.936680    0.083984    6.945859
    0.736318    0.933273   -0.075468   -0.408002    0.571212        4.767848       -2.766410   23.689460    8.983744    0.083984    6.945859
    0.738806    0.934514   -0.068326   -0.418789    0.576601        4.774744       -2.765909   23.790847    9.030964    0.083984    6.945859
    0.741294    0.935631   -0.060996   -0.429565    0.581881        4.782473       -2.765379   23.892362    9.078327    0.083984    6.945859
    0.743781    0.936620   -0.053481   -0.440331    0.587064        4.791013       -2.764823   23.993992    9.125819    0.083984    6.945859
    0.746269    0.937477   -0.045780   -0.451086    0.592161        4.800320       -2.764243   24.095721    9.173423    0.083984    6.945859
    0.748756    0.938200   -0.037893   -0.461831    0.597180        4.810330       -2.763641   24.197536    9.221125    0.083984    6.945859
    0.751244    0.938785   -0.029821   -0.472565    0.602131        4.820956       -2.763021   24.299423    9.268908    0.083984    6.945859
    0.753731    0.939229   -0.021563   -0.483288    0.607021        4.832091       -2.762385   24.401365    9.316755    0.083984    6.945859
    0.756219    0.939529   -0.013120   -0.494002    0.611854        4.843608       -2.761738   24.503348    9.364648    0.083984    6.945859
    0.758706    0.939682   -0.004492   -0.504707    0.616633        4.855361       -2.761084   24.605355    9.412570    0.083984    6.945859
    0.761194    0.939683    0.004321   -0.515404    0.621358        4.867197       -2.760428   24.707370    9.460502    0.083984    6.945859
    0.763682    0.939531    0.013318   -0.526092    0.626027        4.878954       -2.759774   24.809378    9.508424    0.083984    6.945859
    0.766169    0.939222    0.022500   -0.536774    0.630634        4.890468       -2.759127   24.911360    9.556317    0.083984    6.945859
    0.768657    0.938753    0.031867   -0.547448    0.635171        4.901585       -2.758492   25.013301    9.604160    0.083984    6.945859
    0.771144    0.938120    0.041418   -0.558116    0.639627        4.912159       -2.757873   25.115181    9.651933    0.083984    6.945859
    0.773632    0.937321    0.051154   -0.568778    0.643990        4.922062       -2.757274   25.216984    9.699613    0.083984    6.945859
    0.776119    0.936352    0.061073   -0.579434    0.648244        4.931189       -2.756699   25.318691    9.747180    0.083984    6.945859
    0.778607    0.935211    0.071177   -0.590083    0.652373        4.939456       -2.756152   25.420283    9.794611    0.083984    6.945859
    0.781095    0.933893    0.081464   -0.600726    0.656360        4.946808       -2.755635   25.521742    9.841883    0.083984    6.945859
    0.783582    0.932398    0.091936   -0.611360    0.660184        4.953213       -2.755150   25.623048    9.888973    0.083984    6.945859
    0.786070    0.930720    0.102591   -0.621985    0.663829        4.958666       -2.754699   25.724182    9.935857    0.083984    6.945859
    0.788557    0.928858    0.113429   -0.632600    0.667275        4.963182       -2.754282   25.825124    9.982511    0.083984    6.945859
    0.791045    0.926808    0.124451   -0.643203    0.670505        4.966798       -2.753900   25.925854   10.028912    0.083984    6.945859
    0.793532    0.924567    0.135656   -0.653791    0.673501        4.969564       -2.753553   26.026350   10.075034    0.083984    6.945859
    0.796020    0.922133    0.147044   -0.664364    0.676248        4.971545       -2.753241   26.126593   10.120853    0.083984    6.945859
    0.798507    0.919503    0.158614   -0.674917    0.678731        4.972811       -2.752962   26.226561   10.166343    0.083984    6.945859
    0.800995    0.916674    0.170367   -0.685449    0.680937        4.973438       -2.752716   26.326233   10.211480    0.083984    6.945859
    0.803483    0.913643    0.182301   -0.695956    0.682854        4.973506       -2.752500   26.425587   10.256238    0.083984    6.945859
    0.805970    0.910408    0.194416   -0.706436    0.684472        4.973090       -2.752313   26.524601   10.300592    0.083984    6.945859
    0.808458    0.906966    0.206713   -0.716886    0.685783        4.972265       -2.752153   26.623252   10.344516    0.083984    6.945859
    0.810945    0.903315    0.219189   -0.727301    0.686778        4.971102       -2.752019   26.721518   10.387985    0.083984    6.945859
    0.813433    0.899452    0.231845   -0.737679    0.687453        4.969664       -2.751909   26.819376   10.430973    0.083984    6.945859
    0.815920    0.895374    0.244680   -0.748016    0.687803        4.968011       -2.751820   26.916804   10.473455    0.083984    6.945859
    0.818408    0.891080    0.257694   -0.758308    0.687823        4.966193       -2.751751   27.013777   10.515406    0.083984    6.945859
    0.820896    0.886567    0.270885   -0.768553    0.687512        4.964258       -2.751699   27.110272   10.556801    0.083984    6.945859
    0.823383    0.881832    0.284252   -0.778746    0.686868        4.962244       -2.751664   27.206264   10.597617    0.083984    6.945859
    0.825871    0.876875    0.297795   -0.788883    0.685891        4.960186       -2.751644   27.301731   10.637827    0.083984    6.945859
    0.828358    0.871692    0.311513   -0.798962    0.684579        4.958111       -2.751637   27.396648   10.677409    0.083984    6.945859
    0.830846    0.866283    0.325404   -0.808979    0.682935        4.956043       -2.751642   27.490989   10.716340    0.083984    6.945859
    0.833333    0.860644    0.339468   -0.818929    0.680958        4.954001       -2.751657   27.584731   10.754597    0.083984    6.945859
    0.835821    0.854775    0.353703   -0.828810    0.678651        4.952000       -2.751681   27.677848   10.792157    0.083984    6.945859
    0.838308    0.848674    0.368108   -0.838617    0.676016        4.950053       -2.751713   27.770316   10.829000    0.083984    6.945859
    0.840796    0.842340    0.382682   -0.848349    0.673055        4.948167       -2.751752   27.862108   10.865104    0.083984    6.945859
    0.843284    0.835770    0.397424   -0.858000    0.669770        4.946351       -2.751798   27.953200   10.900451    0.083984    6.945859
    0.845771    0.828964    0.412331   -0.867568    0.666164        4.944608       -2.751849   28.043566   10.935020    0.083984    6.945859
    0.848259    0.821921    0.427403   -0.877049    0.662242        4.942942       -2.751905   28.133181   10.968794    0.083984    6.945859
    0.850746    0.814640    0.442639   -0.886440    0.658005        4.941353       -2.751965   28.222017   11.001757    0.083984    6.945859
    0.853234    0.807120    0.458035   -0.895738    0.653458        4.939843       -2.752028   28.310051   11.033892    0.083984    6.945859
    0.855721    0.799360    0.473592   -0.904940    0.648604        4.938409       -2.752094   28.397255   11.065185    0.083984    6.945859
    0.858209    0.791359    0.489306   -0.914042    0.643446        4.937052       -2.752162   28.483603   11.095622    0.083984    6.945859
    0.860697    0.783117    0.505177   -0.923042    0.637990        4.935770       -2.752233   28.569070   11.125190    0.083984    6.945859
    0.863184    0.774635    0.521203   -0.931936    0.632237        4.934559       -2.752305   28.653628   11.153880    0.083984    6.945859
    0.865672    0.765911    0.537381   -0.940722    0.626194        4.933418       -2.752378   28.737253   11.181682    0.083984    6.945859
    0.868159    0.756946    0.553710   -0.949397    0.619863        4.932343       -2.752452   28.819918   11.208586    0.083984    6.945859
    0.870647    0.747739    0.570188   -0.957957    0.613249        4.931333       -2.752528   28.901596   11.234588    0.083984    6.945859
    0.873134    0.738293    0.586813   -0.966401    0.606357        4.930383       -2.752603   28.982262   11.259681    0.083984    6.945859
    0.875622    0.728605    0.603583   -0.974725    0.599190        4.929491       -2.752680   29.061890   11.283862    0.083984    6.945859
    0.878109    0.718679    0.620495   -0.982926    0.591752        4.928654       -2.752756   29.140452   11.307130    0.083984    6.945859
    0.880597    0.708513    0.637549   -0.991003    0.584050        4.927869       -2.752832   29.217924   11.329483    0.083984    6.945859
    0.883085    0.698110    0.654740   -0.998953    0.576085        4.927133       -2.752909   29.294279   11.350922    0.083984    6.945859
    0.885572    0.687470    0.672068   -1.006772    0.567865        4.926443       -2.752985   29.369493   11.371451    0.083984    6.945859
    0.888060    0.676595    0.689530   -1.014460    0.559392        4.925798       -2.753061   29.443538   11.391074    0.083984    6.945859
    0.890547    0.665487    0.707124   -1.022012    0.550672        4.925193       -2.753137   29.516390   11.409798    0.083984    6.945859
    0.893035    0.654146    0.724846   -1.029428    0.541709        4.924627       -2.753212   29.588023   11.427629    0.083984    6.945859
    0.895522    0.642576    0.742696   -1.036704    0.532508        4.924097       -2.753288   29.658413   11.444577    0.083984    6.945859
    0.898010    0.630777    0.760671   -1.043839    0.523074        4.923602       -2.753362   29.727534   11.460654    0.083984    6.945859
    0.900498    0.618753    0.778767   -1.050831    0.513411        4.923139       -2.753436   29.795362   11.475871    0.083984    6.945859
    0.902985    0.606506    0.796983   -1.057677    0.503525        4.922706       -2.753510   29.861873   11.490243    0.083984    6.945859
    0.905473    0.594037    0.815316   -1.064375    0.493421        4.922301       -2.753583   29.927042   11.503785    0.083984    6.945859
    0.907960    0.581351    0.833763   -1.070923    0.483103        4.921923       -2.753656   29.990846   11.516515    0.083984    6.945859
    0.910448    0.568451    0.852322   -1.077320    0.472576        4.921570       -2.753728   30.053260   11.528451    0.083984    6.945859
    0.912935    0.555338    0.870991   -1.083563    0.461846        4.921240       -2.753800   30.114263   11.539613    0.083984    6.945859
    0.915423    0.542017    0.889765   -1.089651    0.450918        4.920932       -2.753871   30.173830   11.550023    0.083984    6.945859
    0.917910    0.528491    0.908644   -1.095582    0.439796        4.920645       -2.753941   30.231941   11.559701    0.083984    6.945859
    0.920398    0.514765    0.927624   -1.101354    0.428486        4.920377       -2.754012   30.288572   11.568673    0.083984    6.945859
    0.922886    0.500841    0.946702   -1.106966    0.416994        4.920127       -2.754081   30.343702   11.576962    0.083984    6.945859
    0.925373    0.486724    0.965876   -1.112415    0.405324        4.919894       -2.754151   30.397310   11.584595    0.083984    6.945859
    0.927861    0.472418    0.985142   -1.117701    0.393481        4.919678       -2.754220   30.449375   11.591597    0.083984    6.945859
    0.930348    0.457928    1.004499   -1.122822    0.381472        4.919476       -2.754288   30.499877   11.597997    0.083984    6.945859
    0.932836    0.443257    1.023942   -1.127776    0.369301        4.919288       -2.754357   30.548796   11.603821    0.083984    6.945859
    0.935323    0.428412    1.043470   -1.132563    0.356974        4.919114       -2.754425   30.596113   11.609098    0.083984    6.945859
    0.937811    0.413397    1.063079   -1.137180    0.344496        4.918952       -2.754492   30.641809   11.613857    0.083984    6.945859
    0.940299    0.398216    1.082766   -1.141626    0.331874        4.918802       -2.754559   30.685866   11.618128    0.083984    6.945859
    0.942786    0.382876    1.102528   -1.145900    0.319111        4.918663       -2.754627   30.728266   11.621939    0.083984    6.945859
    0.945274    0.367382    1.122363   -1.150002    0.306214        4.918534       -2.754694   30.768992   11.625320    0.083984    6.945859
    0.947761    0.351738    1.142267   -1.153929    0.293189        4.918415       -2.754760   30.808028   11.628302    0.083984    6.945859
    0.950249    0.335952    1.162238   -1.157681    0.280040        4.918306       -2.754827   30.845358   11.630911    0.083984    6.945859
    0.952736    0.320028    1.182272   -1.161256    0.266774        4.918205       -2.754894   30.880967   11.633179    0.083984    6.945859
    0.955224    0.303973    1.202366   -1.164655    0.253396        4.918112       -2.754960   30.914839   11.635133    0.083984    6.945859
    0.957711    0.287793    1.222517   -1.167874    0.239912        4.918027       -2.755027   30.946962   11.636801    0.083984    6.945859
    0.960199    0.271493    1.242723   -1.170915    0.226328        4.917949       -2.755093   30.977322   11.638210    0.083984    6.945859
    0.962687    0.255081    1.262979   -1.173776    0.212648        4.917878       -2.755160   31.005906   11.639388    0.083984    6.945859
    0.965174    0.238563    1.283283   -1.176456    0.198880        4.917814       -2.755227   31.032703   11.640359    0.083984    6.945859
    0.967662    0.221945    1.303632   -1.178954    0.185028        4.917756       -2.755294   31.057701   11.641148    0.083984    6.945859
    0.970149    0.205235    1.324023   -1.181270    0.171099        4.917704       -2.755361   31.080889   11.641778    0.083984    6.945859
    0.972637    0.188438    1.344452   -1.183404    0.157097        4.917657       -2.755429   31.102259   11.642272    0.083984    6.945859
    0.975124    0.171562    1.364916   -1.185353    0.143030        4.917615       -2.755497   31.121801   11.642650    0.083984    6.945859
    0.977612    0.154614    1.385412   -1.187119    0.128902        4.917579       -2.755565   31.139507   11.642932    0.083984    6.945859
    0.980100    0.137600    1.405937   -1.188700    0.114720        4.917547       -2.755633   31.155369   11.643134    0.083984    6.945859
    0.982587    0.120528    1.426488   -1.190097    0.100489        4.917520       -2.755702   31.169381   11.643274    0.083984    6.945859
    0.985075    0.103405    1.447062   -1.191308    0.086216        4.917497       -2.755772   31.181537   11.643365    0.083984    6.945859
    0.987562    0.086238    1.467655   -1.192333    0.071905        4.917478       -2.755842   31.191831   11.643421    0.083984    6.945859
    0.990050    0.069035    1.488264   -1.193172    0.057563        4.917463       -2.755913   31.200260   11.643452    0.083984    6.945859
    0.992537    0.051802    1.508886   -1.193825    0.043196        4.917451       -2.755984   31.206819   11.643466    0.083984    6.945859
    0.995025    0.034547    1.529517   -1.194292    0.028809        4.917443       -2.756056   31.211507   11.643472    0.083984    6.945859
    0.997512    0.017277    1.550155   -1.194572    0.014408        4.917439       -2.756129   31.214320   11.643473    0.083984    6.945859
    1.000000    0.000000    1.570796   -1.194665    0.000000        4.917437       -2.756202   31.215258   11.643473    0.083984    6.945859
