           t           r         psi          cs          qs               p             sig           A           V          Q2           S
    0.000000   -0.000000   -1.570796    0.034394    0.000000      129.045512     2016.331335    0.000000    0.000000    0.142619    6.808917
    0.002488    0.016938   -1.571381    0.034822   -0.062504      129.083439     1954.464335    0.000901   -0.000000    0.142619    6.808917
    0.004975    0.033875   -1.571979    0.035849   -0.100596      129.202109     1893.351138    0.003605   -0.000000    0.142619    6.808917
    0.007463    0.050813   -1.572598    0.037253   -0.127030      129.408555     1832.956873    0.008111   -0.000000    0.142619    6.808917
    0.009950    0.067750   -1.573243    0.038934   -0.148222      129.710644     1773.247453    0.014420   -0.000001    0.142619    6.808917
    0.012438    0.084688   -1.573918    0.040856   -0.167555      130.117289     1714.189592    0.022532   -0.000001    0.142619    6.808917
    0.014925    0.101625   -1.574628    0.043015   -0.186957      130.638576     1655.750816    0.032446   -0.000003    0.142619    6.808917
    0.017413    0.118563   -1.575377    0.045427   -0.207669      131.285905     1597.899483    0.044162   -0.000006    0.142619    6.808917
    0.019900    0.135500   -1.576169    0.048121   -0.230647      132.072199     1540.604810    0.057681   -0.000010    0.142619    6.808917
    0.022388    0.152438   -1.577009    0.051137   -0.256775      133.012143     1483.836903    0.073002   -0.000017    0.142619    6.808917
    0.024876    0.169375   -1.577903    0.054531   -0.287011      134.122502     1427.566794    0.090126   -0.000026    0.142619    6.808917
    0.027363    0.186312   -1.578858    0.058371   -0.322494      135.422493     1371.766493    0.109053   -0.000038    0.142619    6.808917
    0.029851    0.203249   -1.579883    0.062743   -0.364666      136.934268     1316.409041    0.129782   -0.000056    0.142619    6.808917
    0.032338    0.220186   -1.580987    0.067760   -0.415395      138.683502     1261.468579    0.152313   -0.000079    0.142619    6.808917
    0.034826    0.237122   -1.582183    0.073565   -0.477148      140.700150     1206.920435    0.176647   -0.000109    0.142619    6.808917
    0.037313    0.254059   -1.583485    0.080345   -0.553198      143.019411     1152.741221    0.202783   -0.000148    0.142619    6.808917
    0.039801    0.270995   -1.584912    0.088344   -0.647889      145.682984     1098.908955    0.230722   -0.000197    0.142619    6.808917
    0.042289    0.287931   -1.586486    0.097882   -0.766952      148.740700     1045.403203    0.260463   -0.000259    0.142619    6.808917
    0.044776    0.304866   -1.588239    0.109380   -0.917868      152.252697      992.205254    0.292006   -0.000336    0.142619    6.808917
    0.047264    0.321801   -1.590206    0.123388   -1.110243      156.292295      939.298325    0.325352   -0.000432    0.142619    6.808917
    0.049751    0.338735   -1.592436    0.140621   -1.356122      160.949853      886.667811    0.360500   -0.000552    0.142619    6.808917
    0.052239    0.355668   -1.594993    0.161998   -1.670129      166.337909      834.301581    0.397450   -0.000699    0.142619    6.808917
    0.054726    0.372600   -1.597954    0.188679   -2.069241      172.598051      782.190338    0.436201   -0.000880    0.142619    6.808917
    0.057214    0.389530   -1.601422    0.222093   -2.571906      179.910003      730.328049    0.476755   -0.001103    0.142619    6.808917
    0.059701    0.406459   -1.605525    0.263943   -3.196122      188.503517      678.712470    0.519111   -0.001378    0.142619    6.808917
    0.062189    0.423385   -1.610422    0.316172   -3.955998      198.673682      627.345772    0.563268   -0.001718    0.142619    6.808917
    0.064677    0.440307   -1.616306    0.380851   -4.856266      210.800155      576.235311    0.609226   -0.002140    0.142619    6.808917
    0.067164    0.457224   -1.623405    0.459965   -5.884232      225.370548      525.394552    0.656984   -0.002665    0.142619    6.808917
    0.069652    0.474135   -1.631978    0.555044   -6.998907      243.007605      474.844206    0.706543   -0.003320    0.142619    6.808917
    0.072139    0.491035   -1.642300    0.666600   -8.117469      264.498705      424.613610    0.757901   -0.004140    0.142619    6.808917
    0.074627    0.507922   -1.654645    0.793339   -9.100038      290.824479      374.742413    0.811056   -0.005169    0.142619    6.808917
    0.077114    0.524789   -1.669238    0.931133   -9.734898      323.180763      325.282637    0.866008   -0.006459    0.142619    6.808917
    0.079602    0.541630   -1.686204    1.071788   -9.727813      362.984534      276.301204    0.922754   -0.008072    0.142619    6.808917
    0.082090    0.558436   -1.705486    1.201737   -8.700675      411.850183      227.883019    0.981290   -0.010079    0.142619    6.808917
    0.084577    0.575195   -1.726741    1.300832   -6.206047      471.517771      180.134771    1.041612   -0.012554    0.142619    6.808917
    0.087065    0.591896   -1.749224    1.341579   -1.764394      543.710922      133.189628    1.103715   -0.015570    0.142619    6.808917
    0.089552    0.608529   -1.771662    1.289213    5.070808      629.900273       87.213166    1.167591   -0.019187    0.142619    6.808917
    0.092040    0.625090   -1.792142    1.103078   14.618995      730.950504       42.411037    1.233234   -0.023437    0.142619    6.808917
    0.094527    0.641582   -1.808029    0.739748   26.954845      846.635876       -0.960705    1.300635   -0.028300    0.142619    6.808917
    0.097015    0.658026   -1.815967    0.158184   41.779714      975.020048      -42.581146    1.369789   -0.033686    0.142619    6.808917
    0.099502    0.674460   -1.811974   -0.673063   58.300888     1111.709309      -82.043561    1.440692   -0.039400    0.142619    6.808917
    0.101990    0.690942   -1.791679   -1.766919   75.141615     1249.008140     -118.824657    1.513346   -0.045114    0.142619    6.808917
    0.104478    0.707533   -1.750717   -3.107966   90.311520     1375.053604     -152.239902    1.587759   -0.050337    0.142619    6.808917
    0.106965    0.724279   -1.685291   -4.643248  101.284485     1473.132639     -181.381149    1.663946   -0.054388    0.142619    6.808917
    0.109453    0.741168   -1.592865   -6.276303  105.260345     1521.667273     -205.036058    1.741923   -0.056392    0.142619    6.808917
    0.111940    0.758085   -1.472906   -7.868259   99.698830     1495.803778     -221.598354    1.821700   -0.055313    0.142619    6.808917
    0.114428    0.774767   -1.327510   -9.250456   83.140742     1371.923962     -228.998004    1.903269   -0.050055    0.142619    6.808917
    0.116915    0.790801   -1.161706  -10.251011   56.118014     1135.961098     -224.712176    1.986582   -0.039643    0.142619    6.808917
    0.119403    0.805664   -0.983201  -10.732046   21.685983      794.064586     -205.948120    2.071544   -0.023457    0.142619    6.808917
    0.121891    0.818831   -0.801485  -10.626541  -14.938164      379.998780     -170.077408    2.158003   -0.001429    0.142619    6.808917
    0.124378    0.829896   -0.626412   -9.959637  -47.749929      -48.704990     -115.293845    2.245753    0.025910    0.142619    6.808917
    0.126866    0.838667   -0.466647   -8.843596  -71.806450     -428.691294      -41.275394    2.334560    0.057568    0.142619    6.808917
    0.129353    0.845188   -0.328418   -7.447353  -84.639923     -714.030488       50.496011    2.424179    0.092364    0.142619    6.808917
    0.131841    0.849696   -0.214913   -5.953308  -86.591778     -889.936550      156.979447    2.514382    0.129193    0.142619    6.808917
    0.134328    0.852538   -0.126406   -4.518212  -80.097293     -970.100186      274.278451    2.604972    0.167191    0.142619    6.808917
    0.136816    0.854091   -0.060905   -3.250030  -68.478977     -983.641276      398.451935    2.695794    0.205775    0.142619    6.808917
    0.139303    0.854709   -0.015051   -2.203314  -54.867923     -961.898723      526.113147    2.786728    0.244595    0.142619    6.808917
    0.141791    0.854690    0.015045   -1.388108  -41.585065     -930.619672      654.702309    2.877691    0.283469    0.142619    6.808917
    0.144279    0.854267    0.033170   -0.784834  -29.989786     -907.539711      782.493819    2.968629    0.322310    0.142619    6.808917
    0.146766    0.853615    0.042634   -0.358936  -20.629650     -903.089607      908.459461    3.059509    0.361085    0.142619    6.808917
    0.149254    0.852857    0.046113   -0.071987  -13.505959     -922.212662     1032.088518    3.150313    0.399784    0.142619    6.808917
    0.151741    0.852076    0.045655    0.111546   -8.328591     -966.195275     1153.221777    3.241034    0.438412    0.142619    6.808917
    0.154229    0.851325    0.042751    0.221189   -4.703224    -1034.109987     1271.921007    3.331673    0.476972    0.142619    6.808917
    0.156716    0.850636    0.038449    0.279776   -2.243059    -1123.822171     1388.375677    3.422236    0.515474    0.142619    6.808917
    0.159204    0.850027    0.033466    0.304099   -0.620965    -1232.639707     1502.840451    3.512729    0.553923    0.142619    6.808917
    0.161692    0.849504    0.028273    0.306065    0.416350    -1357.707685     1615.595375    3.603162    0.592328    0.142619    6.808917
    0.164179    0.849068    0.023177    0.293911    1.053950    -1496.234583     1726.921595    3.693544    0.630695    0.142619    6.808917
    0.166667    0.848717    0.018365    0.273240    1.421887    -1645.612775     1837.087279    3.783884    0.669031    0.142619    6.808917
    0.169154    0.848444    0.013947    0.247827    1.609324    -1803.475459     1946.339967    3.874191    0.707342    0.142619    6.808917
    0.171642    0.848242    0.009982    0.220199    1.676596    -1967.716731     2054.902923    3.964473    0.745634    0.142619    6.808917
    0.174129    0.848103    0.006491    0.192041    1.664395    -2136.491153     2162.973888    4.054737    0.783912    0.142619    6.808917
    0.176617    0.848020    0.003473    0.164469    1.600291    -2308.202509     2270.725267    4.144989    0.822181    0.142619    6.808917
    0.179104    0.847983    0.000912    0.138208    1.503158    -2481.487320     2378.305143    4.235235    0.860445    0.142619    6.808917
    0.181592    0.847986   -0.001219    0.113714    1.386088    -2655.196218     2485.838758    4.325479    0.898707    0.142619    6.808917
    0.184080    0.848022   -0.002952    0.091255    1.258281    -2828.374854     2593.430231    4.415725    0.936972    0.142619    6.808917
    0.186567    0.848084   -0.004322    0.070967    1.126264    -3000.245181     2701.164385    4.505976    0.975240    0.142619    6.808917
    0.189055    0.848167   -0.005368    0.052887    0.994691    -3170.187495     2809.108607    4.596235    1.013515    0.142619    6.808917
    0.191542    0.848264   -0.006126    0.036988    0.866864    -3337.723400     2917.314672    4.686504    1.051798    0.142619    6.808917
    0.194030    0.848373   -0.006633    0.023192    0.745085    -3502.499726     3025.820526    4.776784    1.090091    0.142619    6.808917
    0.196517    0.848488   -0.006923    0.011389    0.630911    -3664.273398     3134.651982    4.867075    1.128393    0.142619    6.808917
    0.199005    0.848606   -0.007029    0.001444    0.525328    -3822.897230     3243.824334    4.957380    1.166706    0.142619    6.808917
    0.201493    0.848725   -0.006982   -0.006788    0.428884    -3978.306633     3353.343866    5.047696    1.205029    0.142619    6.808917
    0.203980    0.848842   -0.006808   -0.013463    0.341792    -4130.507217     3463.209262    5.138026    1.243363    0.142619    6.808917
    0.206468    0.848955   -0.006533   -0.018735    0.264007    -4279.563292     3573.412903    5.228367    1.281708    0.142619    6.808917
    0.208955    0.849063   -0.006180   -0.022759    0.195290    -4425.587276     3683.942054    5.318721    1.320062    0.142619    6.808917
    0.211443    0.849164   -0.005769   -0.025684    0.135259    -4568.729994     3794.779941    5.409085    1.358427    0.142619    6.808917
    0.213930    0.849258   -0.005316   -0.027652    0.083428    -4709.171892     3905.906714    5.499460    1.396800    0.142619    6.808917
    0.216418    0.849344   -0.004837   -0.028797    0.039243    -4847.115149     4017.300308    5.589845    1.435181    0.142619    6.808917
    0.218905    0.849422   -0.004344   -0.029243    0.002107    -4982.776667     4128.937190    5.680238    1.473570    0.142619    6.808917
    0.221393    0.849491   -0.003849   -0.029104   -0.028598    -5116.381941     4240.793017    5.770639    1.511965    0.142619    6.808917
    0.223881    0.849552   -0.003361   -0.028483   -0.053493    -5248.159745     4352.843191    5.861047    1.550367    0.142619    6.808917
    0.226368    0.849605   -0.002887   -0.027475   -0.073191    -5378.337627     4465.063327    5.951461    1.588774    0.142619    6.808917
    0.228856    0.849650   -0.002432   -0.026162   -0.088281    -5507.138143     4577.429647    6.041880    1.627185    0.142619    6.808917
    0.231343    0.849688   -0.002002   -0.024619   -0.099328    -5634.775786     4689.919286    6.132304    1.665600    0.142619    6.808917
    0.233831    0.849718   -0.001599   -0.022909   -0.106862    -5761.454552     4802.510543    6.222731    1.704018    0.142619    6.808917
    0.236318    0.849742   -0.001226   -0.021090   -0.111377    -5887.366077     4915.183064    6.313161    1.742439    0.142619    6.808917
    0.238806    0.849760   -0.000885   -0.019208   -0.113327    -6012.688298     5027.917976    6.403593    1.780861    0.142619    6.808917
    0.241294    0.849772   -0.000576   -0.017304   -0.113126    -6137.584557     5140.697972    6.494027    1.819285    0.142619    6.808917
    0.243781    0.849780   -0.000299   -0.015412   -0.111151    -6262.203098     5253.507353    6.584462    1.857710    0.142619    6.808917
    0.246269    0.849782   -0.000053   -0.013561   -0.107738    -6386.676909     5366.332047    6.674898    1.896135    0.142619    6.808917
    0.248756    0.849782    0.000161   -0.011772   -0.103186    -6511.123832     5479.159586    6.765333    1.934560    0.142619    6.808917
    0.251244    0.849777    0.000346   -0.010063   -0.097760    -6635.646921     5591.979067    6.855769    1.972985    0.142619    6.808917
    0.253731    0.849770    0.000502   -0.008448   -0.091691    -6760.334969     5704.781095    6.946203    2.011410    0.142619    6.808917
    0.256219    0.849760    0.000633   -0.006936   -0.085179    -6885.263200     5817.557709    7.036637    2.049834    0.142619    6.808917
    0.258706    0.849749    0.000738   -0.005535   -0.078397    -7010.494053     5930.302296    7.127070    2.088256    0.142619    6.808917
    0.261194    0.849735    0.000821   -0.004247   -0.071490    -7136.078055     6043.009502    7.217501    2.126678    0.142619    6.808917
    0.263682    0.849721    0.000883   -0.003075   -0.064581    -7262.054741     6155.675134    7.307931    2.165098    0.142619    6.808917
    0.266169    0.849706    0.000926   -0.002018   -0.057772    -7388.453598     6268.296057    7.398359    2.203517    0.142619    6.808917
    0.268657    0.849690    0.000952   -0.001074   -0.051146    -7515.295024     6380.870099    7.488786    2.241935    0.142619    6.808917
    0.271144    0.849673    0.000963   -0.000239   -0.044768    -7642.591266     6493.395951    7.579211    2.280351    0.142619    6.808917
    0.273632    0.849657    0.000960    0.000490   -0.038691    -7770.347347     6605.873065    7.669634    2.318766    0.142619    6.808917
    0.276119    0.849641    0.000946    0.001118   -0.032953    -7898.561951     6718.301567    7.760056    2.357179    0.142619    6.808917
    0.278607    0.849625    0.000923    0.001652   -0.027580    -8027.228278     6830.682166    7.850475    2.395591    0.142619    6.808917
    0.281095    0.849610    0.000891    0.002098   -0.022592    -8156.334839     6943.016067    7.940893    2.434001    0.142619    6.808917
    0.283582    0.849595    0.000852    0.002462   -0.017997    -8285.866208     7055.304893    8.031310    2.472410    0.142619    6.808917
    0.286070    0.849581    0.000808    0.002750   -0.013798    -8415.803721     7167.550615    8.121725    2.510818    0.142619    6.808917
    0.288557    0.849568    0.000760    0.002969   -0.009992    -8546.126115     7279.755478    8.212138    2.549225    0.142619    6.808917
    0.291045    0.849555    0.000708    0.003126   -0.006571    -8676.810116     7391.921944    8.302550    2.587630    0.142619    6.808917
    0.293532    0.849544    0.000654    0.003227   -0.003523    -8807.830969     7504.052635    8.392961    2.626034    0.142619    6.808917
    0.296020    0.849533    0.000599    0.003279   -0.000834    -8939.162912     7616.150280    8.483371    2.664437    0.142619    6.808917
    0.298507    0.849523    0.000543    0.003286    0.001514    -9070.779610     7728.217670    8.573779    2.702840    0.142619    6.808917
    0.300995    0.849515    0.000488    0.003255    0.003539    -9202.654520     7840.257621    8.664187    2.741241    0.142619    6.808917
    0.303483    0.849507    0.000433    0.003191    0.005262    -9334.761228     7952.272936    8.754594    2.779642    0.142619    6.808917
    0.305970    0.849500    0.000380    0.003098    0.006704    -9467.073728     8064.266376    8.845000    2.818042    0.142619    6.808917
    0.308458    0.849494    0.000328    0.002983    0.007886    -9599.566665     8176.240634    8.935405    2.856441    0.142619    6.808917
    0.310945    0.849489    0.000279    0.002848    0.008829    -9732.215541     8288.198312    9.025810    2.894840    0.142619    6.808917
    0.313433    0.849485    0.000232    0.002698    0.009555    -9864.996880     8400.141906    9.116214    2.933239    0.142619    6.808917
    0.315920    0.849481    0.000187    0.002536    0.010083    -9997.888363     8512.073787    9.206618    2.971637    0.142619    6.808917
    0.318408    0.849478    0.000146    0.002366    0.010435   -10130.868934     8623.996194    9.297021    3.010035    0.142619    6.808917
    0.320896    0.849476    0.000107    0.002191    0.010630   -10263.918881     8735.911223    9.387424    3.048433    0.142619    6.808917
    0.323383    0.849475    0.000072    0.002012    0.010686   -10397.019884     8847.820821    9.477827    3.086830    0.142619    6.808917
    0.325871    0.849474    0.000039    0.001833    0.010620   -10530.155051     8959.726786    9.568230    3.125228    0.142619    6.808917
    0.328358    0.849473    0.000010    0.001655    0.010448   -10663.308933     9071.630761    9.658633    3.163625    0.142619    6.808917
    0.330846    0.849473   -0.000017    0.001480    0.010187   -10796.467515     9183.534236    9.749035    3.202022    0.142619    6.808917
    0.333333    0.849474   -0.000040    0.001309    0.009851   -10929.618202     9295.438550    9.839438    3.240420    0.142619    6.808917
    0.335821    0.849475   -0.000061    0.001145    0.009452   -11062.749787     9407.344896    9.929841    3.278817    0.142619    6.808917
    0.338308    0.849476   -0.000079    0.000987    0.009003   -11195.852407     9519.254323   10.020244    3.317215    0.142619    6.808917
    0.340796    0.849477   -0.000095    0.000836    0.008515   -11328.917497     9631.167741   10.110647    3.355612    0.142619    6.808917
    0.343284    0.849479   -0.000108    0.000694    0.007997   -11461.937730     9743.085930   10.201050    3.394010    0.142619    6.808917
    0.345771    0.849481   -0.000118    0.000560    0.007460   -11594.906953     9855.009544   10.291454    3.432408    0.142619    6.808917
    0.348259    0.849483   -0.000127    0.000436    0.006910   -11727.820121     9966.939119   10.381857    3.470806    0.142619    6.808917
    0.350746    0.849485   -0.000133    0.000320    0.006354   -11860.673225    10078.875082   10.472261    3.509205    0.142619    6.808917
    0.353234    0.849488   -0.000138    0.000214    0.005800   -11993.463222    10190.817755   10.562665    3.547603    0.142619    6.808917
    0.355721    0.849490   -0.000140    0.000117    0.005253   -12126.187955    10302.767368   10.653070    3.586002    0.142619    6.808917
    0.358209    0.849492   -0.000142    0.000030    0.004717   -12258.846086    10414.724063   10.743474    3.624401    0.142619    6.808917
    0.360697    0.849495   -0.000141   -0.000049    0.004196   -12391.437015    10526.687903   10.833879    3.662800    0.142619    6.808917
    0.363184    0.849497   -0.000140   -0.000119    0.003693   -12523.960816    10638.658881   10.924284    3.701200    0.142619    6.808917
    0.365672    0.849499   -0.000137   -0.000181    0.003212   -12656.418159    10750.636924   11.014690    3.739599    0.142619    6.808917
    0.368159    0.849502   -0.000134   -0.000235    0.002755   -12788.810244    10862.621904   11.105095    3.777999    0.142619    6.808917
    0.370647    0.849504   -0.000130   -0.000281    0.002322   -12921.138737    10974.613646   11.195501    3.816399    0.142619    6.808917
    0.373134    0.849506   -0.000124   -0.000319    0.001916   -13053.405705    11086.611927   11.285907    3.854799    0.142619    6.808917
    0.375622    0.849508   -0.000119   -0.000352    0.001537   -13185.613558    11198.616493   11.376314    3.893200    0.142619    6.808917
    0.378109    0.849510   -0.000113   -0.000377    0.001185   -13317.764989    11310.627055   11.466720    3.931600    0.142619    6.808917
    0.380597    0.849512   -0.000106   -0.000397    0.000861   -13449.862929    11422.643304   11.557127    3.970001    0.142619    6.808917
    0.383085    0.849514   -0.000099   -0.000412    0.000565   -13581.910488    11534.664907   11.647534    4.008402    0.142619    6.808917
    0.385572    0.849515   -0.000092   -0.000421    0.000296   -13713.910919    11646.691520   11.737941    4.046803    0.142619    6.808917
    0.388060    0.849517   -0.000085   -0.000426    0.000053   -13845.867568    11758.722786   11.828348    4.085204    0.142619    6.808917
    0.390547    0.849518   -0.000078   -0.000427   -0.000163   -13977.783843    11870.758343   11.918756    4.123606    0.142619    6.808917
    0.393035    0.849519   -0.000071   -0.000424   -0.000355   -14109.663176    11982.797826   12.009163    4.162007    0.142619    6.808917
    0.395522    0.849521   -0.000063   -0.000418   -0.000522   -14241.508992    12094.840871   12.099571    4.200409    0.142619    6.808917
    0.398010    0.849522   -0.000056   -0.000410   -0.000667   -14373.324681    12206.887117   12.189979    4.238810    0.142619    6.808917
    0.400498    0.849523   -0.000050   -0.000399   -0.000791   -14505.113576    12318.936212   12.280387    4.277212    0.142619    6.808917
    0.402985    0.849523   -0.000043   -0.000385   -0.000893   -14636.878932    12430.987807   12.370795    4.315614    0.142619    6.808917
    0.405473    0.849524   -0.000036   -0.000370   -0.000977   -14768.623902    12543.041569   12.461203    4.354016    0.142619    6.808917
    0.407960    0.849525   -0.000030   -0.000354   -0.001043   -14900.351530    12655.097174   12.551611    4.392418    0.142619    6.808917
    0.410448    0.849525   -0.000024   -0.000337   -0.001093   -15032.064732    12767.154312   12.642019    4.430820    0.142619    6.808917
    0.412935    0.849525   -0.000019   -0.000318   -0.001127   -15163.766290    12879.212687   12.732428    4.469222    0.142619    6.808917
    0.415423    0.849526   -0.000014   -0.000299   -0.001147   -15295.458839    12991.272019   12.822836    4.507624    0.142619    6.808917
    0.417910    0.849526   -0.000009   -0.000280   -0.001155   -15427.144868    13103.332045   12.913244    4.546026    0.142619    6.808917
    0.420398    0.849526   -0.000004   -0.000261   -0.001151   -15558.826709    13215.392515   13.003652    4.584428    0.142619    6.808917
    0.422886    0.849526    0.000000   -0.000241   -0.001137   -15690.506541    13327.453199   13.094061    4.622830    0.142619    6.808917
    0.425373    0.849526    0.000004   -0.000222   -0.001114   -15822.186386    13439.513882   13.184469    4.661232    0.142619    6.808917
    0.427861    0.849526    0.000008   -0.000204   -0.001082   -15953.868110    13551.574364   13.274877    4.699634    0.142619    6.808917
    0.430348    0.849526    0.000011   -0.000185   -0.001043   -16085.553429    13663.634465   13.365286    4.738037    0.142619    6.808917
    0.432836    0.849525    0.000014   -0.000168   -0.000998   -16217.243908    13775.694018   13.455694    4.776439    0.142619    6.808917
    0.435323    0.849525    0.000017   -0.000151   -0.000948   -16348.940968    13887.752871   13.546102    4.814841    0.142619    6.808917
    0.437811    0.849525    0.000019   -0.000135   -0.000893   -16480.645892    13999.810888   13.636511    4.853243    0.142619    6.808917
    0.440299    0.849525    0.000021   -0.000120   -0.000834   -16612.359832    14111.867948   13.726919    4.891645    0.142619    6.808917
    0.442786    0.849524    0.000023   -0.000106   -0.000773   -16744.083811    14223.923940   13.817327    4.930047    0.142619    6.808917
    0.445274    0.849524    0.000025   -0.000093   -0.000708   -16875.818737    14335.978770   13.907735    4.968449    0.142619    6.808917
    0.447761    0.849523    0.000026   -0.000080   -0.000642   -17007.565408    14448.032351   13.998143    5.006851    0.142619    6.808917
    0.450249    0.849523    0.000027   -0.000070   -0.000574   -17139.324520    14560.084610   14.088551    5.045252    0.142619    6.808917
    0.452736    0.849522    0.000029   -0.000060   -0.000505   -17271.096677    14672.135483   14.178959    5.083654    0.142619    6.808917
    0.455224    0.849522    0.000029   -0.000051   -0.000436   -17402.882399    14784.184914   14.269367    5.122056    0.142619    6.808917
    0.457711    0.849521    0.000030   -0.000044   -0.000367   -17534.682133    14896.232856   14.359775    5.160458    0.142619    6.808917
    0.460199    0.849521    0.000031   -0.000037   -0.000297   -17666.496259    15008.279269   14.450183    5.198859    0.142619    6.808917
    0.462687    0.849520    0.000032   -0.000032   -0.000228   -17798.325103    15120.324118   14.540591    5.237261    0.142619    6.808917
    0.465174    0.849520    0.000032   -0.000028   -0.000159   -17930.168944    15232.367373   14.630998    5.275663    0.142619    6.808917
    0.467662    0.849519    0.000033   -0.000025   -0.000090   -18062.028023    15344.409008   14.721406    5.314064    0.142619    6.808917
    0.470149    0.849519    0.000033   -0.000023   -0.000022   -18193.902554    15456.449002   14.811814    5.352466    0.142619    6.808917
    0.472637    0.849518    0.000033   -0.000023    0.000045   -18325.792734    15568.487332   14.902221    5.390867    0.142619    6.808917
    0.475124    0.849518    0.000034   -0.000023    0.000112   -18457.698748    15680.523979   14.992629    5.429268    0.142619    6.808917
    0.477612    0.849517    0.000034   -0.000025    0.000178   -18589.620784    15792.558924   15.083036    5.467670    0.142619    6.808917
    0.480100    0.849516    0.000035   -0.000028    0.000243   -18721.559035    15904.592145   15.173443    5.506071    0.142619    6.808917
    0.482587    0.849516    0.000035   -0.000032    0.000308   -18853.513716    16016.623620   15.263851    5.544472    0.142619    6.808917
    0.485075    0.849515    0.000036   -0.000037    0.000373   -18985.485064    16128.653324   15.354258    5.582873    0.142619    6.808917
    0.487562    0.849515    0.000036   -0.000043    0.000437   -19117.473357    16240.681227   15.444665    5.621275    0.142619    6.808917
    0.490050    0.849514    0.000037   -0.000050    0.000502   -19249.478911    16352.707295   15.535072    5.659676    0.142619    6.808917
    0.492537    0.849513    0.000038   -0.000058    0.000567   -19381.502099    16464.731489   15.625479    5.698077    0.142619    6.808917
    0.495025    0.849513    0.000039   -0.000067    0.000633   -19513.543354    16576.753763   15.715886    5.736478    0.142619    6.808917
    0.497512    0.849512    0.000040   -0.000078    0.000699   -19645.603179    16688.774062   15.806293    5.774879    0.142619    6.808917
    0.500000    0.849511    0.000042   -0.000089    0.000766   -19777.682155    16800.792327   15.896700    5.813279    0.142619    6.808917
    0.502488    0.849511    0.000043   -0.000102    0.000835   -19909.780954    16912.808484   15.987107    5.851680    0.142619    6.808917
    0.504975    0.849510    0.000045   -0.000115    0.000906   -20041.900340    17024.822453   16.077513    5.890081    0.142619    6.808917
    0.507463    0.849509    0.000047   -0.000130    0.000979   -20174.041186    17136.834141   16.167920    5.928481    0.142619    6.808917
    0.509950    0.849508    0.000050   -0.000146    0.001055   -20306.204478    17248.843444   16.258327    5.966882    0.142619    6.808917
    0.512438    0.849507    0.000052   -0.000164    0.001134   -20438.391328    17360.850242   16.348733    6.005283    0.142619    6.808917
    0.514925    0.849507    0.000055   -0.000182    0.001216   -20570.602982    17472.854403   16.439139    6.043683    0.142619    6.808917
    0.517413    0.849506    0.000058   -0.000202    0.001302   -20702.840830    17584.855780   16.529545    6.082083    0.142619    6.808917
    0.519900    0.849505    0.000062   -0.000224    0.001392   -20835.106417    17696.854209   16.619952    6.120483    0.142619    6.808917
    0.522388    0.849503    0.000066   -0.000246    0.001488   -20967.401455    17808.849506   16.710358    6.158884    0.142619    6.808917
    0.524876    0.849502    0.000070   -0.000271    0.001589   -21099.727834    17920.841472   16.800763    6.197284    0.142619    6.808917
    0.527363    0.849501    0.000075   -0.000297    0.001696   -21232.087634    18032.829885   16.891169    6.235684    0.142619    6.808917
    0.529851    0.849500    0.000080   -0.000325    0.001810   -21364.483138    18144.814503   16.981575    6.274083    0.142619    6.808917
    0.532338    0.849498    0.000086   -0.000355    0.001932   -21496.916845    18256.795059   17.071980    6.312483    0.142619    6.808917
    0.534826    0.849497    0.000092   -0.000386    0.002061   -21629.391487    18368.771263   17.162386    6.350883    0.142619    6.808917
    0.537313    0.849495    0.000099   -0.000420    0.002199   -21761.910040    18480.742798   17.252791    6.389282    0.142619    6.808917
    0.539801    0.849494    0.000107   -0.000456    0.002347   -21894.475746    18592.709320   17.343196    6.427681    0.142619    6.808917
    0.542289    0.849492    0.000115   -0.000495    0.002505   -22027.092125    18704.670455   17.433601    6.466080    0.142619    6.808917
    0.544776    0.849490    0.000123   -0.000536    0.002675   -22159.762996    18816.625795   17.524005    6.504479    0.142619    6.808917
    0.547264    0.849487    0.000133   -0.000580    0.002856   -22292.492500    18928.574901   17.614410    6.542878    0.142619    6.808917
    0.549751    0.849485    0.000143   -0.000626    0.003051   -22425.285114    19040.517296   17.704814    6.581277    0.142619    6.808917
    0.552239    0.849483    0.000154   -0.000676    0.003259   -22558.145681    19152.452465   17.795217    6.619675    0.142619    6.808917
    0.554726    0.849480    0.000166   -0.000730    0.003483   -22691.079430    19264.379851   17.885621    6.658073    0.142619    6.808917
    0.557214    0.849477    0.000179   -0.000787    0.003722   -22824.092003    19376.298854   17.976024    6.696471    0.142619    6.808917
    0.559701    0.849474    0.000193   -0.000847    0.003979   -22957.189483    19488.208828   18.066427    6.734868    0.142619    6.808917
    0.562189    0.849470    0.000208   -0.000912    0.004255   -23090.378426    19600.109073   18.156830    6.773266    0.142619    6.808917
    0.564677    0.849467    0.000224   -0.000982    0.004551   -23223.665888    19711.998839   18.247232    6.811662    0.142619    6.808917
    0.567164    0.849463    0.000241   -0.001056    0.004868   -23357.059465    19823.877317   18.337634    6.850059    0.142619    6.808917
    0.569652    0.849459    0.000259   -0.001136    0.005208   -23490.567325    19935.743637   18.428035    6.888455    0.142619    6.808917
    0.572139    0.849454    0.000279   -0.001221    0.005572   -23624.198251    20047.596864   18.518436    6.926851    0.142619    6.808917
    0.574627    0.849449    0.000301   -0.001311    0.005962   -23757.961679    20159.435993   18.608837    6.965246    0.142619    6.808917
    0.577114    0.849444    0.000324   -0.001409    0.006381   -23891.867747    20271.259945   18.699237    7.003641    0.142619    6.808917
    0.579602    0.849438    0.000349   -0.001513    0.006829   -24025.927340    20383.067558   18.789636    7.042036    0.142619    6.808917
    0.582090    0.849432    0.000375   -0.001624    0.007309   -24160.152144    20494.857589   18.880035    7.080430    0.142619    6.808917
    0.584577    0.849425    0.000404   -0.001743    0.007823   -24294.554697    20606.628700   18.970433    7.118823    0.142619    6.808917
    0.587065    0.849418    0.000434   -0.001870    0.008373   -24429.148453    20718.379456   19.060830    7.157216    0.142619    6.808917
    0.589552    0.849411    0.000467   -0.002006    0.008963   -24563.947840    20830.108321   19.151226    7.195608    0.142619    6.808917
    0.592040    0.849403    0.000502   -0.002152    0.009593   -24698.968331    20941.813642   19.241622    7.233999    0.142619    6.808917
    0.594527    0.849394    0.000540   -0.002308    0.010268   -24834.226511    21053.493650   19.332017    7.272390    0.142619    6.808917
    0.597015    0.849384    0.000580   -0.002475    0.010989   -24969.740158    21165.146447   19.422411    7.310779    0.142619    6.808917
    0.599502    0.849374    0.000624   -0.002653    0.011761   -25105.528321    21276.770001   19.512803    7.349168    0.142619    6.808917
    0.601990    0.849363    0.000670   -0.002844    0.012587   -25241.611408    21388.362130   19.603195    7.387556    0.142619    6.808917
    0.604478    0.849351    0.000720   -0.003048    0.013469   -25378.011278    21499.920499   19.693585    7.425943    0.142619    6.808917
    0.606965    0.849339    0.000774   -0.003267    0.014412   -25514.751341    21611.442607   19.783974    7.464329    0.142619    6.808917
    0.609453    0.849325    0.000831   -0.003501    0.015420   -25651.856660    21722.925772   19.874362    7.502713    0.142619    6.808917
    0.611940    0.849310    0.000892   -0.003751    0.016497   -25789.354065    21834.367124   19.964748    7.541097    0.142619    6.808917
    0.614428    0.849295    0.000958   -0.004018    0.017648   -25927.272270    21945.763590   20.055133    7.579479    0.142619    6.808917
    0.616915    0.849278    0.001029   -0.004304    0.018877   -26065.642000    22057.111878   20.145516    7.617859    0.142619    6.808917
    0.619403    0.849260    0.001104   -0.004610    0.020189   -26204.496123    22168.408466   20.235897    7.656238    0.142619    6.808917
    0.621891    0.849241    0.001185   -0.004937    0.021591   -26343.869795    22279.649583   20.326276    7.694615    0.142619    6.808917
    0.624378    0.849220    0.001271   -0.005286    0.023086   -26483.800608    22390.831197   20.416652    7.732990    0.142619    6.808917
    0.626866    0.849197    0.001364   -0.005660    0.024683   -26624.328753    22501.948991   20.507027    7.771364    0.142619    6.808917
    0.629353    0.849174    0.001463   -0.006059    0.026387   -26765.497183    22612.998348   20.597399    7.809735    0.142619    6.808917
    0.631841    0.849148    0.001570   -0.006486    0.028204   -26907.351800    22723.974331   20.687769    7.848104    0.142619    6.808917
    0.634328    0.849120    0.001683   -0.006942    0.030143   -27049.941638    22834.871660   20.778135    7.886471    0.142619    6.808917
    0.636816    0.849091    0.001805   -0.007429    0.032211   -27193.319067    22945.684693   20.868499    7.924835    0.142619    6.808917
    0.639303    0.849059    0.001935   -0.007950    0.034416   -27337.540003    23056.407397   20.958859    7.963196    0.142619    6.808917
    0.641791    0.849025    0.002074   -0.008506    0.036767   -27482.664130    23167.033326   21.049216    8.001555    0.142619    6.808917
    0.644279    0.848989    0.002223   -0.009099    0.039273   -27628.755136    23277.555593   21.139569    8.039910    0.142619    6.808917
    0.646766    0.848950    0.002383   -0.009733    0.041944   -27775.880959    23387.966842   21.229918    8.078261    0.142619    6.808917
    0.649254    0.848908    0.002553   -0.010410    0.044789   -27924.114047    23498.259219   21.320263    8.116609    0.142619    6.808917
    0.651741    0.848863    0.002736   -0.011132    0.047820   -28073.531630    23608.424337   21.410603    8.154954    0.142619    6.808917
    0.654229    0.848815    0.002931   -0.011903    0.051048   -28224.216008    23718.453246   21.500939    8.193294    0.142619    6.808917
    0.656716    0.848764    0.003139   -0.012726    0.054485   -28376.254845    23828.336395   21.591269    8.231629    0.142619    6.808917
    0.659204    0.848709    0.003362   -0.013604    0.058143   -28529.741482    23938.063596   21.681593    8.269960    0.142619    6.808917
    0.661692    0.848650    0.003600   -0.014541    0.062037   -28684.775267    24047.623983   21.771911    8.308285    0.142619    6.808917
    0.664179    0.848587    0.003855   -0.015540    0.066180   -28841.461886    24157.005975   21.862223    8.346605    0.142619    6.808917
    0.666667    0.848519    0.004127   -0.016605    0.070587   -28999.913718    24266.197225   21.952528    8.384919    0.142619    6.808917
    0.669154    0.848447    0.004418   -0.017741    0.075274   -29160.250198    24375.184582   22.042825    8.423226    0.142619    6.808917
    0.671642    0.848369    0.004729   -0.018952    0.080256   -29322.598188    24483.954039   22.133115    8.461527    0.142619    6.808917
    0.674129    0.848287    0.005060   -0.020242    0.085551   -29487.092369    24592.490683   22.223396    8.499821    0.142619    6.808917
    0.676617    0.848198    0.005415   -0.021617    0.091177   -29653.875631    24700.778644   22.313667    8.538106    0.142619    6.808917
    0.679104    0.848103    0.005793   -0.023082    0.097153   -29823.099478    24808.801040   22.403929    8.576383    0.142619    6.808917
    0.681592    0.848001    0.006197   -0.024643    0.103498   -29994.924439    24916.539919   22.494181    8.614652    0.142619    6.808917
    0.684080    0.847893    0.006629   -0.026305    0.110232   -30169.520484    25023.976204   22.584421    8.652911    0.142619    6.808917
    0.686567    0.847777    0.007089   -0.028074    0.117377   -30347.067438    25131.089625   22.674650    8.691159    0.142619    6.808917
    0.689055    0.847653    0.007580   -0.029957    0.124955   -30527.755399    25237.858664   22.764865    8.729397    0.142619    6.808917
    0.691542    0.847520    0.008104   -0.031961    0.132988   -30711.785152    25344.260481   22.855067    8.767623    0.142619    6.808917
    0.694030    0.847378    0.008664   -0.034092    0.141501   -30899.368568    25450.270856   22.945255    8.805836    0.142619    6.808917
    0.696517    0.847226    0.009260   -0.036360    0.150518   -31090.729003    25555.864113   23.035427    8.844036    0.142619    6.808917
    0.699005    0.847064    0.009896   -0.038770    0.160064   -31286.101663    25661.013054   23.125582    8.882221    0.142619    6.808917
    0.701493    0.846891    0.010574   -0.041333    0.170166   -31485.733961    25765.688887   23.215719    8.920391    0.142619    6.808917
    0.703980    0.846705    0.011297   -0.044056    0.180848   -31689.885831    25869.861152   23.305837    8.958545    0.142619    6.808917
    0.706468    0.846508    0.012068   -0.046948    0.192140   -31898.830012    25973.497653   23.395935    8.996681    0.142619    6.808917
    0.708955    0.846296    0.012889   -0.050020    0.204067   -32112.852280    26076.564381   23.486011    9.034798    0.142619    6.808917
    0.711443    0.846071    0.013763   -0.053281    0.216659   -32332.251627    26179.025444   23.576064    9.072896    0.142619    6.808917
    0.713930    0.845830    0.014695   -0.056741    0.229943   -32557.340372    26280.842999   23.666091    9.110972    0.142619    6.808917
    0.716418    0.845573    0.015687   -0.060412    0.243947   -32788.444193    26381.977177   23.756093    9.149024    0.142619    6.808917
    0.718905    0.845298    0.016742   -0.064304    0.258700   -33025.902069    26482.386023   23.846066    9.187053    0.142619    6.808917
    0.721393    0.845005    0.017866   -0.068429    0.274229   -33270.066122    26582.025431   23.936009    9.225055    0.142619    6.808917
    0.723881    0.844693    0.019062   -0.072799    0.290560   -33521.301325    26680.849085   24.025920    9.263029    0.142619    6.808917
    0.726368    0.844359    0.020334   -0.077427    0.307722   -33779.985099    26778.808409   24.115796    9.300973    0.142619    6.808917
    0.728856    0.844003    0.021686   -0.082325    0.325738   -34046.506731    26875.852517   24.205636    9.338885    0.142619    6.808917
    0.731343    0.843624    0.023124   -0.087506    0.344633   -34321.266648    26971.928183   24.295437    9.376763    0.142619    6.808917
    0.733831    0.843220    0.024652   -0.092985    0.364429   -34604.675485    27066.979806   24.385196    9.414605    0.142619    6.808917
    0.736318    0.842788    0.026276   -0.098774    0.385146   -34897.152956    27160.949395   24.474910    9.452408    0.142619    6.808917
    0.738806    0.842329    0.028000   -0.104888    0.406801   -35199.126499    27253.776568   24.564577    9.490169    0.142619    6.808917
    0.741294    0.841839    0.029831   -0.111341    0.429408   -35511.029676    27345.398560   24.654194    9.527886    0.142619    6.808917
    0.743781    0.841318    0.031774   -0.118148    0.452978   -35833.300313    27435.750252   24.743757    9.565555    0.142619    6.808917
    0.746269    0.840763    0.033835   -0.125322    0.477518   -36166.378357    27524.764212   24.833262    9.603174    0.142619    6.808917
    0.748756    0.840171    0.036021   -0.132879    0.503030   -36510.703444    27612.370767   24.922707    9.640739    0.142619    6.808917
    0.751244    0.839542    0.038339   -0.140833    0.529510   -36866.712154    27698.498087   25.012087    9.678246    0.142619    6.808917
    0.753731    0.838872    0.040794   -0.149198    0.556951   -37234.834949    27783.072297   25.101397    9.715692    0.142619    6.808917
    0.756219    0.838160    0.043395   -0.157989    0.585337   -37615.492788    27866.017618   25.190634    9.753072    0.142619    6.808917
    0.758706    0.837402    0.046149   -0.167218    0.614645   -38009.093407    27947.256532   25.279793    9.790383    0.142619    6.808917
    0.761194    0.836596    0.049062   -0.176900    0.644847   -38416.027284    28026.709979   25.368869    9.827619    0.142619    6.808917
    0.763682    0.835739    0.052144   -0.187047    0.675903   -38836.663281    28104.297584   25.457856    9.864775    0.142619    6.808917
    0.766169    0.834829    0.055401   -0.197671    0.707768   -39271.343992    28179.937921   25.546749    9.901847    0.142619    6.808917
    0.768657    0.833863    0.058843   -0.208783    0.740385   -39720.380813    28253.548803   25.635542    9.938829    0.142619    6.808917
    0.771144    0.832836    0.062477   -0.220394    0.773689   -40184.048784    28325.047613   25.724230    9.975716    0.142619    6.808917
    0.773632    0.831747    0.066311   -0.232511    0.807604   -40662.581223    28394.351665   25.812804   10.012499    0.142619    6.808917
    0.776119    0.830590    0.070356   -0.245144    0.842045   -41156.164229    28461.378606   25.901260   10.049175    0.142619    6.808917
    0.778607    0.829364    0.074619   -0.258297    0.876914   -41664.931108    28526.046836   25.989588   10.085734    0.142619    6.808917
    0.781095    0.828064    0.079109   -0.271976    0.912104   -42188.956803    28588.275978   26.077782   10.122170    0.142619    6.808917
    0.783582    0.826686    0.083835   -0.286183    0.947499   -42728.252405    28647.987362   26.165834   10.158476    0.142619    6.808917
    0.786070    0.825226    0.088806   -0.300918    0.982969   -43282.759860    28705.104538   26.253735   10.194642    0.142619    6.808917
    0.788557    0.823680    0.094031   -0.316181    1.018378   -43852.346955    28759.553817   26.341476   10.230660    0.142619    6.808917
    0.791045    0.822044    0.099520   -0.331968    1.053578   -44436.802717    28811.264816   26.429047   10.266522    0.142619    6.808917
    0.793532    0.820313    0.105280   -0.348272    1.088417   -45035.833319    28860.171025   26.516439   10.302216    0.142619    6.808917
    0.796020    0.818482    0.111320   -0.365086    1.122730   -45649.058638    28906.210368   26.603642   10.337734    0.142619    6.808917
    0.798507    0.816548    0.117650   -0.382397    1.156352   -46276.009560    28949.325770   26.690645   10.373065    0.142619    6.808917
    0.800995    0.814504    0.124277   -0.400192    1.189110   -46916.126163    28989.465705   26.777436   10.408197    0.142619    6.808917
    0.803483    0.812347    0.131209   -0.418455    1.220829   -47568.756872    29026.584728   26.864003   10.443119    0.142619    6.808917
    0.805970    0.810071    0.138455   -0.437165    1.251334   -48233.158689    29060.643978   26.950335   10.477818    0.142619    6.808917
    0.808458    0.807670    0.146021   -0.456303    1.280452   -48908.498568    29091.611642   27.036418   10.512282    0.142619    6.808917
    0.810945    0.805140    0.153914   -0.475842    1.308011   -49593.855997    29119.463379   27.122238   10.546497    0.142619    6.808917
    0.813433    0.802475    0.162142   -0.495755    1.333846   -50288.226817    29144.182678   27.207782   10.580450    0.142619    6.808917
    0.815920    0.799670    0.170710   -0.516013    1.357800   -50990.528287    29165.761168   27.293036   10.614126    0.142619    6.808917
    0.818408    0.796718    0.179624   -0.536585    1.379725   -51699.605368    29184.198846   27.377982   10.647509    0.142619    6.808917
    0.820896    0.793616    0.188889   -0.557435    1.399487   -52414.238180    29199.504237   27.462607   10.680586    0.142619    6.808917
    0.823383    0.790356    0.198509   -0.578529    1.416963   -53133.150537    29211.694467   27.546893   10.713339    0.142619    6.808917
    0.825871    0.786933    0.208488   -0.599828    1.432048   -53855.019459    29220.795261   27.630824   10.745753    0.142619    6.808917
    0.828358    0.783342    0.218829   -0.621294    1.444654   -54578.485512    29226.840847   27.714381   10.777810    0.142619    6.808917
    0.830846    0.779578    0.229535   -0.642886    1.454713   -55302.163807    29229.873775   27.797548   10.809493    0.142619    6.808917
    0.833333    0.775633    0.240607   -0.664565    1.462175   -56024.655479    29229.944655   27.880304   10.840785    0.142619    6.808917
    0.835821    0.771503    0.252047   -0.686289    1.467011   -56744.559438    29227.111811   27.962630   10.871667    0.142619    6.808917
    0.838308    0.767183    0.263855   -0.708017    1.469215   -57460.484194    29221.440857   28.044507   10.902121    0.142619    6.808917
    0.840796    0.762667    0.276031   -0.729708    1.468799   -58171.059521    29213.004206   28.125914   10.932130    0.142619    6.808917
    0.843284    0.757949    0.288574   -0.751322    1.465798   -58874.947773    29201.880512   28.206829   10.961673    0.142619    6.808917
    0.845771    0.753025    0.301482   -0.772818    1.460265   -59570.854647    29188.154065   28.287231   10.990734    0.142619    6.808917
    0.848259    0.747889    0.314752   -0.794160    1.452274   -60257.539200    29171.914134   28.367098   11.019292    0.142619    6.808917
    0.850746    0.742536    0.328383   -0.815310    1.441914   -60933.822977    29153.254281   28.446407   11.047329    0.142619    6.808917
    0.853234    0.736962    0.342370   -0.836234    1.429292   -61598.598101    29132.271656   28.525135   11.074827    0.142619    6.808917
    0.855721    0.731162    0.356709   -0.856897    1.414529   -62250.834231    29109.066267   28.603257   11.101768    0.142619    6.808917
    0.858209    0.725132    0.371396   -0.877270    1.397756   -62889.584296    29083.740266   28.680750   11.128133    0.142619    6.808917
    0.860697    0.718867    0.386425   -0.897324    1.379118   -63513.988982    29056.397228   28.757589   11.153905    0.142619    6.808917
    0.863184    0.712363    0.401791   -0.917033    1.358765   -64123.279943    29027.141457   28.833749   11.179068    0.142619    6.808917
    0.865672    0.705618    0.417488   -0.936373    1.336854   -64716.781760    28996.077314   28.909203   11.203604    0.142619    6.808917
    0.868159    0.698627    0.433509   -0.955322    1.313545   -65293.912691    28963.308582   28.983927   11.227499    0.142619    6.808917
    0.870647    0.691387    0.449847   -0.973864    1.289002   -65854.184275    28928.937866   29.057893   11.250737    0.142619    6.808917
    0.873134    0.683896    0.466496   -0.991982    1.263387   -66397.199889    28893.066044   29.131076   11.273305    0.142619    6.808917
    0.875622    0.676151    0.483448   -1.009663    1.236861   -66922.652338    28855.791759   29.203447   11.295189    0.142619    6.808917
    0.878109    0.668149    0.500696   -1.026896    1.209581   -67430.320618    28817.210970   29.274981   11.316379    0.142619    6.808917
    0.880597    0.659889    0.518232   -1.043673    1.181701   -67920.065957    28777.416552   29.345650   11.336864    0.142619    6.808917
    0.883085    0.651369    0.536048   -1.059989    1.153366   -68391.827256    28736.497948   29.415426   11.356633    0.142619    6.808917
    0.885572    0.642587    0.554137   -1.075839    1.124717   -68845.616069    28694.540875   29.484281   11.375681    0.142619    6.808917
    0.888060    0.633543    0.572490   -1.091223    1.095887   -69281.511227    28651.627082   29.552187   11.393999    0.142619    6.808917
    0.890547    0.624236    0.591099   -1.106141    1.066998   -69699.653227    28607.834156   29.619117   11.411584    0.142619    6.808917
    0.893035    0.614665    0.609958   -1.120595    1.038166   -70100.238489    28563.235374   29.685043   11.428432    0.142619    6.808917
    0.895522    0.604831    0.629057   -1.134588    1.009497   -70483.513582    28517.899600   29.749936   11.444541    0.142619    6.808917
    0.898010    0.594734    0.648390   -1.148128    0.981087   -70849.769498    28471.891219   29.813768   11.459911    0.142619    6.808917
    0.900498    0.584374    0.667948   -1.161219    0.953025   -71199.336046    28425.270109   29.876512   11.474545    0.142619    6.808917
    0.902985    0.573753    0.687724   -1.173870    0.925389   -71532.576436    28378.091645   29.938140   11.488445    0.142619    6.808917
    0.905473    0.562871    0.707710   -1.186091    0.898249   -71849.882100    28330.406732   29.998623   11.501617    0.142619    6.808917
    0.907960    0.551731    0.727901   -1.197891    0.871666   -72151.667785    28282.261861   30.057934   11.514068    0.142619    6.808917
    0.910448    0.540335    0.748287   -1.209281    0.845694   -72438.366948    28233.699188   30.116047   11.525806    0.142619    6.808917
    0.912935    0.528684    0.768863   -1.220272    0.820379   -72710.427492    28184.756629   30.172932   11.536842    0.142619    6.808917
    0.915423    0.516781    0.789622   -1.230876    0.795759   -72968.307819    28135.467972   30.228565   11.547188    0.142619    6.808917
    0.917910    0.504631    0.810557   -1.241106    0.771867   -73212.473242    28085.862996   30.282918   11.556859    0.142619    6.808917
    0.920398    0.492234    0.831662   -1.250974    0.748730   -73443.392733    28035.967604   30.335964   11.565869    0.142619    6.808917
    0.922886    0.479596    0.852932   -1.260494    0.726366   -73661.536006    27985.803958   30.387678   11.574235    0.142619    6.808917
    0.925373    0.466720    0.874360   -1.269677    0.704793   -73867.370922    27935.390622   30.438035   11.581976    0.142619    6.808917
    0.927861    0.453611    0.895941   -1.278539    0.684021   -74061.361212    27884.742702   30.487009   11.589113    0.142619    6.808917
    0.930348    0.440272    0.917669   -1.287091    0.664057   -74243.964488    27833.871993   30.534575   11.595665    0.142619    6.808917
    0.932836    0.426709    0.939540   -1.295347    0.644905   -74415.630534    27782.787121   30.580710   11.601656    0.142619    6.808917
    0.935323    0.412927    0.961548   -1.303321    0.626564   -74576.799852    27731.493684   30.625390   11.607109    0.142619    6.808917
    0.937811    0.398931    0.983688   -1.311025    0.609033   -74727.902443    27679.994387   30.668592   11.612048    0.142619    6.808917
    0.940299    0.384726    1.005957   -1.318472    0.592306   -74869.356814    27628.289186   30.710293   11.616500    0.142619    6.808917
    0.942786    0.370319    1.028350   -1.325675    0.576376   -75001.569171    27576.375408   30.750471   11.620489    0.142619    6.808917
    0.945274    0.355716    1.050864   -1.332647    0.561236   -75124.932796    27524.247885   30.789106   11.624043    0.142619    6.808917
    0.947761    0.340923    1.073493   -1.339399    0.546875   -75239.827588    27471.899073   30.826177   11.627188    0.142619    6.808917
    0.950249    0.325946    1.096235   -1.345944    0.533282   -75346.619735    27419.319169   30.861663   11.629953    0.142619    6.808917
    0.952736    0.310793    1.119086   -1.352294    0.520445   -75445.661523    27366.496223   30.895546   11.632364    0.142619    6.808917
    0.955224    0.295471    1.142043   -1.358460    0.508352   -75537.291254    27313.416247   30.927807   11.634449    0.142619    6.808917
    0.957711    0.279987    1.165103   -1.364454    0.496989   -75621.833252    27260.063318   30.958430   11.636235    0.142619    6.808917
    0.960199    0.264348    1.188263   -1.370286    0.486343   -75699.597965    27206.419677   30.987396   11.637750    0.142619    6.808917
    0.962687    0.248563    1.211521   -1.375968    0.476400   -75770.882136    27152.465825   31.014689   11.639020    0.142619    6.808917
    0.965174    0.232638    1.234874   -1.381509    0.467145   -75835.969039    27098.180612   31.040296   11.640071    0.142619    6.808917
    0.967662    0.216584    1.258319   -1.386921    0.458564   -75895.128764    27043.541332   31.064200   11.640927    0.142619    6.808917
    0.970149    0.200406    1.281855   -1.392214    0.450641   -75948.618566    26988.523802   31.086390   11.641613    0.142619    6.808917
    0.972637    0.184115    1.305480   -1.397397    0.443360   -75996.683245    26933.102454   31.106852   11.642152    0.142619    6.808917
    0.975124    0.167719    1.329192   -1.402480    0.436703   -76039.555575    26877.250409   31.125574   11.642566    0.142619    6.808917
    0.977612    0.151227    1.352989   -1.407472    0.430648   -76077.456779    26820.939565   31.142546   11.642875    0.142619    6.808917
    0.980100    0.134648    1.376870   -1.412383    0.425167   -76110.597051    26764.140674   31.157759   11.643098    0.142619    6.808917
    0.982587    0.117990    1.400833   -1.417222    0.420219   -76139.176141    26706.823423   31.171203   11.643252    0.142619    6.808917
    0.985075    0.101264    1.424878   -1.421998    0.415736   -76163.384027    26648.956513   31.182870   11.643354    0.142619    6.808917
    0.987562    0.084478    1.449003   -1.426718    0.411581   -76183.401726    26590.507740   31.192754   11.643415    0.142619    6.808917
    0.990050    0.067643    1.473208   -1.431392    0.407430   -76199.402320    26531.444078   31.200849   11.643449    0.142619    6.808917
    0.992537    0.050767    1.497492   -1.436025    0.402282   -76211.552420    26471.731760   31.207150   11.643466    0.142619    6.808917
    0.995025    0.033862    1.521854   -1.440608    0.391737   -76220.014526    26411.336362   31.211653   11.643472    0.142619    6.808917
    0.997512    0.016936    1.546292   -1.445016    0.346745   -76224.951825    26350.222891   31.214356   11.643473    0.142619    6.808917
    1.000000   -0.000000    1.570796   -1.447852    0.000000   -76226.544088    26288.355873   31.215258   11.643473    0.142619    6.808917
