           t           r         psi          cs          qs               p             sig           A           V          Q2           S
    0.000000    0.000000   -1.570796    0.065794    0.000000      129.205533     1143.194246    0.000000    0.000000    0.222476    4.452745
    0.009804    0.043654   -1.573756    0.071470   -0.315436      129.656791     1021.079568    0.005987   -0.000000    0.222476    4.452745
    0.019608    0.087308   -1.577149    0.085144   -0.538408      131.166433      903.723881    0.023948   -0.000003    0.222476    4.452745
    0.029412    0.130961   -1.581306    0.106859   -0.816223      134.066760      790.855913    0.053882   -0.000017    0.222476    4.452745
    0.039216    0.174612   -1.586650    0.140433   -1.235058      138.878518      682.273111    0.095790   -0.000060    0.222476    4.452745
    0.049020    0.218258   -1.593835    0.192515   -1.867120      146.426341      577.855889    0.149670   -0.000164    0.222476    4.452745
    0.058824    0.261895   -1.603850    0.271442   -2.725841      158.037659      477.587891    0.215520   -0.000387    0.222476    4.452745
    0.068627    0.305515   -1.618006    0.382324   -3.620275      175.832037      381.585032    0.293338   -0.000830    0.222476    4.452745
    0.078431    0.349099   -1.637552    0.514032   -3.898792      203.020883      290.137458    0.383115   -0.001667    0.222476    4.452745
    0.088235    0.392616   -1.662479    0.615458   -2.191248      243.901213      203.770857    0.484839   -0.003164    0.222476    4.452745
    0.098039    0.436028   -1.689154    0.567528    3.502323      302.795219      123.337757    0.598485   -0.005649    0.222476    4.452745
    0.107843    0.479321   -1.707046    0.176044   14.853671      380.720399       50.159211    0.724023   -0.009347    0.222476    4.452745
    0.117647    0.522581   -1.696354   -0.772966   31.188639      468.658077      -13.738719    0.861426   -0.013955    0.222476    4.452745
    0.127451    0.566017   -1.629999   -2.368008   47.344899      537.870238      -65.203556    1.010715   -0.017904    0.222476    4.452745
    0.137255    0.609632   -1.483306   -4.381576   53.736810      532.215250      -99.237140    1.171950   -0.017497    0.222476    4.452745
    0.147059    0.652341   -1.250266   -6.195420   41.473255      377.782675     -108.096764    1.345068   -0.006664    0.222476    4.452745
    0.156863    0.691234   -0.956508   -7.053392   11.983091       34.293920      -81.277045    1.529464    0.021154    0.222476    4.452745
    0.166667    0.722537   -0.653956   -6.596828  -19.472764     -431.292176       -8.680461    1.723564    0.068763    0.222476    4.452745
    0.176471    0.744136   -0.394945   -5.164407  -36.510064     -864.731363      112.737028    1.924933    0.132811    0.222476    4.452745
    0.186275    0.756794   -0.206724   -3.472565  -36.217922    -1159.929154      275.082415    2.130957    0.206755    0.222476    4.452745
    0.196078    0.762966   -0.087373   -2.068043  -26.885136    -1322.736524      463.821406    2.339500    0.285193    0.222476    4.452745
    0.205882    0.765145   -0.019430   -1.118323  -16.910201    -1412.788021      665.145946    2.549139    0.365191    0.222476    4.452745
    0.215686    0.765134    0.015805   -0.547838   -9.752213    -1483.739452      869.628755    2.759043    0.445503    0.222476    4.452745
    0.225490    0.764040    0.031970   -0.223935   -5.418470    -1567.140024     1072.070500    2.968777    0.525663    0.222476    4.452745
    0.235294    0.762497    0.037432   -0.044076   -2.943732    -1677.095578     1270.114987    3.178138    0.605515    0.222476    4.452745
    0.245098    0.760857    0.037003    0.053511   -1.524683    -1817.489925     1463.040692    3.387056    0.685023    0.222476    4.452745
    0.254902    0.759312    0.033451    0.103124   -0.690108    -1986.989431     1650.988303    3.595535    0.764203    0.222476    4.452745
    0.264706    0.757959    0.028414    0.123988   -0.191202    -2181.915597     1834.515550    3.803615    0.843091    0.222476    4.452745
    0.274510    0.756839    0.022877    0.127443    0.104539    -2397.780832     2014.349203    4.011355    0.921734    0.222476    4.452745
    0.284314    0.755960    0.017437    0.120533    0.272102    -2630.073374     2191.249231    4.218821    1.000180    0.222476    4.452745
    0.294118    0.755310    0.012438    0.107800    0.356905    -2874.635227     2365.936394    4.426078    1.078474    0.222476    4.452745
    0.303922    0.754865    0.008066    0.092226    0.388000    -3127.823492     2539.055972    4.633186    1.156660    0.222476    4.452745
    0.313725    0.754595    0.004398    0.075765    0.384686    -3386.558668     2711.162184    4.840196    1.234776    0.222476    4.452745
    0.323529    0.754470    0.001445    0.059681    0.360106    -3648.315650     2882.714468    5.047152    1.312852    0.222476    4.452745
    0.333333    0.754459   -0.000829    0.044752    0.323334    -3911.086923     3054.080499    5.254091    1.390915    0.222476    4.452745
    0.343137    0.754534   -0.002486    0.031422    0.280663    -4173.333340     3225.542971    5.461039    1.468985    0.222476    4.452745
    0.352941    0.754668   -0.003599    0.019895    0.236423    -4433.930309     3397.308330    5.668016    1.547077    0.222476    4.452745
    0.362745    0.754841   -0.004250    0.010212    0.193536    -4692.113384     3569.516375    5.875036    1.625201    0.222476    4.452745
    0.372549    0.755034   -0.004516    0.002303    0.153898    -4947.425362     3742.250020    6.082107    1.703363    0.222476    4.452745
    0.382353    0.755231   -0.004474   -0.003974    0.118656    -5199.666101     3915.544758    6.289231    1.781565    0.222476    4.452745
    0.392157    0.755421   -0.004191   -0.008806    0.088409    -5448.845895     4089.397519    6.496408    1.859808    0.222476    4.452745
    0.401961    0.755594   -0.003724   -0.012401    0.063367    -5695.143053     4263.774705    6.703636    1.938088    0.222476    4.452745
    0.411765    0.755744   -0.003123   -0.014974    0.043467    -5938.866177     4438.619280    6.910908    2.016403    0.222476    4.452745
    0.421569    0.755866   -0.002428   -0.016737    0.028466    -6180.421533     4613.856818    7.118217    2.094745    0.222476    4.452745
    0.431373    0.755955   -0.001670   -0.017891    0.018014    -6420.285726     4789.400507    7.325555    2.173110    0.222476    4.452745
    0.441176    0.756011   -0.000872   -0.018621    0.011707    -6658.983742     4965.155098    7.532914    2.251490    0.222476    4.452745
    0.450980    0.756031   -0.000048   -0.019098    0.009128    -6897.072268     5141.019845    7.740282    2.329878    0.222476    4.452745
    0.460784    0.756015    0.000794   -0.019473    0.009879    -7135.128044     5316.890510    7.947651    2.408266    0.222476    4.452745
    0.470588    0.755962    0.001652   -0.019884    0.013600    -7373.740918     5492.660490    8.155011    2.486647    0.222476    4.452745
    0.480392    0.755870    0.002532   -0.020450    0.019982    -7613.511170     5668.221165    8.362351    2.565013    0.222476    4.452745
    0.490196    0.755740    0.003442   -0.021282    0.028779    -7855.050648     5843.461550    8.569660    2.643356    0.222476    4.452745
    0.500000    0.755569    0.004395   -0.022477    0.039813    -8098.987228     6018.267318    8.776929    2.721667    0.222476    4.452745
    0.509804    0.755355    0.005411   -0.024126    0.052973    -8345.972131     6192.519296    8.984144    2.799938    0.222476    4.452745
    0.519608    0.755096    0.006510   -0.026317    0.068214    -8596.689606     6366.091484    9.191295    2.878160    0.222476    4.452745
    0.529412    0.754785    0.007718   -0.029133    0.085559    -8851.868545     6538.848654    9.398367    2.956322    0.222476    4.452745
    0.539216    0.754420    0.009064   -0.032659    0.105094    -9112.295567     6710.643606    9.605348    3.034414    0.222476    4.452745
    0.549020    0.753992    0.010581   -0.036982    0.126964    -9378.829100     6881.314108    9.812219    3.112422    0.222476    4.452745
    0.558824    0.753493    0.012305   -0.042196    0.151367    -9652.413957     7050.679577   10.018963    3.190334    0.222476    4.452745
    0.568627    0.752914    0.014279   -0.048401    0.178552    -9934.095821     7218.537552   10.225560    3.268133    0.222476    4.452745
    0.578431    0.752242    0.016547   -0.055705    0.208810   -10225.034934     7384.660023   10.431986    3.345800    0.222476    4.452745
    0.588235    0.751464    0.019160   -0.064228    0.242469   -10526.518125     7548.789674   10.638213    3.423315    0.222476    4.452745
    0.598039    0.750563    0.022175   -0.074101    0.279882   -10839.968122     7710.636157   10.844210    3.500653    0.222476    4.452745
    0.607843    0.749521    0.025652   -0.085470    0.321421   -11166.948790     7869.872496   11.049942    3.577786    0.222476    4.452745
    0.617647    0.748316    0.029661   -0.098489    0.367455   -11509.164723     8026.131798   11.255366    3.654681    0.222476    4.452745
    0.627451    0.746923    0.034277   -0.113329    0.418340   -11868.453236     8179.004471   11.460434    3.731300    0.222476    4.452745
    0.637255    0.745314    0.039585   -0.130170    0.474396   -12246.766579     8328.036186   11.665091    3.807599    0.222476    4.452745
    0.647059    0.743457    0.045674   -0.149201    0.535880   -12646.141938     8472.726912   11.869273    3.883528    0.222476    4.452745
    0.656863    0.741315    0.052646   -0.170618    0.602957   -13068.656736     8612.531345   12.072908    3.959027    0.222476    4.452745
    0.666667    0.738848    0.060608   -0.194618    0.675670   -13516.366899     8746.861151   12.275912    4.034029    0.222476    4.452745
    0.676471    0.736011    0.069678   -0.221396    0.753896   -13991.226276     8875.089414   12.478189    4.108457    0.222476    4.452745
    0.686275    0.732752    0.079981   -0.251133    0.837315   -14494.986379     8996.557692   12.679631    4.182222    0.222476    4.452745
    0.696078    0.729015    0.091650   -0.283991    0.925368   -15029.077176     9110.586013   12.880116    4.255223    0.222476    4.452745
    0.705882    0.724740    0.104823   -0.320105    1.017228   -15594.471860     9216.486018   13.079503    4.327344    0.222476    4.452745
    0.715686    0.719857    0.119646   -0.359565    1.111778   -16191.541295     9313.577273   13.277636    4.398455    0.222476    4.452745
    0.725490    0.714293    0.136266   -0.402415    1.207604   -16819.907000     9401.206482   13.474337    4.468411    0.222476    4.452745
    0.735294    0.707969    0.154830   -0.448633    1.303013   -17478.304721     9478.769007   13.669411    4.537047    0.222476    4.452745
    0.745098    0.700800    0.175483   -0.498127    1.396069   -18164.473281     9545.731733   13.862635    4.604182    0.222476    4.452745
    0.754902    0.692695    0.198366   -0.550726    1.484667   -18875.084709     9601.655916   14.053768    4.669617    0.222476    4.452745
    0.764706    0.683562    0.223608   -0.606178    1.566629   -19605.731036     9646.218384   14.242538    4.733137    0.222476    4.452745
    0.774510    0.673302    0.251327   -0.664148    1.639826   -20350.979887     9679.229274   14.428651    4.794510    0.222476    4.452745
    0.784314    0.661816    0.281624   -0.724227    1.702310   -21104.505104     9700.644527   14.611784    4.853492    0.222476    4.452745
    0.794118    0.649004    0.314582   -0.785944    1.752452   -21859.290451     9710.571658   14.791586    4.909830    0.222476    4.452745
    0.803922    0.634768    0.350260   -0.848778    1.789067   -22607.895162     9709.267809   14.967682    4.963269    0.222476    4.452745
    0.813725    0.619014    0.388696   -0.912182    1.811500   -23342.761321     9697.129805   15.139667    5.013557    0.222476    4.452745
    0.823529    0.601651    0.429902   -0.975604    1.819683   -24056.536563     9674.676717   15.307112    5.060454    0.222476    4.452745
    0.833333    0.582600    0.473867   -1.038511    1.814135   -24742.382808     9642.526175   15.469564    5.103743    0.222476    4.452745
    0.843137    0.561788    0.520559   -1.100411    1.795920   -25394.243451     9601.366268   15.626551    5.143240    0.222476    4.452745
    0.852941    0.539158    0.569922   -1.160870    1.766562   -26007.047210     9551.925178   15.777582    5.178805    0.222476    4.452745
    0.862745    0.514668    0.621886   -1.219528    1.727934   -26576.835536     9494.940758   15.922151    5.210353    0.222476    4.452745
    0.872549    0.488289    0.676367   -1.276107    1.682130   -27100.810312     9431.131997   16.059744    5.237861    0.222476    4.452745
    0.882353    0.460016    0.733268   -1.330415    1.631343   -27577.307653     9361.173920   16.189842    5.261382    0.222476    4.452745
    0.892157    0.429861    0.792489   -1.382347    1.577755   -28005.710548     9285.676908   16.311926    5.281043    0.222476    4.452745
    0.901961    0.397859    0.853925   -1.431881    1.523448   -28386.317120     9205.170888   16.425485    5.297047    0.222476    4.452745
    0.911765    0.364065    0.917471   -1.479069    1.470340   -28720.182378     9120.094398   16.530019    5.309674    0.222476    4.452745
    0.921569    0.328560    0.983028   -1.524028    1.420144   -29008.949989     9030.788169   16.625046    5.319270    0.222476    4.452745
    0.931373    0.291447    1.050502   -1.566937    1.374352   -29254.687750     8937.492668   16.710112    5.326234    0.222476    4.452745
    0.941176    0.252851    1.119808   -1.608022    1.334214   -29459.736805     8840.348996   16.784791    5.331002    0.222476    4.452745
    0.950980    0.212921    1.190873   -1.647552    1.300707   -29626.581115     8739.402525   16.848698    5.334028    0.222476    4.452745
    0.960784    0.171828    1.263636   -1.685830    1.274390   -29757.740831     8634.608802   16.901488    5.335759    0.222476    4.452745
    0.970588    0.129766    1.338048   -1.723190    1.254795   -29855.691492     8525.841348   16.942870    5.336607    0.222476    4.452745
    0.980392    0.086948    1.414077   -1.759970    1.236708   -29922.811609     8412.901141   16.972606    5.336931    0.222476    4.452745
    0.990196    0.043609    1.491702   -1.796182    1.167909   -29961.369004     8295.527697   16.990520    5.337007    0.222476    4.452745
    1.000000    0.000000    1.570796   -1.822562    0.000000   -29973.623356     8173.411758   16.996504    5.337013    0.222476    4.452745
