           t           r         psi          cs          qs               p             sig           A           V          Q2           S
    0.000000    0.000000   -1.570796   -1.271591    0.000000        5.228802       -2.787505    0.000000    0.000000    0.145417    6.113492
    0.002488    0.015207   -1.551459   -1.271510   -0.014145        5.228802       -2.787506    0.000727    0.000000    0.145417    6.113492
    0.004975    0.030408   -1.532124   -1.271268   -0.028286        5.228802       -2.787506    0.002906    0.000001    0.145417    6.113492
    0.007463    0.045597   -1.512793   -1.270865   -0.042418        5.228802       -2.787507    0.006537    0.000004    0.145417    6.113492
    0.009950    0.060770   -1.493471   -1.270301   -0.056538        5.228802       -2.787507    0.011619    0.000014    0.145417    6.113492
    0.012438    0.075920   -1.474158   -1.269575   -0.070641        5.228802       -2.787508    0.018150    0.000033    0.145417    6.113492
    0.014925    0.091042   -1.454857   -1.268688   -0.084723        5.228802       -2.787508    0.026127    0.000069    0.145417    6.113492
    0.017413    0.106129   -1.435571   -1.267641   -0.098780        5.228802       -2.787509    0.035548    0.000127    0.145417    6.113492
    0.019900    0.121178   -1.416302   -1.266432   -0.112808        5.228802       -2.787509    0.046408    0.000217    0.145417    6.113492
    0.022388    0.136181   -1.397053   -1.265064   -0.126802        5.228801       -2.787510    0.058704    0.000347    0.145417    6.113492
    0.024876    0.151133   -1.377825   -1.263535   -0.140759        5.228801       -2.787510    0.072431    0.000527    0.145417    6.113492
    0.027363    0.166030   -1.358622   -1.261846   -0.154674        5.228801       -2.787511    0.087584    0.000769    0.145417    6.113492
    0.029851    0.180865   -1.339447   -1.259997   -0.168542        5.228801       -2.787511    0.104158    0.001086    0.145417    6.113492
    0.032338    0.195633   -1.320300   -1.257989   -0.182361        5.228800       -2.787512    0.122147    0.001490    0.145417    6.113492
    0.034826    0.210329   -1.301185   -1.255822   -0.196126        5.228800       -2.787512    0.141543    0.001997    0.145417    6.113492
    0.037313    0.224948   -1.282105   -1.253495   -0.209832        5.228799       -2.787513    0.162339    0.002622    0.145417    6.113492
    0.039801    0.239484   -1.263060   -1.251011   -0.223475        5.228799       -2.787513    0.184529    0.003379    0.145417    6.113492
    0.042289    0.253933   -1.244055   -1.248369   -0.237052        5.228798       -2.787514    0.208103    0.004287    0.145417    6.113492
    0.044776    0.268289   -1.225092   -1.245569   -0.250559        5.228798       -2.787514    0.233054    0.005363    0.145417    6.113492
    0.047264    0.282547   -1.206172   -1.242612   -0.263990        5.228797       -2.787515    0.259371    0.006624    0.145417    6.113492
    0.049751    0.296703   -1.187298   -1.239498   -0.277343        5.228796       -2.787515    0.287047    0.008089    0.145417    6.113492
    0.052239    0.310751   -1.168473   -1.236228   -0.290613        5.228796       -2.787516    0.316070    0.009778    0.145417    6.113492
    0.054726    0.324688   -1.149698   -1.232803   -0.303796        5.228795       -2.787516    0.346429    0.011709    0.145417    6.113492
    0.057214    0.338508   -1.130977   -1.229223   -0.316888        5.228794       -2.787517    0.378116    0.013902    0.145417    6.113492
    0.059701    0.352207   -1.112312   -1.225488   -0.329885        5.228793       -2.787517    0.411116    0.016377    0.145417    6.113492
    0.062189    0.365781   -1.093704   -1.221600   -0.342783        5.228792       -2.787518    0.445420    0.019155    0.145417    6.113492
    0.064677    0.379225   -1.075157   -1.217559   -0.355578        5.228791       -2.787518    0.481015    0.022255    0.145417    6.113492
    0.067164    0.392535   -1.056673   -1.213365   -0.368267        5.228790       -2.787518    0.517888    0.025697    0.145417    6.113492
    0.069652    0.405707   -1.038253   -1.209019   -0.380844        5.228789       -2.787519    0.556026    0.029502    0.145417    6.113492
    0.072139    0.418737   -1.019901   -1.204523   -0.393307        5.228788       -2.787519    0.595416    0.033689    0.145417    6.113492
    0.074627    0.431621   -1.001618   -1.199876   -0.405652        5.228786       -2.787520    0.636045    0.038278    0.145417    6.113492
    0.077114    0.444356   -0.983407   -1.195079   -0.417874        5.228785       -2.787520    0.677897    0.043289    0.145417    6.113492
    0.079602    0.456938   -0.965270   -1.190134   -0.429970        5.228783       -2.787521    0.720959    0.048741    0.145417    6.113492
    0.082090    0.469363   -0.947209   -1.185042   -0.441936        5.228782       -2.787521    0.765215    0.054651    0.145417    6.113492
    0.084577    0.481627   -0.929227   -1.179802   -0.453769        5.228780       -2.787522    0.810651    0.061039    0.145417    6.113492
    0.087065    0.493729   -0.911326   -1.174416   -0.465464        5.228778       -2.787522    0.857252    0.067922    0.145417    6.113492
    0.089552    0.505664   -0.893507   -1.168885   -0.477018        5.228776       -2.787523    0.905000    0.075316    0.145417    6.113492
    0.092040    0.517430   -0.875774   -1.163209   -0.488427        5.228774       -2.787523    0.953881    0.083238    0.145417    6.113492
    0.094527    0.529024   -0.858129   -1.157390   -0.499687        5.228772       -2.787523    1.003879    0.091704    0.145417    6.113492
    0.097015    0.540442   -0.840573   -1.151429   -0.510796        5.228770       -2.787524    1.054975    0.100728    0.145417    6.113492
    0.099502    0.551683   -0.823108   -1.145327   -0.521748        5.228768       -2.787524    1.107154    0.110325    0.145417    6.113492
    0.101990    0.562744   -0.805738   -1.139084   -0.532542        5.228765       -2.787525    1.160399    0.120507    0.145417    6.113492
    0.104478    0.573622   -0.788463   -1.132703   -0.543173        5.228763       -2.787525    1.214692    0.131286    0.145417    6.113492
    0.106965    0.584316   -0.771287   -1.126183   -0.553638        5.228760       -2.787525    1.270015    0.142674    0.145417    6.113492
    0.109453    0.594823   -0.754211   -1.119526   -0.563933        5.228757       -2.787526    1.326352    0.154681    0.145417    6.113492
    0.111940    0.605141   -0.737237   -1.112733   -0.574056        5.228754       -2.787526    1.383683    0.167317    0.145417    6.113492
    0.114428    0.615269   -0.720367   -1.105805   -0.584002        5.228751       -2.787527    1.441992    0.180589    0.145417    6.113492
    0.116915    0.625204   -0.703604   -1.098744   -0.593769        5.228748       -2.787527    1.501258    0.194504    0.145417    6.113492
    0.119403    0.634946   -0.686949   -1.091550   -0.603354        5.228744       -2.787527    1.561465    0.209070    0.145417    6.113492
    0.121891    0.644493   -0.670405   -1.084226   -0.612752        5.228741       -2.787528    1.622594    0.224291    0.145417    6.113492
    0.124378    0.653843   -0.653973   -1.076771   -0.621962        5.228737       -2.787528    1.684625    0.240171    0.145417    6.113492
    0.126866    0.662995   -0.637655   -1.069188   -0.630979        5.228733       -2.787529    1.747541    0.256713    0.145417    6.113492
    0.129353    0.671949   -0.621453   -1.061478   -0.639802        5.228729       -2.787529    1.811321    0.273919    0.145417    6.113492
    0.131841    0.680703   -0.605370   -1.053642   -0.648426        5.228725       -2.787529    1.875947    0.291791    0.145417    6.113492
    0.134328    0.689257   -0.589407   -1.045682   -0.656850        5.228721       -2.787530    1.941401    0.310326    0.145417    6.113492
    0.136816    0.697610   -0.573566   -1.037598   -0.665070        5.228716       -2.787530    2.007662    0.329525    0.145417    6.113492
    0.139303    0.705761   -0.557849   -1.029392   -0.673083        5.228711       -2.787530    2.074711    0.349385    0.145417    6.113492
    0.141791    0.713711   -0.542257   -1.021066   -0.680887        5.228707       -2.787530    2.142530    0.369903    0.145417    6.113492
    0.144279    0.721458   -0.526793   -1.012621   -0.688479        5.228702       -2.787531    2.211099    0.391074    0.145417    6.113492
    0.146766    0.729002   -0.511459   -1.004059   -0.695856        5.228696       -2.787531    2.280398    0.412894    0.145417    6.113492
    0.149254    0.736345   -0.496255   -0.995381   -0.703017        5.228691       -2.787531    2.350409    0.435355    0.145417    6.113492
    0.151741    0.743484   -0.481184   -0.986588   -0.709958        5.228686       -2.787531    2.421111    0.458450    0.145417    6.113492
    0.154229    0.750422   -0.466248   -0.977682   -0.716677        5.228680       -2.787531    2.492486    0.482173    0.145417    6.113492
    0.156716    0.757157   -0.451448   -0.968665   -0.723171        5.228674       -2.787531    2.564515    0.506513    0.145417    6.113492
    0.159204    0.763691   -0.436786   -0.959538   -0.729440        5.228669       -2.787531    2.637177    0.531461    0.145417    6.113492
    0.161692    0.770024   -0.422264   -0.950303   -0.735479        5.228663       -2.787532    2.710454    0.557006    0.145417    6.113492
    0.164179    0.776157   -0.407883   -0.940962   -0.741288        5.228657       -2.787532    2.784326    0.583137    0.145417    6.113492
    0.166667    0.782089   -0.393645   -0.931515   -0.746864        5.228651       -2.787531    2.858775    0.609842    0.145417    6.113492
    0.169154    0.787823   -0.379551   -0.921965   -0.752205        5.228645       -2.787531    2.933782    0.637109    0.145417    6.113492
    0.171642    0.793358   -0.365604   -0.912313   -0.757310        5.228639       -2.787531    3.009326    0.664923    0.145417    6.113492
    0.174129    0.798697   -0.351803   -0.902562   -0.762176        5.228634       -2.787531    3.085391    0.693272    0.145417    6.113492
    0.176617    0.803840   -0.338152   -0.892712   -0.766802        5.228628       -2.787531    3.161955    0.722140    0.145417    6.113492
    0.179104    0.808788   -0.324652   -0.882765   -0.771186        5.228622       -2.787531    3.239003    0.751512    0.145417    6.113492
    0.181592    0.813542   -0.311303   -0.872724   -0.775327        5.228617       -2.787530    3.316513    0.781374    0.145417    6.113492
    0.184080    0.818104   -0.298108   -0.862590   -0.779224        5.228612       -2.787530    3.394469    0.811709    0.145417    6.113492
    0.186567    0.822476   -0.285068   -0.852364   -0.782874        5.228607       -2.787529    3.472851    0.842501    0.145417    6.113492
    0.189055    0.826658   -0.272183   -0.842048   -0.786277        5.228603       -2.787529    3.551642    0.873733    0.145417    6.113492
    0.191542    0.830653   -0.259457   -0.831645   -0.789432        5.228599       -2.787528    3.630824    0.905388    0.145417    6.113492
    0.194030    0.834462   -0.246889   -0.821156   -0.792337        5.228595       -2.787528    3.710379    0.937450    0.145417    6.113492
    0.196517    0.838087   -0.234481   -0.810583   -0.794991        5.228592       -2.787527    3.790289    0.969901    0.145417    6.113492
    0.199005    0.841529   -0.222235   -0.799928   -0.797394        5.228590       -2.787526    3.870536    1.002723    0.145417    6.113492
    0.201493    0.844791   -0.210152   -0.789192   -0.799545        5.228588       -2.787525    3.951104    1.035899    0.145417    6.113492
    0.203980    0.847875   -0.198232   -0.778378   -0.801442        5.228587       -2.787524    4.031975    1.069410    0.145417    6.113492
    0.206468    0.850782   -0.186477   -0.767487   -0.803087        5.228586       -2.787523    4.113132    1.103240    0.145417    6.113492
    0.208955    0.853515   -0.174889   -0.756521   -0.804477        5.228587       -2.787522    4.194558    1.137369    0.145417    6.113492
    0.211443    0.856075   -0.163468   -0.745482   -0.805613        5.228588       -2.787521    4.276238    1.171781    0.145417    6.113492
    0.213930    0.858465   -0.152215   -0.734372   -0.806494        5.228590       -2.787519    4.358153    1.206457    0.145417    6.113492
    0.216418    0.860688   -0.141132   -0.723193   -0.807120        5.228593       -2.787518    4.440290    1.241379    0.145417    6.113492
    0.218905    0.862744   -0.130219   -0.711947   -0.807492        5.228597       -2.787516    4.522630    1.276531    0.145417    6.113492
    0.221393    0.864638   -0.119478   -0.700635   -0.807609        5.228601       -2.787515    4.605160    1.311894    0.145417    6.113492
    0.223881    0.866370   -0.108910   -0.689261   -0.807471        5.228607       -2.787513    4.687862    1.347451    0.145417    6.113492
    0.226368    0.867945   -0.098514   -0.677825   -0.807078        5.228613       -2.787512    4.770723    1.383185    0.145417    6.113492
    0.228856    0.869363   -0.088294   -0.666329   -0.806432        5.228621       -2.787510    4.853726    1.419079    0.145417    6.113492
    0.231343    0.870627   -0.078248   -0.654777   -0.805532        5.228629       -2.787508    4.936858    1.455116    0.145417    6.113492
    0.233831    0.871741   -0.068379   -0.643168   -0.804380        5.228637       -2.787506    5.020103    1.491280    0.145417    6.113492
    0.236318    0.872706   -0.058686   -0.631507   -0.802975        5.228647       -2.787504    5.103448    1.527555    0.145417    6.113492
    0.238806    0.873526   -0.049171   -0.619794   -0.801319        5.228657       -2.787502    5.186877    1.563924    0.145417    6.113492
    0.241294    0.874202   -0.039835   -0.608031   -0.799413        5.228668       -2.787500    5.270379    1.600373    0.145417    6.113492
    0.243781    0.874738   -0.030678   -0.596221   -0.797257        5.228679       -2.787498    5.353938    1.636886    0.145417    6.113492
    0.246269    0.875136   -0.021701   -0.584366   -0.794854        5.228690       -2.787496    5.437542    1.673447    0.145417    6.113492
    0.248756    0.875399   -0.012905   -0.572467   -0.792204        5.228702       -2.787494    5.521177    1.710044    0.145417    6.113492
    0.251244    0.875530   -0.004289   -0.560527   -0.789310        5.228714       -2.787492    5.604831    1.746661    0.145417    6.113492
    0.253731    0.875530    0.004144   -0.548547   -0.786172        5.228726       -2.787490    5.688491    1.783285    0.145417    6.113492
    0.256219    0.875404    0.012395   -0.536530   -0.782792        5.228737       -2.787488    5.772146    1.819902    0.145417    6.113492
    0.258706    0.875154    0.020462   -0.524478   -0.779172        5.228749       -2.787486    5.855782    1.856500    0.145417    6.113492
    0.261194    0.874783    0.028347   -0.512393   -0.775315        5.228761       -2.787484    5.939389    1.893066    0.145417    6.113492
    0.263682    0.874293    0.036047   -0.500276   -0.771223        5.228772       -2.787482    6.022954    1.929588    0.145417    6.113492
    0.266169    0.873688    0.043563   -0.488130   -0.766897        5.228782       -2.787480    6.106467    1.966054    0.145417    6.113492
    0.268657    0.872970    0.050893   -0.475958   -0.762340        5.228793       -2.787478    6.189917    2.002454    0.145417    6.113492
    0.271144    0.872142    0.058039   -0.463760   -0.757555        5.228802       -2.787476    6.273293    2.038775    0.145417    6.113492
    0.273632    0.871206    0.064999   -0.451540   -0.752545        5.228812       -2.787474    6.356585    2.075008    0.145417    6.113492
    0.276119    0.870167    0.071773   -0.439298   -0.747312        5.228820       -2.787473    6.439782    2.111143    0.145417    6.113492
    0.278607    0.869026    0.078360   -0.427039   -0.741859        5.228828       -2.787471    6.522875    2.147170    0.145417    6.113492
    0.281095    0.867787    0.084761   -0.414762   -0.736190        5.228835       -2.787469    6.605855    2.183081    0.145417    6.113492
    0.283582    0.866452    0.090975   -0.402471   -0.730307        5.228841       -2.787467    6.688711    2.218866    0.145417    6.113492
    0.286070    0.865025    0.097002   -0.390168   -0.724215        5.228847       -2.787466    6.771435    2.254517    0.145417    6.113492
    0.288557    0.863507    0.102842   -0.377855   -0.717916        5.228852       -2.787464    6.854019    2.290026    0.145417    6.113492
    0.291045    0.861903    0.108495   -0.365534   -0.711415        5.228856       -2.787463    6.936454    2.325386    0.145417    6.113492
    0.293532    0.860215    0.113960   -0.353208   -0.704715        5.228860       -2.787461    7.018731    2.360590    0.145417    6.113492
    0.296020    0.858446    0.119238   -0.340877   -0.697820        5.228863       -2.787460    7.100843    2.395632    0.145417    6.113492
    0.298507    0.856598    0.124328   -0.328546   -0.690735        5.228865       -2.787459    7.182782    2.430504    0.145417    6.113492
    0.300995    0.854675    0.129231   -0.316215   -0.683463        5.228866       -2.787457    7.264541    2.465201    0.145417    6.113492
    0.303483    0.852679    0.133946   -0.303888   -0.676009        5.228867       -2.787456    7.346113    2.499718    0.145417    6.113492
    0.305970    0.850614    0.138473   -0.291566   -0.668378        5.228867       -2.787455    7.427490    2.534050    0.145417    6.113492
    0.308458    0.848482    0.142814   -0.279252   -0.660575        5.228867       -2.787454    7.508668    2.568192    0.145417    6.113492
    0.310945    0.846286    0.146967   -0.266948   -0.652604        5.228866       -2.787453    7.589638    2.602139    0.145417    6.113492
    0.313433    0.844029    0.150933   -0.254656   -0.644470        5.228865       -2.787452    7.670395    2.635888    0.145417    6.113492
    0.315920    0.841713    0.154713   -0.242380   -0.636178        5.228863       -2.787451    7.750935    2.669434    0.145417    6.113492
    0.318408    0.839343    0.158305   -0.230121   -0.627735        5.228860       -2.787450    7.831250    2.702775    0.145417    6.113492
    0.320896    0.836920    0.161712   -0.217882   -0.619144        5.228858       -2.787449    7.911336    2.735908    0.145417    6.113492
    0.323383    0.834447    0.164932   -0.205665   -0.610412        5.228854       -2.787449    7.991188    2.768830    0.145417    6.113492
    0.325871    0.831927    0.167967   -0.193473   -0.601545        5.228851       -2.787448    8.070802    2.801538    0.145417    6.113492
    0.328358    0.829363    0.170817   -0.181308   -0.592548        5.228847       -2.787447    8.150173    2.834031    0.145417    6.113492
    0.330846    0.826757    0.173482   -0.169174   -0.583427        5.228843       -2.787447    8.229296    2.866306    0.145417    6.113492
    0.333333    0.824114    0.175963   -0.157073   -0.574188        5.228838       -2.787446    8.308169    2.898363    0.145417    6.113492
    0.335821    0.821434    0.178260   -0.145007   -0.564838        5.228834       -2.787446    8.386788    2.930200    0.145417    6.113492
    0.338308    0.818721    0.180373   -0.132980   -0.555383        5.228829       -2.787445    8.465149    2.961815    0.145417    6.113492
    0.340796    0.815978    0.182305   -0.120994   -0.545829        5.228824       -2.787445    8.543249    2.993210    0.145417    6.113492
    0.343284    0.813208    0.184054   -0.109052   -0.536183        5.228818       -2.787444    8.621086    3.024382    0.145417    6.113492
    0.345771    0.810413    0.185622   -0.097158   -0.526452        5.228813       -2.787444    8.698657    3.055332    0.145417    6.113492
    0.348259    0.807596    0.187009   -0.085314   -0.516642        5.228807       -2.787444    8.775959    3.086060    0.145417    6.113492
    0.350746    0.804759    0.188217   -0.073523   -0.506761        5.228801       -2.787443    8.852992    3.116566    0.145417    6.113492
    0.353234    0.801905    0.189246   -0.061790   -0.496815        5.228796       -2.787443    8.929753    3.146851    0.145417    6.113492
    0.355721    0.799038    0.190097   -0.050116   -0.486811        5.228790       -2.787443    9.006240    3.176915    0.145417    6.113492
    0.358209    0.796159    0.190770   -0.038505   -0.476756        5.228784       -2.787443    9.082453    3.206759    0.145417    6.113492
    0.360697    0.793272    0.191268   -0.026962   -0.466658        5.228778       -2.787443    9.158390    3.236384    0.145417    6.113492
    0.363184    0.790378    0.191591   -0.015489   -0.456523        5.228771       -2.787442    9.234051    3.265792    0.145417    6.113492
    0.365672    0.787481    0.191739   -0.004090   -0.446360        5.228765       -2.787442    9.309436    3.294984    0.145417    6.113492
    0.368159    0.784583    0.191715    0.007232   -0.436175        5.228759       -2.787442    9.384543    3.323962    0.145417    6.113492
    0.370647    0.781686    0.191520    0.018471   -0.425976        5.228753       -2.787442    9.459374    3.352727    0.145417    6.113492
    0.373134    0.778794    0.191154    0.029625   -0.415770        5.228746       -2.787442    9.533928    3.381281    0.145417    6.113492
    0.375622    0.775908    0.190619    0.040690   -0.405563        5.228740       -2.787442    9.608206    3.409627    0.145417    6.113492
    0.378109    0.773032    0.189917    0.051660   -0.395365        5.228734       -2.787442    9.682209    3.437766    0.145417    6.113492
    0.380597    0.770168    0.189049    0.062533   -0.385181        5.228728       -2.787442    9.755937    3.465701    0.145417    6.113492
    0.383085    0.767317    0.188016    0.073303   -0.375020        5.228721       -2.787442    9.829392    3.493435    0.145417    6.113492
    0.385572    0.764483    0.186820    0.083966   -0.364887        5.228715       -2.787442    9.902576    3.520970    0.145417    6.113492
    0.388060    0.761669    0.185462    0.094518   -0.354791        5.228709       -2.787442    9.975490    3.548308    0.145417    6.113492
    0.390547    0.758876    0.183945    0.104953   -0.344737        5.228702       -2.787442   10.048136    3.575454    0.145417    6.113492
    0.393035    0.756106    0.182271    0.115268   -0.334734        5.228696       -2.787442   10.120516    3.602409    0.145417    6.113492
    0.395522    0.753363    0.180440    0.125457   -0.324788        5.228690       -2.787443   10.192633    3.629177    0.145417    6.113492
    0.398010    0.750649    0.178456    0.135515   -0.314904        5.228684       -2.787443   10.264489    3.655761    0.145417    6.113492
    0.400498    0.747965    0.176319    0.145437   -0.305090        5.228678       -2.787443   10.336087    3.682165    0.145417    6.113492
    0.402985    0.745314    0.174033    0.155219   -0.295352        5.228671       -2.787443   10.407430    3.708391    0.145417    6.113492
    0.405473    0.742699    0.171599    0.164853   -0.285695        5.228665       -2.787443   10.478522    3.734443    0.145417    6.113492
    0.407960    0.740121    0.169019    0.174336   -0.276125        5.228659       -2.787443   10.549365    3.760325    0.145417    6.113492
    0.410448    0.737583    0.166297    0.183662   -0.266648        5.228653       -2.787443   10.619964    3.786040    0.145417    6.113492
    0.412935    0.735087    0.163434    0.192825   -0.257268        5.228647       -2.787444   10.690323    3.811592    0.145417    6.113492
    0.415423    0.732635    0.160433    0.201820   -0.247991        5.228641       -2.787444   10.760445    3.836986    0.145417    6.113492
    0.417910    0.730229    0.157297    0.210640   -0.238822        5.228635       -2.787444   10.830335    3.862223    0.145417    6.113492
    0.420398    0.727871    0.154027    0.219281   -0.229763        5.228629       -2.787444   10.899997    3.887310    0.145417    6.113492
    0.422886    0.725564    0.150628    0.227736   -0.220819        5.228623       -2.787444   10.969437    3.912249    0.145417    6.113492
    0.425373    0.723308    0.147102    0.235999   -0.211993        5.228618       -2.787445   11.038658    3.937045    0.145417    6.113492
    0.427861    0.721106    0.143451    0.244065   -0.203289        5.228612       -2.787445   11.107666    3.961701    0.145417    6.113492
    0.430348    0.718960    0.139679    0.251928   -0.194709        5.228606       -2.787445   11.176467    3.986223    0.145417    6.113492
    0.432836    0.716872    0.135789    0.259582   -0.186254        5.228600       -2.787445   11.245066    4.010613    0.145417    6.113492
    0.435323    0.714844    0.131785    0.267020   -0.177927        5.228594       -2.787445   11.313467    4.034877    0.145417    6.113492
    0.437811    0.712876    0.127669    0.274238   -0.169729        5.228589       -2.787446   11.381678    4.059019    0.145417    6.113492
    0.440299    0.710972    0.123445    0.281229   -0.161660        5.228583       -2.787446   11.449704    4.083043    0.145417    6.113492
    0.442786    0.709132    0.119117    0.287987   -0.153720        5.228577       -2.787446   11.517551    4.106953    0.145417    6.113492
    0.445274    0.707358    0.114687    0.294507   -0.145910        5.228572       -2.787447   11.585225    4.130754    0.145417    6.113492
    0.447761    0.705652    0.110160    0.300783   -0.138229        5.228566       -2.787447   11.652733    4.154451    0.145417    6.113492
    0.450249    0.704014    0.105540    0.306809   -0.130675        5.228560       -2.787447   11.720081    4.178047    0.145417    6.113492
    0.452736    0.702448    0.100830    0.312581   -0.123246        5.228555       -2.787447   11.787276    4.201548    0.145417    6.113492
    0.455224    0.700953    0.096034    0.318092   -0.115940        5.228549       -2.787448   11.854325    4.224958    0.145417    6.113492
    0.457711    0.699532    0.091156    0.323337   -0.108754        5.228544       -2.787448   11.921234    4.248282    0.145417    6.113492
    0.460199    0.698185    0.086201    0.328312   -0.101685        5.228538       -2.787448   11.988012    4.271524    0.145417    6.113492
    0.462687    0.696914    0.081172    0.333012   -0.094729        5.228533       -2.787448   12.054664    4.294689    0.145417    6.113492
    0.465174    0.695719    0.076074    0.337431   -0.087882        5.228527       -2.787449   12.121198    4.317781    0.145417    6.113492
    0.467662    0.694602    0.070910    0.341566   -0.081138        5.228522       -2.787449   12.187622    4.340806    0.145417    6.113492
    0.470149    0.693565    0.065686    0.345413   -0.074492        5.228516       -2.787449   12.253943    4.363769    0.145417    6.113492
    0.472637    0.692606    0.060406    0.348966   -0.067939        5.228511       -2.787450   12.320169    4.386673    0.145417    6.113492
    0.475124    0.691729    0.055074    0.352224   -0.061473        5.228506       -2.787450   12.386306    4.409524    0.145417    6.113492
    0.477612    0.690932    0.049694    0.355181   -0.055087        5.228500       -2.787450   12.452364    4.432326    0.145417    6.113492
    0.480100    0.690218    0.044272    0.357836   -0.048773        5.228495       -2.787451   12.518350    4.455085    0.145417    6.113492
    0.482587    0.689586    0.038812    0.360184   -0.042526        5.228490       -2.787451   12.584271    4.477804    0.145417    6.113492
    0.485075    0.689038    0.033319    0.362225   -0.036336        5.228484       -2.787451   12.650136    4.500490    0.145417    6.113492
    0.487562    0.688573    0.027797    0.363954   -0.030198        5.228479       -2.787451   12.715953    4.523147    0.145417    6.113492
    0.490050    0.688193    0.022251    0.365372   -0.024101        5.228473       -2.787452   12.781729    4.545779    0.145417    6.113492
    0.492537    0.687897    0.016685    0.366475   -0.018039        5.228468       -2.787452   12.847473    4.568392    0.145417    6.113492
    0.495025    0.687685    0.011106    0.367263   -0.012002        5.228463       -2.787452   12.913193    4.590990    0.145417    6.113492
    0.497512    0.687559    0.005517    0.367734   -0.005983        5.228457       -2.787453   12.978896    4.613579    0.145417    6.113492
    0.500000    0.687518   -0.000077    0.367889    0.000028        5.228452       -2.787453   13.044592    4.636162    0.145417    6.113492
    0.502488    0.687561   -0.005671    0.367727    0.006038        5.228447       -2.787453   13.110287    4.658746    0.145417    6.113492
    0.504975    0.687690   -0.011260    0.367248    0.012058        5.228441       -2.787454   13.175991    4.681335    0.145417    6.113492
    0.507463    0.687904   -0.016840    0.366454    0.018095        5.228436       -2.787454   13.241711    4.703934    0.145417    6.113492
    0.509950    0.688202   -0.022405    0.365343    0.024158        5.228431       -2.787454   13.307456    4.726547    0.145417    6.113492
    0.512438    0.688585   -0.027950    0.363919    0.030255        5.228425       -2.787454   13.373233    4.749180    0.145417    6.113492
    0.514925    0.689052   -0.033472    0.362183    0.036394        5.228420       -2.787455   13.439051    4.771837    0.145417    6.113492
    0.517413    0.689603   -0.038965    0.360135    0.042584        5.228415       -2.787455   13.504918    4.794524    0.145417    6.113492
    0.519900    0.690237   -0.044424    0.357780    0.048833        5.228409       -2.787455   13.570841    4.817244    0.145417    6.113492
    0.522388    0.690953   -0.049845    0.355118    0.055147        5.228404       -2.787456   13.636828    4.840004    0.145417    6.113492
    0.524876    0.691752   -0.055223    0.352154    0.061535        5.228399       -2.787456   13.702888    4.862808    0.145417    6.113492
    0.527363    0.692632   -0.060554    0.348890    0.068003        5.228393       -2.787456   13.769029    4.885660    0.145417    6.113492
    0.529851    0.693592   -0.065834    0.345330    0.074557        5.228388       -2.787457   13.835257    4.908566    0.145417    6.113492
    0.532338    0.694632   -0.071056    0.341478    0.081204        5.228382       -2.787457   13.901580    4.931530    0.145417    6.113492
    0.534826    0.695751   -0.076218    0.337336    0.087949        5.228377       -2.787457   13.968007    4.954557    0.145417    6.113492
    0.537313    0.696948   -0.081315    0.332911    0.094799        5.228371       -2.787457   14.034545    4.977651    0.145417    6.113492
    0.539801    0.698222   -0.086342    0.328205    0.101756        5.228366       -2.787458   14.101200    5.000818    0.145417    6.113492
    0.542289    0.699571   -0.091296    0.323224    0.108827        5.228360       -2.787458   14.167981    5.024062    0.145417    6.113492
    0.544776    0.700994   -0.096172    0.317973    0.116014        5.228355       -2.787458   14.234894    5.047389    0.145417    6.113492
    0.547264    0.702491   -0.100966    0.312456    0.123322        5.228349       -2.787459   14.301947    5.070801    0.145417    6.113492
    0.549751    0.704059   -0.105674    0.306680    0.130753        5.228344       -2.787459   14.369147    5.094305    0.145417    6.113492
    0.552239    0.705698   -0.110293    0.300648    0.138308        5.228338       -2.787459   14.436499    5.117904    0.145417    6.113492
    0.554726    0.707407   -0.114817    0.294367    0.145991        5.228333       -2.787459   14.504012    5.141603    0.145417    6.113492
    0.557214    0.709182   -0.119245    0.287842    0.153803        5.228327       -2.787460   14.571691    5.165407    0.145417    6.113492
    0.559701    0.711024   -0.123571    0.281079    0.161744        5.228321       -2.787460   14.639542    5.189321    0.145417    6.113492
    0.562189    0.712931   -0.127793    0.274084    0.169814        5.228316       -2.787460   14.707573    5.213348    0.145417    6.113492
    0.564677    0.714900   -0.131906    0.266862    0.178013        5.228310       -2.787460   14.775789    5.237493    0.145417    6.113492
    0.567164    0.716931   -0.135908    0.259419    0.186342        5.228304       -2.787461   14.844197    5.261760    0.145417    6.113492
    0.569652    0.719021   -0.139795    0.251761    0.194797        5.228298       -2.787461   14.912801    5.286154    0.145417    6.113492
    0.572139    0.721168   -0.143565    0.243894    0.203379        5.228293       -2.787461   14.981607    5.310680    0.145417    6.113492
    0.574627    0.723372   -0.147212    0.235825    0.212084        5.228287       -2.787461   15.050622    5.335340    0.145417    6.113492
    0.577114    0.725629   -0.150736    0.227558    0.220910        5.228281       -2.787462   15.119849    5.360140    0.145417    6.113492
    0.579602    0.727938   -0.154133    0.219099    0.229855        5.228275       -2.787462   15.189295    5.385083    0.145417    6.113492
    0.582090    0.730298   -0.157399    0.210455    0.238914        5.228269       -2.787462   15.258964    5.410174    0.145417    6.113492
    0.584577    0.732705   -0.160533    0.201632    0.248084        5.228263       -2.787462   15.328860    5.435416    0.145417    6.113492
    0.587065    0.735159   -0.163531    0.192634    0.257360        5.228257       -2.787462   15.398989    5.460813    0.145417    6.113492
    0.589552    0.737656   -0.166391    0.183469    0.266740        5.228251       -2.787463   15.469355    5.486370    0.145417    6.113492
    0.592040    0.740196   -0.169111    0.174140    0.276216        5.228245       -2.787463   15.539961    5.512090    0.145417    6.113492
    0.594527    0.742775   -0.171687    0.164655    0.285785        5.228239       -2.787463   15.610811    5.537977    0.145417    6.113492
    0.597015    0.745391   -0.174118    0.155018    0.295441        5.228233       -2.787463   15.681910    5.564034    0.145417    6.113492
    0.599502    0.748043   -0.176401    0.145235    0.305179        5.228227       -2.787463   15.753261    5.590265    0.145417    6.113492
    0.601990    0.750728   -0.178534    0.135311    0.314991        5.228220       -2.787463   15.824866    5.616674    0.145417    6.113492
    0.604478    0.753444   -0.180516    0.125251    0.324873        5.228214       -2.787463   15.896730    5.643263    0.145417    6.113492
    0.606965    0.756188   -0.182343    0.115060    0.334818        5.228208       -2.787463   15.968855    5.670037    0.145417    6.113492
    0.609453    0.758958   -0.184015    0.104744    0.344819        5.228202       -2.787464   16.041243    5.696998    0.145417    6.113492
    0.611940    0.761752   -0.185529    0.094307    0.354870        5.228196       -2.787464   16.113896    5.724149    0.145417    6.113492
    0.614428    0.764568   -0.186883    0.083755    0.364963        5.228189       -2.787464   16.186818    5.751493    0.145417    6.113492
    0.616915    0.767403   -0.188075    0.073091    0.375093        5.228183       -2.787464   16.260010    5.779034    0.145417    6.113492
    0.619403    0.770254   -0.189105    0.062320    0.385252        5.228177       -2.787464   16.333474    5.806773    0.145417    6.113492
    0.621891    0.773119   -0.189970    0.051447    0.395432        5.228170       -2.787464   16.407210    5.834715    0.145417    6.113492
    0.624378    0.775996   -0.190670    0.040476    0.405627        5.228164       -2.787464   16.481221    5.862860    0.145417    6.113492
    0.626866    0.778883   -0.191201    0.029411    0.415829        5.228158       -2.787464   16.555508    5.891212    0.145417    6.113492
    0.629353    0.781776   -0.191564    0.018257    0.426031        5.228151       -2.787464   16.630070    5.919772    0.145417    6.113492
    0.631841    0.784673   -0.191756    0.007018    0.436226        5.228145       -2.787464   16.704910    5.948543    0.145417    6.113492
    0.634328    0.787571   -0.191777   -0.004303    0.446406        5.228139       -2.787464   16.780026    5.977527    0.145417    6.113492
    0.636816    0.790469   -0.191625   -0.015702    0.456564        5.228133       -2.787463   16.855419    6.006726    0.145417    6.113492
    0.639303    0.793363   -0.191299   -0.027175    0.466693        5.228127       -2.787463   16.931089    6.036140    0.145417    6.113492
    0.641791    0.796251   -0.190798   -0.038717    0.476786        5.228121       -2.787463   17.007035    6.065772    0.145417    6.113492
    0.644279    0.799130   -0.190121   -0.050327    0.486835        5.228115       -2.787463   17.083256    6.095623    0.145417    6.113492
    0.646766    0.801998   -0.189267   -0.062000    0.496833        5.228109       -2.787463   17.159753    6.125694    0.145417    6.113492
    0.649254    0.804852   -0.188235   -0.073733    0.506773        5.228103       -2.787462   17.236522    6.155986    0.145417    6.113492
    0.651741    0.807689   -0.187024   -0.085522    0.516648        5.228097       -2.787462   17.313564    6.186499    0.145417    6.113492
    0.654229    0.810506   -0.185633   -0.097365    0.526451        5.228091       -2.787462   17.390875    6.217234    0.145417    6.113492
    0.656716    0.813302   -0.184062   -0.109257    0.536175        5.228086       -2.787461   17.468455    6.248191    0.145417    6.113492
    0.659204    0.816072   -0.182310   -0.121197    0.545814        5.228081       -2.787461   17.546301    6.279370    0.145417    6.113492
    0.661692    0.818815   -0.180376   -0.133182    0.555360        5.228075       -2.787461   17.624410    6.310772    0.145417    6.113492
    0.664179    0.821528   -0.178259   -0.145207    0.564808        5.228071       -2.787460   17.702780    6.342395    0.145417    6.113492
    0.666667    0.824207   -0.175959   -0.157271    0.574150        5.228066       -2.787460   17.781408    6.374239    0.145417    6.113492
    0.669154    0.826851   -0.173475   -0.169370    0.583381        5.228061       -2.787459   17.860289    6.406303    0.145417    6.113492
    0.671642    0.829456   -0.170807   -0.181502    0.592494        5.228057       -2.787458   17.939422    6.438586    0.145417    6.113492
    0.674129    0.832020   -0.167955   -0.193664    0.601483        5.228053       -2.787458   18.018802    6.471086    0.145417    6.113492
    0.676617    0.834540   -0.164917   -0.205853    0.610343        5.228050       -2.787457   18.098424    6.503801    0.145417    6.113492
    0.679104    0.837012   -0.161693   -0.218067    0.619066        5.228047       -2.787456   18.178285    6.536730    0.145417    6.113492
    0.681592    0.839435   -0.158284   -0.230304    0.627648        5.228044       -2.787456   18.258380    6.569871    0.145417    6.113492
    0.684080    0.841806   -0.154689   -0.242560    0.636084        5.228042       -2.787455   18.338704    6.603219    0.145417    6.113492
    0.686567    0.844121   -0.150907   -0.254833    0.644367        5.228040       -2.787454   18.419252    6.636773    0.145417    6.113492
    0.689055    0.846377   -0.146938   -0.267121    0.652492        5.228038       -2.787453   18.500019    6.670529    0.145417    6.113492
    0.691542    0.848573   -0.142782   -0.279422    0.660455        5.228037       -2.787452   18.580998    6.704484    0.145417    6.113492
    0.694030    0.850704   -0.138439   -0.291733    0.668250        5.228037       -2.787451   18.662184    6.738633    0.145417    6.113492
    0.696517    0.852769   -0.133909   -0.304051    0.675872        5.228037       -2.787450   18.743570    6.772972    0.145417    6.113492
    0.699005    0.854764   -0.129191   -0.316375    0.683317        5.228038       -2.787449   18.825150    6.807497    0.145417    6.113492
    0.701493    0.856687   -0.124286   -0.328702    0.690581        5.228040       -2.787447   18.906918    6.842202    0.145417    6.113492
    0.703980    0.858534   -0.119193   -0.341030    0.697658        5.228042       -2.787446   18.988865    6.877081    0.145417    6.113492
    0.706468    0.860302   -0.113913   -0.353356    0.704544        5.228045       -2.787445   19.070986    6.912130    0.145417    6.113492
    0.708955    0.861990   -0.108446   -0.365679    0.711237        5.228048       -2.787443   19.153271    6.947341    0.145417    6.113492
    0.711443    0.863593   -0.102791   -0.377996    0.717730        5.228053       -2.787442   19.235714    6.982709    0.145417    6.113492
    0.713930    0.865110   -0.096949   -0.390305    0.724022        5.228058       -2.787440   19.318306    7.018225    0.145417    6.113492
    0.716418    0.866537   -0.090920   -0.402604    0.730107        5.228063       -2.787438   19.401038    7.053883    0.145417    6.113492
    0.718905    0.867870   -0.084704   -0.414890    0.735982        5.228070       -2.787437   19.483903    7.089675    0.145417    6.113492
    0.721393    0.869109   -0.078301   -0.427162    0.741645        5.228077       -2.787435   19.566890    7.125593    0.145417    6.113492
    0.723881    0.870249   -0.071712   -0.439418    0.747092        5.228085       -2.787433   19.649991    7.161627    0.145417    6.113492
    0.726368    0.871287   -0.064936   -0.451654    0.752319        5.228093       -2.787431   19.733196    7.197769    0.145417    6.113492
    0.728856    0.872221   -0.057974   -0.463870    0.757324        5.228103       -2.787430   19.816496    7.234009    0.145417    6.113492
    0.731343    0.873048   -0.050827   -0.476063    0.762104        5.228112       -2.787428   19.899879    7.270337    0.145417    6.113492
    0.733831    0.873766   -0.043495   -0.488231    0.766656        5.228123       -2.787426   19.983336    7.306743    0.145417    6.113492
    0.736318    0.874370   -0.035978   -0.500372    0.770977        5.228133       -2.787424   20.066857    7.343216    0.145417    6.113492
    0.738806    0.874859   -0.028276   -0.512484    0.775066        5.228145       -2.787422   20.150430    7.379744    0.145417    6.113492
    0.741294    0.875229   -0.020390   -0.524565    0.778920        5.228156       -2.787420   20.234044    7.416316    0.145417    6.113492
    0.743781    0.875478   -0.012321   -0.536612    0.782537        5.228168       -2.787418   20.317687    7.452921    0.145417    6.113492
    0.746269    0.875603   -0.004069   -0.548625    0.785914        5.228180       -2.787416   20.401348    7.489544    0.145417    6.113492
    0.748756    0.875601    0.004365   -0.560599    0.789051        5.228192       -2.787413   20.485015    7.526174    0.145417    6.113492
    0.751244    0.875469    0.012981   -0.572535    0.791944        5.228204       -2.787411   20.568676    7.562797    0.145417    6.113492
    0.753731    0.875205    0.021779   -0.584429    0.794593        5.228215       -2.787409   20.652318    7.599399    0.145417    6.113492
    0.756219    0.874806    0.030757   -0.596280    0.796996        5.228227       -2.787407   20.735928    7.635967    0.145417    6.113492
    0.758706    0.874269    0.039915   -0.608085    0.799152        5.228238       -2.787405   20.819494    7.672485    0.145417    6.113492
    0.761194    0.873591    0.049252   -0.619843    0.801059        5.228249       -2.787403   20.903001    7.708939    0.145417    6.113492
    0.763682    0.872771    0.058767   -0.631552    0.802716        5.228259       -2.787401   20.986437    7.745314    0.145417    6.113492
    0.766169    0.871804    0.068460   -0.643209    0.804123        5.228268       -2.787399   21.069788    7.781593    0.145417    6.113492
    0.768657    0.870689    0.078330   -0.654813    0.805277        5.228277       -2.787398   21.153039    7.817762    0.145417    6.113492
    0.771144    0.869423    0.088376   -0.666361    0.806180        5.228285       -2.787396   21.236177    7.853804    0.145417    6.113492
    0.773632    0.868004    0.098598   -0.677853    0.806829        5.228293       -2.787394   21.319186    7.889703    0.145417    6.113492
    0.776119    0.866428    0.108993   -0.689284    0.807225        5.228299       -2.787392   21.402052    7.925441    0.145417    6.113492
    0.778607    0.864694    0.119562   -0.700655    0.807366        5.228305       -2.787391   21.484760    7.961003    0.145417    6.113492
    0.781095    0.862800    0.130304   -0.711962    0.807254        5.228309       -2.787389   21.567295    7.996370    0.145417    6.113492
    0.783582    0.860742    0.141216   -0.723205    0.806886        5.228313       -2.787388   21.649641    8.031526    0.145417    6.113492
    0.786070    0.858518    0.152300   -0.734380    0.806264        5.228316       -2.787386   21.731782    8.066452    0.145417    6.113492
    0.788557    0.856126    0.163553   -0.745486    0.805388        5.228318       -2.787385   21.813703    8.101132    0.145417    6.113492
    0.791045    0.853565    0.174974   -0.756521    0.804257        5.228319       -2.787384   21.895387    8.135547    0.145417    6.113492
    0.793532    0.850831    0.186562   -0.767483    0.802872        5.228320       -2.787383   21.976818    8.169680    0.145417    6.113492
    0.796020    0.847923    0.198317   -0.778371    0.801233        5.228319       -2.787382   22.057980    8.203513    0.145417    6.113492
    0.798507    0.844838    0.210236   -0.789182    0.799340        5.228318       -2.787381   22.138855    8.237028    0.145417    6.113492
    0.800995    0.841575    0.222319   -0.799915    0.797195        5.228316       -2.787380   22.219427    8.270206    0.145417    6.113492
    0.803483    0.838131    0.234565   -0.810567    0.794797        5.228314       -2.787379   22.299679    8.303031    0.145417    6.113492
    0.805970    0.834505    0.246973   -0.821137    0.792149        5.228311       -2.787378   22.379593    8.335484    0.145417    6.113492
    0.808458    0.830695    0.259540   -0.831623    0.789249        5.228307       -2.787378   22.459152    8.367549    0.145417    6.113492
    0.810945    0.826699    0.272266   -0.842023    0.786100        5.228303       -2.787377   22.538337    8.399207    0.145417    6.113492
    0.813433    0.822515    0.285150   -0.852336    0.782702        5.228299       -2.787376   22.617132    8.430441    0.145417    6.113492
    0.815920    0.818142    0.298190   -0.862559    0.779058        5.228294       -2.787376   22.695519    8.461235    0.145417    6.113492
    0.818408    0.813579    0.311385   -0.872691    0.775166        5.228289       -2.787376   22.773478    8.491572    0.145417    6.113492
    0.820896    0.808823    0.324733   -0.882730    0.771031        5.228284       -2.787375   22.850992    8.521436    0.145417    6.113492
    0.823383    0.803874    0.338233   -0.892674    0.766652        5.228278       -2.787375   22.928042    8.550810    0.145417    6.113492
    0.825871    0.798730    0.351883   -0.902521    0.762031        5.228273       -2.787375   23.004610    8.579680    0.145417    6.113492
    0.828358    0.793391    0.365683   -0.912271    0.757169        5.228267       -2.787374   23.080678    8.608030    0.145417    6.113492
    0.830846    0.787854    0.379630   -0.921920    0.752070        5.228261       -2.787374   23.156225    8.635845    0.145417    6.113492
    0.833333    0.782119    0.393723   -0.931468    0.746733        5.228255       -2.787374   23.231235    8.663113    0.145417    6.113492
    0.835821    0.776185    0.407960   -0.940913    0.741162        5.228249       -2.787374   23.305686    8.689819    0.145417    6.113492
    0.838308    0.770052    0.422341   -0.950253    0.735358        5.228243       -2.787374   23.379561    8.715952    0.145417    6.113492
    0.840796    0.763718    0.436862   -0.959486    0.729323        5.228237       -2.787374   23.452841    8.741498    0.145417    6.113492
    0.843284    0.757183    0.451523   -0.968611    0.723059        5.228232       -2.787374   23.525506    8.766446    0.145417    6.113492
    0.845771    0.750446    0.466322   -0.977627    0.716568        5.228226       -2.787374   23.597536    8.790787    0.145417    6.113492
    0.848259    0.743508    0.481258   -0.986531    0.709853        5.228220       -2.787375   23.668914    8.814510    0.145417    6.113492
    0.850746    0.736367    0.496327   -0.995322    0.702917        5.228215       -2.787375   23.739618    8.837606    0.145417    6.113492
    0.853234    0.729024    0.511530   -1.003999    0.695760        5.228210       -2.787375   23.809631    8.860068    0.145417    6.113492
    0.855721    0.721478    0.526864   -1.012560    0.688386        5.228205       -2.787375   23.878932    8.881888    0.145417    6.113492
    0.858209    0.713730    0.542327   -1.021003    0.680798        5.228200       -2.787375   23.947503    8.903059    0.145417    6.113492
    0.860697    0.705780    0.557917   -1.029328    0.672997        5.228195       -2.787376   24.015324    8.923577    0.145417    6.113492
    0.863184    0.697628    0.573634   -1.037532    0.664987        5.228190       -2.787376   24.082375    8.943437    0.145417    6.113492
    0.865672    0.689274    0.589474   -1.045615    0.656771        5.228185       -2.787376   24.148638    8.962637    0.145417    6.113492
    0.868159    0.680720    0.605436   -1.053575    0.648351        5.228181       -2.787376   24.214093    8.981172    0.145417    6.113492
    0.870647    0.671965    0.621518   -1.061410    0.639729        5.228177       -2.787377   24.278721    8.999043    0.145417    6.113492
    0.873134    0.663010    0.637718   -1.069119    0.630910        5.228173       -2.787377   24.342503    9.016250    0.145417    6.113492
    0.875622    0.653857    0.654035   -1.076701    0.621895        5.228169       -2.787378   24.405419    9.032792    0.145417    6.113492
    0.878109    0.644506    0.670466   -1.084154    0.612688        5.228165       -2.787378   24.467452    9.048672    0.145417    6.113492
    0.880597    0.634958    0.687009   -1.091478    0.603293        5.228162       -2.787378   24.528582    9.063892    0.145417    6.113492
    0.883085    0.625216    0.703663   -1.098671    0.593711        5.228158       -2.787379   24.588790    9.078458    0.145417    6.113492
    0.885572    0.615280    0.720425   -1.105731    0.583946        5.228155       -2.787379   24.648058    9.092374    0.145417    6.113492
    0.888060    0.605151    0.737294   -1.112658    0.574002        5.228152       -2.787379   24.706367    9.105645    0.145417    6.113492
    0.890547    0.594832    0.754266   -1.119450    0.563882        5.228149       -2.787380   24.763699    9.118281    0.145417    6.113492
    0.893035    0.584325    0.771341   -1.126106    0.553589        5.228146       -2.787380   24.820037    9.130287    0.145417    6.113492
    0.895522    0.573631    0.788517   -1.132626    0.543126        5.228143       -2.787381   24.875361    9.141675    0.145417    6.113492
    0.898010    0.562752    0.805790   -1.139007    0.532497        5.228141       -2.787381   24.929655    9.152454    0.145417    6.113492
    0.900498    0.551690    0.823159   -1.145249    0.521706        5.228138       -2.787381   24.982900    9.162636    0.145417    6.113492
    0.902985    0.540449    0.840622   -1.151351    0.510755        5.228136       -2.787382   25.035080    9.172232    0.145417    6.113492
    0.905473    0.529030    0.858177   -1.157311    0.499648        5.228134       -2.787382   25.086177    9.181256    0.145417    6.113492
    0.907960    0.517436    0.875822   -1.163129    0.488390        5.228132       -2.787383   25.136175    9.189722    0.145417    6.113492
    0.910448    0.505670    0.893554   -1.168804    0.476983        5.228130       -2.787383   25.185057    9.197644    0.145417    6.113492
    0.912935    0.493734    0.911371   -1.174335    0.465431        5.228128       -2.787384   25.232806    9.205038    0.145417    6.113492
    0.915423    0.481632    0.929271   -1.179721    0.453737        5.228126       -2.787384   25.279407    9.211920    0.145417    6.113492
    0.917910    0.469367    0.947252   -1.184960    0.441906        5.228124       -2.787385   25.324843    9.218308    0.145417    6.113492
    0.920398    0.456942    0.965311   -1.190053    0.429942        5.228123       -2.787385   25.369100    9.224218    0.145417    6.113492
    0.922886    0.444360    0.983447   -1.194997    0.417847        5.228121       -2.787385   25.412162    9.229669    0.145417    6.113492
    0.925373    0.431625    1.001657   -1.199793    0.405627        5.228120       -2.787386   25.454015    9.234680    0.145417    6.113492
    0.927861    0.418740    1.019938   -1.204440    0.393283        5.228119       -2.787386   25.494644    9.239269    0.145417    6.113492
    0.930348    0.405710    1.038289   -1.208936    0.380822        5.228117       -2.787387   25.534034    9.243456    0.145417    6.113492
    0.932836    0.392537    1.056708   -1.213281    0.368245        5.228116       -2.787387   25.572172    9.247261    0.145417    6.113492
    0.935323    0.379227    1.075191   -1.217475    0.355558        5.228115       -2.787388   25.609046    9.250703    0.145417    6.113492
    0.937811    0.365783    1.093737   -1.221516    0.342764        5.228114       -2.787388   25.644641    9.253802    0.145417    6.113492
    0.940299    0.352209    1.112343   -1.225404    0.329867        5.228113       -2.787389   25.678945    9.256580    0.145417    6.113492
    0.942786    0.338510    1.131007   -1.229138    0.316871        5.228112       -2.787389   25.711946    9.259055    0.145417    6.113492
    0.945274    0.324689    1.149727   -1.232718    0.303780        5.228111       -2.787390   25.743632    9.261248    0.145417    6.113492
    0.947761    0.310753    1.168500   -1.236143    0.290598        5.228111       -2.787390   25.773992    9.263179    0.145417    6.113492
    0.950249    0.296704    1.187324   -1.239413    0.277330        5.228110       -2.787390   25.803015    9.264867    0.145417    6.113492
    0.952736    0.282548    1.206197   -1.242526    0.263978        5.228109       -2.787391   25.830690    9.266333    0.145417    6.113492
    0.955224    0.268289    1.225115   -1.245483    0.250547        5.228108       -2.787391   25.857008    9.267594    0.145417    6.113492
    0.957711    0.253933    1.244078   -1.248283    0.237042        5.228108       -2.787392   25.881959    9.268669    0.145417    6.113492
    0.960199    0.239485    1.263081   -1.250925    0.223466        5.228107       -2.787392   25.905533    9.269577    0.145417    6.113492
    0.962687    0.224948    1.282124   -1.253410    0.209823        5.228107       -2.787393   25.927723    9.270335    0.145417    6.113492
    0.965174    0.210329    1.301204   -1.255736    0.196118        5.228106       -2.787393   25.948519    9.270959    0.145417    6.113492
    0.967662    0.195633    1.320317   -1.257903    0.182354        5.228106       -2.787394   25.967915    9.271466    0.145417    6.113492
    0.970149    0.180865    1.339462   -1.259911    0.168536        5.228106       -2.787394   25.985904    9.271870    0.145417    6.113492
    0.972637    0.166030    1.358637   -1.261760    0.154668        5.228105       -2.787395   26.002478    9.272187    0.145417    6.113492
    0.975124    0.151133    1.377838   -1.263449    0.140754        5.228105       -2.787395   26.017631    9.272429    0.145417    6.113492
    0.977612    0.136181    1.397064   -1.264978    0.126798        5.228105       -2.787396   26.031358    9.272610    0.145417    6.113492
    0.980100    0.121178    1.416312   -1.266346    0.112804        5.228104       -2.787396   26.043654    9.272739    0.145417    6.113492
    0.982587    0.106129    1.435580   -1.267555    0.098777        5.228104       -2.787397   26.054514    9.272829    0.145417    6.113492
    0.985075    0.091042    1.454865   -1.268602    0.084721        5.228104       -2.787397   26.063935    9.272887    0.145417    6.113492
    0.987562    0.075920    1.474164   -1.269489    0.070639        5.228104       -2.787398   26.071912    9.272923    0.145417    6.113492
    0.990050    0.060770    1.493476   -1.270214    0.056536        5.228104       -2.787398   26.078443    9.272942    0.145417    6.113492
    0.992537    0.045597    1.512797   -1.270779    0.042417        5.228104       -2.787399   26.083525    9.272952    0.145417    6.113492
    0.995025    0.030408    1.532126   -1.271182    0.028285        5.228104       -2.787400   26.087156    9.272955    0.145417    6.113492
    0.997512    0.015207    1.551460   -1.271424    0.014145        5.228104       -2.787400   26.089336    9.272956    0.145417    6.113492
    1.000000    0.000000    1.570796   -1.271505    0.000000        5.228104       -2.787401   26.090062    9.272956    0.145417    6.113492
