           t           r         psi          cs          qs               p             sig           A           V          Q2           S
    0.000000    0.000000   -1.570796    0.095686    0.000000       26.794070      236.393322    0.000000    0.000000    0.145674    7.712342
    0.009804    0.075610   -1.578504    0.114389   -0.664364       27.026881      209.573694    0.017961   -0.000003    0.145674    7.712342
    0.019608    0.151215   -1.589180    0.177207   -1.603793       27.904543      184.028599    0.071841   -0.000046    0.145674    7.712342
    0.029412    0.226799   -1.607249    0.318599   -3.361406       29.979364      159.492902    0.161636   -0.000285    0.145674    7.712342
    0.039216    0.302306   -1.641183    0.613546   -6.677552       34.586786      135.742872    0.287324   -0.001174    0.145674    7.712342
    0.049020    0.377528   -1.707117    1.191642  -12.467336       44.922027      112.612585    0.448832   -0.003984    0.145674    7.712342
    0.058824    0.451690   -1.833124    2.235707  -21.308355       68.414657       90.028769    0.645876   -0.011978    0.145674    7.712342
    0.068627    0.522143   -2.061477    3.919266  -31.883267      120.947597       68.075010    0.877446   -0.032450    0.145674    7.712342
    0.078431    0.581230   -2.441507    6.206035  -37.815333      229.177518       47.041116    1.140246   -0.077527    0.145674    7.712342
    0.088235    0.612701   -2.999816    8.449456  -24.772595      409.678171       27.124307    1.425361   -0.154290    0.145674    7.712342
    0.098039    0.598478   -3.676323    8.956083   22.074302      609.309417        7.510048    1.715039   -0.239363    0.145674    7.712342
    0.107843    0.542786   -4.247001    5.229574   94.876396      732.060442      -13.110110    1.987286   -0.291090    0.145674    7.712342
    0.117647    0.472407   -4.304708   -4.928220  172.813324      788.264220      -34.830808    2.228512   -0.313502    0.145674    7.712342
    0.127451    0.420839   -3.361305  -19.379879  105.302326      875.454632      -57.203052    2.438662   -0.344494    0.145674    7.712342
    0.137255    0.455521   -1.959011  -13.402296 -173.475805      974.746410      -79.669427    2.643260   -0.378997    0.145674    7.712342
    0.147059    0.530240   -1.493681    0.142236 -134.070207      983.726604     -101.565286    2.877275   -0.382277    0.145674    7.712342
    0.156863    0.605551   -1.770817    5.568684  -14.293127      989.643956     -122.275554    3.147105   -0.384833    0.145674    7.712342
    0.166667    0.675302   -2.086963    1.334114  108.044591     1076.700533     -140.450811    3.451716   -0.421938    0.145674    7.712342
    0.176471    0.743222   -1.823390   -8.614857  142.940603     1197.273228     -153.022626    3.788352   -0.473041    0.145674    7.712342
    0.186275    0.814945   -0.894973  -14.171012    8.114111     1148.560401     -149.070462    4.158999   -0.446730    0.145674    7.712342
    0.196078    0.843255    0.027075   -8.882626 -109.689385     1015.022971     -112.640224    4.555388   -0.299432    0.145674    7.712342
    0.205882    0.824068    0.387476   -0.934846  -88.726145      870.859580      -75.074253    4.952481   -0.139806    0.145674    7.712342
    0.215686    0.798119    0.254815    3.730620  -31.095394      612.139512      -57.890916    5.337425    0.006505    0.145674    7.712342
    0.225490    0.790867   -0.066064    4.090812   19.147744      305.628340      -50.365825    5.713904    0.154319    0.145674    7.712342
    0.235294    0.805462   -0.291681    1.635240   37.845135        8.022000      -40.790484    6.092427    0.301928    0.145674    7.712342
    0.245098    0.829089   -0.310873   -0.961425   25.983544     -233.428075      -19.099565    6.480647    0.452605    0.145674    7.712342
    0.254902    0.848171   -0.186206   -2.035385    2.749595     -350.009263       22.234550    6.879430    0.614468    0.145674    7.712342
    0.264706    0.856555   -0.041917   -1.604301  -11.398977     -309.062044       81.144968    7.284803    0.786201    0.145674    7.712342
    0.274510    0.856025    0.043957   -0.666307  -11.630697     -210.540602      145.507004    7.691866    0.960534    0.145674    7.712342
    0.284314    0.851552    0.065786    0.019400   -6.158228     -160.642279      205.323090    8.097546    1.133438    0.145674    7.712342
    0.294118    0.846991    0.051390    0.302634   -1.515138     -179.597088      258.304233    8.500973    1.304415    0.145674    7.712342
    0.303922    0.844032    0.026692    0.320877    0.818757     -245.677886      306.272665    8.902583    1.474032    0.145674    7.712342
    0.313725    0.842856    0.005610    0.227950    1.494296     -334.229516      351.730692    9.303223    1.642941    0.145674    7.712342
    0.323529    0.842976   -0.007376    0.117252    1.346125     -427.761792      396.619661    9.703636    1.811680    0.145674    7.712342
    0.333333    0.843778   -0.012737    0.029994    0.912194     -515.992920      442.115759   10.104291    1.980615    0.145674    7.712342
    0.343137    0.844768   -0.012782   -0.023187    0.469598     -594.286578      488.737018   10.505387    2.149918    0.145674    7.712342
    0.352941    0.845640   -0.009991   -0.046368    0.134205     -662.067877      536.530055   10.906935    2.319605    0.145674    7.712342
    0.362745    0.846257   -0.006292   -0.048861   -0.068902     -721.261855      585.266555   11.308838    2.489599    0.145674    7.712342
    0.372549    0.846599   -0.002884   -0.040070   -0.159977     -774.851396      634.612312   11.710969    2.659789    0.145674    7.712342
    0.382353    0.846715   -0.000333   -0.027200   -0.174974     -825.780760      684.245481   12.113206    2.830070    0.145674    7.712342
    0.392157    0.846674    0.001242   -0.014751   -0.148370     -876.334832      733.919105   12.515457    3.000364    0.145674    7.712342
    0.401961    0.846549    0.001966   -0.004927   -0.105817     -927.946382      783.478710   12.917667    3.170623    0.145674    7.712342
    0.411765    0.846393    0.002069    0.001645   -0.063119     -981.279695      832.852320   13.319808    3.340823    0.145674    7.712342
    0.421569    0.846245    0.001792    0.005241   -0.028142    -1036.435713      882.028539   13.721875    3.510961    0.145674    7.712342
    0.431373    0.846126    0.001335    0.006536   -0.003444    -1093.172630      931.033137   14.123879    3.681045    0.145674    7.712342
    0.441176    0.846044    0.000842    0.006292    0.011455    -1151.088981      979.909438   14.525835    3.851089    0.145674    7.712342
    0.450980    0.845998    0.000405    0.005184    0.018451    -1209.752973     1028.704297   14.927761    4.021107    0.145674    7.712342
    0.460784    0.845980    0.000067    0.003732    0.019847    -1268.781061     1077.459461   15.329671    4.191112    0.145674    7.712342
    0.470588    0.845985   -0.000160    0.002288    0.017786    -1327.876308     1126.207300   15.731579    4.361116    0.145674    7.712342
    0.480392    0.846002   -0.000284    0.001056    0.014000    -1386.838414     1174.969660   16.133493    4.531124    0.145674    7.712342
    0.490196    0.846026   -0.000327    0.000125    0.009733    -1445.555991     1223.758680   16.535416    4.701140    0.145674    7.712342
    0.500000    0.846050   -0.000311   -0.000492    0.005781    -1503.989489     1272.578661   16.937351    4.871166    0.145674    7.712342
    0.509804    0.846072   -0.000260   -0.000832    0.002567    -1562.150874     1321.428287   17.339297    5.041201    0.145674    7.712342
    0.519608    0.846089   -0.000191   -0.000957    0.000250    -1620.084120     1370.302759   17.741252    5.211245    0.145674    7.712342
    0.529412    0.846101   -0.000119   -0.000932   -0.001193    -1677.848844     1419.195578   18.143215    5.381294    0.145674    7.712342
    0.539216    0.846107   -0.000052   -0.000821   -0.001882    -1735.508106     1468.099876   18.545181    5.551347    0.145674    7.712342
    0.549020    0.846109    0.000004   -0.000674   -0.001976    -1793.120486     1517.009276   18.947149    5.721401    0.145674    7.712342
    0.558824    0.846107    0.000050   -0.000532   -0.001635    -1850.735953     1565.918341   19.349118    5.891455    0.145674    7.712342
    0.568627    0.846101    0.000086   -0.000424   -0.000996    -1908.394840     1614.822680   19.751084    6.061508    0.145674    7.712342
    0.578431    0.846094    0.000115   -0.000369   -0.000155    -1966.129105     1663.718815   20.153047    6.231558    0.145674    7.712342
    0.588235    0.846084    0.000143   -0.000380    0.000835    -2023.965223     1712.603861   20.555007    6.401605    0.145674    7.712342
    0.598039    0.846072    0.000175   -0.000468    0.001962    -2081.928174     1761.475098   20.956961    6.571647    0.145674    7.712342
    0.607843    0.846057    0.000216   -0.000644    0.003262    -2140.046219     1810.329445   21.358908    6.741684    0.145674    7.712342
    0.617647    0.846039    0.000275   -0.000921    0.004808    -2198.356373     1859.162866   21.760848    6.911714    0.145674    7.712342
    0.627451    0.846015    0.000359   -0.001321    0.006721    -2256.910686     1907.969682   22.162778    7.081736    0.145674    7.712342
    0.637255    0.845984    0.000478   -0.001874    0.009165    -2315.783628     1956.741763   22.564695    7.251747    0.145674    7.712342
    0.647059    0.845942    0.000647   -0.002623    0.012360    -2375.081104     2005.467539   22.966595    7.421743    0.145674    7.712342
    0.656863    0.845884    0.000882   -0.003631    0.016594    -2434.951762     2054.130749   23.368471    7.591720    0.145674    7.712342
    0.666667    0.845806    0.001205   -0.004980    0.022239    -2495.601503     2102.708832   23.770316    7.761669    0.145674    7.712342
    0.676471    0.845699    0.001646   -0.006783    0.029771    -2557.312256     2151.170821   24.172116    7.931582    0.145674    7.712342
    0.686275    0.845553    0.002246   -0.009193    0.039809    -2620.466288     2199.474586   24.573858    8.101443    0.145674    7.712342
    0.696078    0.845354    0.003056   -0.012408    0.053138    -2685.577423     2247.563240   24.975517    8.271236    0.145674    7.712342
    0.705882    0.845084    0.004149   -0.016687    0.070762    -2753.330499     2295.360475   25.377067    8.440935    0.145674    7.712342
    0.715686    0.844717    0.005615   -0.022369    0.093936    -2824.630075     2342.764619   25.778466    8.610506    0.145674    7.712342
    0.725490    0.844222    0.007578   -0.029887    0.124212    -2900.658351     2389.641178   26.179661    8.779904    0.145674    7.712342
    0.735294    0.843555    0.010195   -0.039791    0.163456    -2982.940299     2435.813757   26.580583    8.949067    0.145674    7.712342
    0.745098    0.842659    0.013672   -0.052765    0.213833    -3073.410122     2481.053408   26.981136    9.117914    0.145674    7.712342
    0.754902    0.841459    0.018273   -0.069652    0.277718    -3174.466857     2525.066872   27.381195    9.286335    0.145674    7.712342
    0.764706    0.839859    0.024329   -0.091449    0.357493    -3288.997292     2567.484820   27.780592    9.454183    0.145674    7.712342
    0.774510    0.837734    0.032254   -0.119302    0.455164    -3420.331573     2607.852243   28.179111    9.621265    0.145674    7.712342
    0.784314    0.834923    0.042554   -0.154450    0.571755    -3572.083344     2645.624475   28.576464    9.787321    0.145674    7.712342
    0.794118    0.831226    0.055826   -0.198131    0.706477    -3747.818609     2680.173880   28.972279    9.952011    0.145674    7.712342
    0.803922    0.826393    0.072758   -0.251411    0.855755    -3950.508882     2710.813230   29.366080   10.114890    0.145674    7.712342
    0.813725    0.820123    0.094104   -0.314963    1.012405    -4181.771997     2736.841188   29.757257   10.275379    0.145674    7.712342
    0.823529    0.812055    0.120647   -0.388803    1.165406    -4441.000184     2757.611623   30.145042   10.432739    0.145674    7.712342
    0.833333    0.801776    0.153138   -0.472055    1.300796    -4724.604322     2772.620821   30.528487   10.586042    0.145674    7.712342
    0.843137    0.788828    0.192223   -0.562836    1.403964    -5025.701978     2781.596388   30.906434   10.734154    0.145674    7.712342
    0.852941    0.772720    0.238371   -0.658345    1.462940    -5334.544587     2784.563396   31.277498   10.875736    0.145674    7.712342
    0.862745    0.752957    0.291813   -0.755195    1.471572    -5639.752215     2781.863546   31.640061   11.009273    0.145674    7.712342
    0.872549    0.729064    0.352519   -0.849900    1.431209    -5930.072799     2774.115538   31.992272   11.133146    0.145674    7.712342
    0.882353    0.700617    0.420205   -0.939399    1.350078    -6196.114946     2762.125125   32.332066   11.245744    0.145674    7.712342
    0.892157    0.667275    0.494388   -1.021441    1.240736    -6431.512176     2746.770742   32.657194   11.345617    0.145674    7.712342
    0.901961    0.628804    0.574449   -1.094743    1.116812    -6633.258523     2728.895518   32.965270   11.431645    0.145674    7.712342
    0.911765    0.585089    0.659708   -1.158936    0.990325    -6801.311741     2709.228005   33.253826   11.503197    0.145674    7.712342
    0.921569    0.536150    0.749485   -1.214366    0.870249    -6937.780112     2688.339317   33.520369   11.560261    0.145674    7.712342
    0.931373    0.482140    0.843147   -1.261850    0.762255    -7046.026758     2666.631998   33.762449   11.603505    0.145674    7.712342
    0.941176    0.423342    0.940132   -1.302458    0.669228    -7129.913790     2644.350046   33.977720   11.634261    0.145674    7.712342
    0.950980    0.360163    1.039963   -1.337340    0.592044    -7193.273475     2621.599408   34.163997   11.654421    0.145674    7.712342
    0.960784    0.293121    1.142252   -1.367632    0.530287    -7239.598523     2598.371211   34.319319   11.666258    0.145674    7.712342
    0.970588    0.222838    1.246691   -1.394390    0.482612    -7271.900362     2574.563507   34.441994   11.672184    0.145674    7.712342
    0.980392    0.150022    1.353050   -1.418568    0.445758    -7292.678121     2550.000107   34.530648   11.674481    0.145674    7.712342
    0.990196    0.075459    1.461162   -1.440797    0.399604    -7303.954416     2524.446859   34.584262   11.675028    0.145674    7.712342
    1.000000    0.000000    1.570796   -1.456146    0.000000    -7307.370851     2497.626565   34.602205   11.675065    0.145674    7.712342
