           t           r         psi          cs          qs               p             sig           A           V          Q2           S
    0.000000   -0.000000   -1.570796   -1.280830    0.000000        4.834351       -2.688044    0.000000   -0.000000    0.131257    5.411316
    0.009804    0.053011   -1.502865   -1.279747   -0.054388        4.834351       -2.688046    0.008839    0.000008    0.131257    5.411316
    0.019608    0.105778   -1.435048   -1.276502   -0.108593        4.834351       -2.688048    0.035314    0.000127    0.131257    5.411316
    0.029412    0.158060   -1.367461   -1.271098   -0.162432        4.834350       -2.688049    0.079304    0.000636    0.131257    5.411316
    0.039216    0.209619   -1.300217   -1.263547   -0.215724        4.834348       -2.688051    0.140608    0.001985    0.131257    5.411316
    0.049020    0.260229   -1.233431   -1.253859   -0.268286        4.834347       -2.688053    0.218946    0.004771    0.131257    5.411316
    0.058824    0.309672   -1.167215   -1.242053   -0.319940        4.834344       -2.688055    0.313966    0.009711    0.131257    5.411316
    0.068627    0.357743   -1.101681   -1.228148   -0.370507        4.834341       -2.688057    0.425243    0.017601    0.131257    5.411316
    0.078431    0.404253   -1.036940   -1.212168   -0.419811        4.834337       -2.688058    0.552290    0.029281    0.131257    5.411316
    0.088235    0.449028   -0.973101   -1.194141   -0.467679        4.834332       -2.688060    0.694555    0.045599    0.131257    5.411316
    0.098039    0.491914   -0.910272   -1.174100   -0.513941        4.834326       -2.688062    0.851434    0.067364    0.131257    5.411316
    0.107843    0.532774   -0.848559   -1.152079   -0.558429        4.834319       -2.688063    1.022275    0.095319    0.131257    5.411316
    0.117647    0.571491   -0.788066   -1.128119   -0.600983        4.834310       -2.688065    1.206382    0.130107    0.131257    5.411316
    0.127451    0.607972   -0.728894   -1.102264   -0.641443        4.834300       -2.688067    1.403024    0.172245    0.131257    5.411316
    0.137255    0.642140   -0.671144   -1.074562   -0.679660        4.834287       -2.688068    1.611443    0.222112    0.131257    5.411316
    0.147059    0.673942   -0.614910   -1.045064   -0.715487        4.834272       -2.688070    1.830858    0.279932    0.131257    5.411316
    0.156863    0.703342   -0.560289   -1.013828   -0.748786        4.834255       -2.688071    2.060474    0.345778    0.131257    5.411316
    0.166667    0.730327   -0.507369   -0.980914   -0.779425        4.834236       -2.688072    2.299488    0.419567    0.131257    5.411316
    0.176471    0.754900   -0.456238   -0.946387   -0.807283        4.834214       -2.688073    2.547095    0.501078    0.131257    5.411316
    0.186275    0.777084   -0.406980   -0.910317   -0.832246        4.834190       -2.688074    2.802494    0.589960    0.131257    5.411316
    0.196078    0.796916   -0.359676   -0.872778   -0.854209        4.834165       -2.688074    3.064894    0.685755    0.131257    5.411316
    0.205882    0.814450   -0.314399   -0.833850   -0.873080        4.834139       -2.688074    3.333521    0.787912    0.131257    5.411316
    0.215686    0.829753   -0.271224   -0.793617   -0.888773        4.834115       -2.688073    3.607618    0.895813    0.131257    5.411316
    0.225490    0.842904   -0.230215   -0.752169   -0.901218        4.834094       -2.688071    3.886455    1.008793    0.131257    5.411316
    0.235294    0.853996   -0.191435   -0.709600   -0.910351        4.834078       -2.688068    4.169330    1.126164    0.131257    5.411316
    0.245098    0.863128   -0.154941   -0.666012   -0.916125        4.834070       -2.688065    4.455573    1.247226    0.131257    5.411316
    0.254902    0.870408   -0.120785   -0.621513   -0.918499        4.834072       -2.688060    4.744548    1.371295    0.131257    5.411316
    0.264706    0.875952   -0.089010   -0.576218   -0.917448        4.834084       -2.688055    5.035657    1.497710    0.131257    5.411316
    0.274510    0.879881   -0.059657   -0.530250   -0.912956        4.834106       -2.688049    5.328341    1.625848    0.131257    5.411316
    0.284314    0.882320   -0.032758   -0.483740   -0.905020        4.834136       -2.688043    5.622084    1.755134    0.131257    5.411316
    0.294118    0.883399   -0.008337   -0.436829   -0.893647        4.834171       -2.688036    5.916409    1.885043    0.131257    5.411316
    0.303922    0.883249    0.013587   -0.389669   -0.878857        4.834207       -2.688029    6.210885    2.015113    0.131257    5.411316
    0.313725    0.882002    0.033006   -0.342423   -0.860680        4.834241       -2.688022    6.505125    2.144940    0.131257    5.411316
    0.323529    0.879792    0.049921   -0.295269   -0.839158        4.834270       -2.688015    6.798785    2.274179    0.131257    5.411316
    0.333333    0.876752    0.064341   -0.248396   -0.814343        4.834293       -2.688009    7.091566    2.402547    0.131257    5.411316
    0.343137    0.873014    0.076286   -0.202011   -0.786297        4.834308       -2.688004    7.383213    2.529816    0.131257    5.411316
    0.352941    0.868709    0.085787   -0.156335   -0.755095        4.834316       -2.687999    7.673517    2.655812    0.131257    5.411316
    0.362745    0.863965    0.092890   -0.111608   -0.720823        4.834317       -2.687994    7.962309    2.780411    0.131257    5.411316
    0.372549    0.858908    0.097651   -0.068084   -0.683576        4.834312       -2.687991    8.249464    2.903534    0.131257    5.411316
    0.382353    0.853660    0.100140   -0.026035   -0.643465        4.834301       -2.687987    8.534898    3.025143    0.131257    5.411316
    0.392157    0.848339    0.100444    0.014252   -0.600613        4.834287       -2.687985    8.818568    3.145236    0.131257    5.411316
    0.401961    0.843057    0.098664    0.052479   -0.555158        4.834269       -2.687982    9.100467    3.263844    0.131257    5.411316
    0.411765    0.837922    0.094918    0.088338   -0.507252        4.834249       -2.687980    9.380627    3.381025    0.131257    5.411316
    0.421569    0.833033    0.089339    0.121515   -0.457068        4.834227       -2.687979    9.659114    3.496862    0.131257    5.411316
    0.431373    0.828485    0.082078    0.151700   -0.404792        4.834203       -2.687977    9.936025    3.611457    0.131257    5.411316
    0.441176    0.824361    0.073301    0.178590   -0.350632        4.834178       -2.687976   10.211489    3.724932    0.131257    5.411316
    0.450980    0.820738    0.063192    0.201899   -0.294814        4.834153       -2.687975   10.485660    3.837422    0.131257    5.411316
    0.460784    0.817681    0.051947    0.221364   -0.237580        4.834126       -2.687975   10.758716    3.949074    0.131257    5.411316
    0.470588    0.815245    0.039776    0.236757   -0.179191        4.834100       -2.687974   11.030854    4.060044    0.131257    5.411316
    0.480392    0.813474    0.026901    0.247891   -0.119922        4.834073       -2.687973   11.302291    4.170498    0.131257    5.411316
    0.490196    0.812400    0.013552    0.254625   -0.060059        4.834047       -2.687973   11.573253    4.280604    0.131257    5.411316
    0.500000    0.812041   -0.000036    0.256873    0.000101        4.834020       -2.687972   11.843975    4.390535    0.131257    5.411316
    0.509804    0.812403   -0.013624    0.254607    0.060259        4.833993       -2.687972   12.114698    4.500467    0.131257    5.411316
    0.519608    0.813482   -0.026972    0.247856    0.120116        4.833966       -2.687971   12.385662    4.610575    0.131257    5.411316
    0.529412    0.815256   -0.039844    0.236706    0.179376        4.833939       -2.687971   12.657102    4.721030    0.131257    5.411316
    0.539216    0.817696   -0.052012    0.221297    0.237754        4.833913       -2.687970   12.929245    4.832004    0.131257    5.411316
    0.549020    0.820756   -0.063253    0.201817    0.294972        4.833887       -2.687969   13.202306    4.943660    0.131257    5.411316
    0.558824    0.824383   -0.073358    0.178496    0.350773        4.833861       -2.687968   13.476483    5.056155    0.131257    5.411316
    0.568627    0.828509   -0.082129    0.151595    0.404912        4.833837       -2.687967   13.751955    5.169636    0.131257    5.411316
    0.578431    0.833060   -0.089384    0.121401    0.457164        4.833813       -2.687966   14.028875    5.284237    0.131257    5.411316
    0.588235    0.837951   -0.094957    0.088217    0.507323        4.833791       -2.687964   14.307371    5.400081    0.131257    5.411316
    0.598039    0.843088   -0.098697    0.052355    0.555201        4.833770       -2.687962   14.587541    5.517270    0.131257    5.411316
    0.607843    0.848371   -0.100470    0.014125    0.600628        4.833753       -2.687960   14.869451    5.635886    0.131257    5.411316
    0.617647    0.853694   -0.100159   -0.026162    0.643451        4.833738       -2.687957   15.153131    5.755989    0.131257    5.411316
    0.627451    0.858942   -0.097663   -0.068209    0.683532        4.833728       -2.687954   15.438577    5.877607    0.131257    5.411316
    0.637255    0.864000   -0.092896   -0.111730    0.720749        4.833723       -2.687950   15.725743    6.000740    0.131257    5.411316
    0.647059    0.868744   -0.085787   -0.156451    0.754993        4.833724       -2.687946   16.014547    6.125349    0.131257    5.411316
    0.656863    0.873049   -0.076279   -0.202120    0.786168        4.833732       -2.687941   16.304862    6.251355    0.131257    5.411316
    0.666667    0.876786   -0.064329   -0.248496    0.814190        4.833747       -2.687935   16.596521    6.378634    0.131257    5.411316
    0.676471    0.879826   -0.049904   -0.295359    0.838985        4.833770       -2.687929   16.889314    6.507012    0.131257    5.411316
    0.686275    0.882035   -0.032985   -0.342502    0.860492        4.833799       -2.687923   17.182985    6.636261    0.131257    5.411316
    0.696078    0.883280   -0.013562   -0.389736    0.878658        4.833833       -2.687916   17.477235    6.766097    0.131257    5.411316
    0.705882    0.883429    0.008366   -0.436884    0.893444        4.833869       -2.687909   17.771721    6.896176    0.131257    5.411316
    0.715686    0.882349    0.032789   -0.483783    0.904819        4.833904       -2.687902   18.066056    7.026095    0.131257    5.411316
    0.725490    0.879907    0.059690   -0.530282    0.912762        4.833934       -2.687895   18.359808    7.155388    0.131257    5.411316
    0.735294    0.875977    0.089045   -0.576240    0.917266        4.833956       -2.687889   18.652501    7.283533    0.131257    5.411316
    0.745098    0.870431    0.120820   -0.621525    0.918334        4.833969       -2.687884   18.943618    7.409954    0.131257    5.411316
    0.754902    0.863149    0.154977   -0.666015    0.915978        4.833970       -2.687879   19.232600    7.534029    0.131257    5.411316
    0.764706    0.854015    0.191471   -0.709595    0.910224        4.833962       -2.687876   19.518850    7.655097    0.131257    5.411316
    0.774510    0.842922    0.230250   -0.752157    0.901110        4.833947       -2.687873   19.801731    7.772471    0.131257    5.411316
    0.784314    0.829768    0.271258   -0.793600    0.888685        4.833926       -2.687872   20.080574    7.885455    0.131257    5.411316
    0.794118    0.814463    0.314433   -0.833828    0.873010        4.833901       -2.687871   20.354675    7.993359    0.131257    5.411316
    0.803922    0.796928    0.359708   -0.872752    0.854156        4.833876       -2.687870   20.623306    8.095518    0.131257    5.411316
    0.813725    0.777094    0.407011   -0.910288    0.832207        4.833850       -2.687871   20.885710    8.191314    0.131257    5.411316
    0.823529    0.754909    0.456267   -0.946356    0.807257        4.833826       -2.687871   21.141112    8.280198    0.131257    5.411316
    0.833333    0.730335    0.507396   -0.980882    0.779410        4.833804       -2.687872   21.388722    8.361709    0.131257    5.411316
    0.843137    0.703349    0.560314   -1.013795    0.748779        4.833785       -2.687873   21.627738    8.435499    0.131257    5.411316
    0.852941    0.673947    0.614935   -1.045031    0.715488        4.833768       -2.687875   21.857356    8.501344    0.131257    5.411316
    0.862745    0.642145    0.671166   -1.074528    0.679667        4.833753       -2.687876   22.076773    8.559164    0.131257    5.411316
    0.872549    0.607976    0.728915   -1.102231    0.641454        4.833741       -2.687878   22.285194    8.609031    0.131257    5.411316
    0.882353    0.571494    0.788085   -1.128086    0.600997        4.833730       -2.687879   22.481837    8.651169    0.131257    5.411316
    0.892157    0.532776    0.848576   -1.152047    0.558446        4.833721       -2.687881   22.665945    8.685956    0.131257    5.411316
    0.901961    0.491915    0.910287   -1.174068    0.513959        4.833714       -2.687883   22.836786    8.713911    0.131257    5.411316
    0.911765    0.449029    0.973115   -1.194110    0.467698        4.833708       -2.687884   22.993666    8.735676    0.131257    5.411316
    0.921569    0.404254    1.036952   -1.212137    0.419830        4.833703       -2.687886   23.135931    8.751993    0.131257    5.411316
    0.931373    0.357744    1.101691   -1.228118    0.370525        4.833699       -2.687888   23.262978    8.763674    0.131257    5.411316
    0.941176    0.309672    1.167224   -1.242024    0.319957        4.833696       -2.687890   23.374256    8.771563    0.131257    5.411316
    0.950980    0.260229    1.233438   -1.253831    0.268301        4.833694       -2.687891   23.469276    8.776502    0.131257    5.411316
    0.960784    0.209619    1.300223   -1.263519    0.215737        4.833692       -2.687893   23.547614    8.779289    0.131257    5.411316
    0.970588    0.158060    1.367465   -1.271071    0.162442        4.833691       -2.687895   23.608917    8.780638    0.131257    5.411316
    0.980392    0.105778    1.435051   -1.276474    0.108600        4.833690       -2.687897   23.652908    8.781147    0.131257    5.411316
    0.990196    0.053011    1.502866   -1.279720    0.054392        4.833689       -2.687899   23.679383    8.781266    0.131257    5.411316
    1.000000   -0.000000    1.570796   -1.280803    0.000000        4.833689       -2.687901   23.688222    8.781274    0.131257    5.411316
