           t           r         psi          cs          qs               p             sig           A           V          Q2           S
    0.000000    0.000000   -1.570796   -0.993931    0.000000   -63153.885989    31770.214881   -0.000000   -0.000000    0.009295    4.137226
    0.009804    0.040550   -1.530480   -0.994003    0.003150   -63153.962928    31768.190184    0.005168    0.000002    0.009295    4.137226
    0.019608    0.081034   -1.490161   -0.994091    0.003288   -63154.210866    31766.204597    0.020663    0.000034    0.009295    4.137226
    0.029412    0.121387   -1.449837   -0.994183    0.003418   -63154.654044    31764.249625    0.046460    0.000170    0.009295    4.137226
    0.039216    0.161542   -1.409510   -0.994280    0.003579   -63155.319697    31762.316702    0.082518    0.000536    0.009295    4.137226
    0.049020    0.201434   -1.369179   -0.994382    0.003779   -63156.239966    31760.397159    0.128776    0.001303    0.009295    4.137226
    0.058824    0.240999   -1.328844   -0.994491    0.004024   -63157.453338    31758.482180    0.185162    0.002686    0.009295    4.137226
    0.068627    0.280172   -1.288504   -0.994610    0.004323   -63159.006241    31756.562740    0.251582    0.004941    0.009295    4.137226
    0.078431    0.318889   -1.248159   -0.994740    0.004685   -63160.954986    31754.629526    0.327928    0.008362    0.009295    4.137226
    0.088235    0.357087   -1.207808   -0.994883    0.005122   -63163.368228    31752.672842    0.414077    0.013271    0.009295    4.137226
    0.098039    0.394705   -1.167452   -0.995043    0.005646   -63166.330110    31750.682491    0.509888    0.020021    0.009295    4.137226
    0.107843    0.431679   -1.127088   -0.995222    0.006278   -63169.944347    31748.647630    0.615205    0.028982    0.009295    4.137226
    0.117647    0.467951   -1.086717   -0.995426    0.007040   -63174.339582    31746.556594    0.729857    0.040539    0.009295    4.137226
    0.127451    0.503461   -1.046337   -0.995658    0.007963   -63179.676463    31744.396683    0.853658    0.055086    0.009295    4.137226
    0.137255    0.538151   -1.005947   -0.995927    0.009085   -63186.157109    31742.153900    0.986404    0.073017    0.009295    4.137226
    0.147059    0.571964   -0.965545   -0.996240    0.010457   -63194.037901    31739.812629    1.127882    0.094722    0.009295    4.137226
    0.156863    0.604844   -0.925129   -0.996607    0.012148   -63203.646955    31737.355238    1.277858    0.120577    0.009295    4.137226
    0.166667    0.636738   -0.884697   -0.997043    0.014249   -63215.408310    31734.761587    1.436090    0.150939    0.009295    4.137226
    0.176471    0.667593   -0.844245   -0.997564    0.016882   -63229.875839    31732.008401    1.602319    0.186142    0.009295    4.137226
    0.186275    0.697358   -0.803771   -0.998194    0.020217   -63247.781506    31729.068492    1.776273    0.226486    0.009295    4.137226
    0.196078    0.725983   -0.763268   -0.998963    0.024491   -63270.105117    31725.909748    1.957668    0.272235    0.009295    4.137226
    0.205882    0.753421   -0.722730   -0.999915    0.030041   -63298.176907    31722.493841    2.146209    0.323610    0.009295    4.137226
    0.215686    0.779625   -0.682150   -1.001106    0.037353   -63333.831274    31718.774549    2.341586    0.380784    0.009295    4.137226
    0.225490    0.804551   -0.641514   -1.002618    0.047145   -63379.641986    31714.695560    2.543479    0.443880    0.009295    4.137226
    0.235294    0.828155   -0.600809   -1.004566    0.060500   -63439.290294    31710.187592    2.751557    0.512967    0.009295    4.137226
    0.245098    0.850396   -0.560014   -1.007122    0.079095   -63518.155575    31705.164618    2.965478    0.588053    0.009295    4.137226
    0.254902    0.871233   -0.519098   -1.010537    0.105593   -63624.289275    31699.518988    3.184889    0.669090    0.009295    4.137226
    0.264706    0.890627   -0.478020   -1.015204    0.144359   -63770.069297    31693.115309    3.409427    0.755968    0.009295    4.137226
    0.274510    0.908538   -0.436717   -1.021740    0.202778   -63975.101013    31685.783467    3.638720    0.848516    0.009295    4.137226
    0.284314    0.924926   -0.395096   -1.031161    0.293780   -64271.473306    31677.312748    3.872384    0.946503    0.009295    4.137226
    0.294118    0.939747   -0.353006   -1.045186    0.440743   -64713.574015    31667.454136    4.110026    1.049636    0.009295    4.137226
    0.303922    0.952954   -0.310206   -1.066831    0.686848   -65396.763050    31655.953900    4.351241    1.157564    0.009295    4.137226
    0.313725    0.964488   -0.266288   -1.101504    1.110313   -66492.125893    31642.693378    4.595610    1.269880    0.009295    4.137226
    0.323529    0.974270   -0.220548   -1.158643    1.828621   -68300.275544    31628.182331    4.842696    1.386116    0.009295    4.137226
    0.333333    0.982188   -0.171813   -1.251242    2.830650   -71248.976270    31615.217833    5.092042    1.505737    0.009295    4.137226
    0.343137    0.988074   -0.118603   -1.372684    2.766337   -75216.922771    31613.928361    5.343150    1.628125    0.009295    4.137226
    0.352941    0.991729   -0.061809   -1.384122   -3.752630   -75941.853639    31650.688368    5.595478    1.752514    0.009295    4.137226
    0.362745    0.993173   -0.012067   -0.992058  -14.620418   -63609.678909    31750.696300    5.848450    1.877974    0.009295    4.137226
    0.372549    0.993016    0.015681   -0.389453  -12.903922   -44341.697081    31876.119619    6.101566    2.003665    0.009295    4.137226
    0.382353    0.992183    0.022821   -0.009974   -5.998655   -32394.769131    31975.174302    6.354539    2.129191    0.009295    4.137226
    0.392157    0.991302    0.019625    0.139490   -1.823958   -27779.085999    32043.396855    6.607284    2.254489    0.009295    4.137226
    0.401961    0.990635    0.013082    0.170359    0.078763   -26895.362087    32092.361398    6.859829    2.379601    0.009295    4.137226
    0.411765    0.990241    0.006495    0.149072    0.870962   -27645.366381    32131.274183    7.112239    2.504591    0.009295    4.137226
    0.421569    0.990089    0.001257    0.107486    1.124843   -29027.826893    32165.823009    7.364581    2.629517    0.009295    4.137226
    0.431373    0.990114   -0.002173    0.061891    1.085026   -30531.019634    32199.496741    7.616907    2.754430    0.009295    4.137226
    0.441176    0.990242   -0.003838    0.021644    0.871254   -31860.322278    32234.429428    7.869255    2.879364    0.009295    4.137226
    0.450980    0.990406   -0.004075   -0.007893    0.568873   -32846.213823    32271.769394    8.121642    3.004335    0.009295    4.137226
    0.460784    0.990559   -0.003371   -0.024711    0.257586   -33424.728667    32311.844828    8.374069    3.129347    0.009295    4.137226
    0.470588    0.990674   -0.002229   -0.029867    0.005257   -33629.773903    32354.329192    8.626531    3.254393    0.009295    4.137226
    0.480392    0.990740   -0.001062   -0.026651   -0.149644   -33566.756410    32398.491159    8.879017    3.379463    0.009295    4.137226
    0.490196    0.990763   -0.000125   -0.019174   -0.204993   -33367.847563    32443.488417    9.131513    3.504544    0.009295    4.137226
    0.500000    0.990755    0.000486   -0.011061   -0.184703   -33149.471629    32488.604523    9.384011    3.629626    0.009295    4.137226
    0.509804    0.990728    0.000797   -0.004743   -0.120716   -32989.743423    32533.362140    9.636504    3.754704    0.009295    4.137226
    0.519608    0.990693    0.000912   -0.001441   -0.038871   -32927.908189    32577.517474    9.888989    3.879774    0.009295    4.137226
    0.529412    0.990655    0.000961   -0.001570    0.047459   -32977.234306    32620.982680   10.141465    4.004834    0.009295    4.137226
    0.539216    0.990614    0.001087   -0.005267    0.138316   -33142.344457    32663.721670   10.393930    4.129885    0.009295    4.137226
    0.549020    0.990563    0.001441   -0.012922    0.246170   -33436.267449    32705.643382   10.646385    4.254924    0.009295    4.137226
    0.558824    0.990491    0.002204   -0.025662    0.394907   -33896.182783    32746.496542   10.898824    4.379948    0.009295    4.137226
    0.568627    0.990376    0.003622   -0.045780    0.618344   -34597.837504    32785.760258   11.151239    4.504949    0.009295    4.137226
    0.578431    0.990184    0.006068   -0.077057    0.954761   -35666.106111    32822.529792   11.403617    4.629910    0.009295    4.137226
    0.588235    0.989862    0.010094   -0.124653    1.430145   -37271.896521    32855.425573   11.655930    4.754806    0.009295    4.137226
    0.598039    0.989333    0.016474   -0.193955    2.023034   -39594.667163    32882.615777   11.908137    4.879590    0.009295    4.137226
    0.607843    0.988481    0.026162   -0.287784    2.622620   -42729.206035    32902.112408   12.160171    5.004185    0.009295    4.137226
    0.617647    0.987153    0.040108   -0.402603    3.034141   -46558.295380    32912.448505   12.411930    5.128469    0.009295    4.137226
    0.627451    0.985162    0.058954   -0.526991    3.086523   -50699.924038    32913.502954   12.663271    5.252257    0.009295    4.137226
    0.637255    0.982307    0.082778   -0.645594    2.770287   -54640.680726    32906.827721   12.913999    5.375283    0.009295    4.137226
    0.647059    0.978395    0.111080   -0.746331    2.239935   -57979.117794    32895.062798   13.163868    5.497200    0.009295    4.137226
    0.656863    0.973267    0.143014   -0.824507    1.681295   -60562.898562    32880.887426   13.412588    5.617589    0.009295    4.137226
    0.666667    0.966799    0.177680   -0.881625    1.206973   -62446.000251    32866.293346   13.659833    5.735982    0.009295    4.137226
    0.676471    0.958906    0.214307   -0.921987    0.848739   -63773.773517    32852.439184   13.905249    5.851883    0.009295    4.137226
    0.686275    0.949532    0.252309   -0.950138    0.594408   -64697.988433    32839.844634   14.148466    5.964793    0.009295    4.137226
    0.696078    0.938647    0.291270   -0.969780    0.418928   -65341.576939    32828.644845   14.389102    6.074227    0.009295    4.137226
    0.705882    0.926234    0.330901   -0.983604    0.298882   -65793.519078    32818.781363   14.626769    6.179728    0.009295    4.137226
    0.715686    0.912291    0.371008   -0.993461    0.216502   -66114.919085    32810.116006   14.861078    6.280873    0.009295    4.137226
    0.725490    0.896826    0.411456   -1.000597    0.159416   -66346.833864    32802.489887   15.091640    6.377287    0.009295    4.137226
    0.735294    0.879853    0.452153   -1.005845    0.119337   -66516.716587    32795.750504   15.318067    6.468643    0.009295    4.137226
    0.745098    0.861391    0.493035   -1.009765    0.090780   -66643.008553    32789.762194   15.539979    6.554672    0.009295    4.137226
    0.754902    0.841467    0.534055   -1.012739    0.070123   -66738.219018    32784.408633   15.756998    6.635160    0.009295    4.137226
    0.764706    0.820108    0.575181   -1.015026    0.054955   -66810.939672    32779.591867   15.968757    6.709956    0.009295    4.137226
    0.774510    0.797349    0.616389   -1.016810    0.043657   -66867.152702    32775.230066   16.174893    6.778967    0.009295    4.137226
    0.784314    0.773225    0.657662   -1.018219    0.035125   -66911.082124    32771.255026   16.375054    6.842164    0.009295    4.137226
    0.794118    0.747775    0.698985   -1.019344    0.028599   -66945.752102    32767.609815   16.568897    6.899576    0.009295    4.137226
    0.803922    0.721042    0.740350   -1.020254    0.023547   -66973.356966    32764.246740   16.756089    6.951290    0.009295    4.137226
    0.813725    0.693070    0.781748   -1.020996    0.019593   -66995.509411    32761.125637   16.936310    6.997447    0.009295    4.137226
    0.823529    0.663906    0.823174   -1.021608    0.016466   -67013.409101    32758.212470   17.109249    7.038240    0.009295    4.137226
    0.833333    0.633599    0.864622   -1.022118    0.013971   -67027.958683    32755.478188   17.274609    7.073908    0.009295    4.137226
    0.843137    0.602202    0.906089   -1.022546    0.011961   -67039.844617    32752.897796   17.432105    7.104731    0.009295    4.137226
    0.852941    0.569767    0.947572   -1.022908    0.010331   -67049.594211    32750.449609   17.581466    7.131027    0.009295    4.137226
    0.862745    0.536349    0.989068   -1.023217    0.009000   -67057.616314    32748.114635   17.722435    7.153139    0.009295    4.137226
    0.872549    0.502007    1.030577   -1.023484    0.007906   -67064.230710    32745.876080   17.854768    7.171436    0.009295    4.137226
    0.882353    0.466799    1.072095   -1.023715    0.007003   -67069.689552    32743.718938   17.978237    7.186302    0.009295    4.137226
    0.892157    0.430786    1.113622   -1.023918    0.006253   -67074.193176    32741.629657   18.092629    7.198128    0.009295    4.137226
    0.901961    0.394029    1.155157   -1.024097    0.005630   -67077.901866    32739.595860   18.197748    7.207309    0.009295    4.137226
    0.911765    0.356592    1.196699   -1.024256    0.005112   -67080.944695    32737.606116   18.293410    7.214232    0.009295    4.137226
    0.921569    0.318539    1.238247   -1.024399    0.004680   -67083.426227    32735.649748   18.379452    7.219274    0.009295    4.137226
    0.931373    0.279936    1.279800   -1.024529    0.004321   -67085.431637    32733.716675   18.455724    7.222789    0.009295    4.137226
    0.941176    0.240850    1.321358   -1.024647    0.004024   -67087.030665    32731.797281   18.522096    7.225109    0.009295    4.137226
    0.950980    0.201348    1.362921   -1.024757    0.003779   -67088.280680    32729.882303   18.578452    7.226532    0.009295    4.137226
    0.960784    0.161497    1.404489   -1.024859    0.003581   -67089.229102    32727.962747   18.624694    7.227322    0.009295    4.137226
    0.970588    0.121368    1.446060   -1.024956    0.003421   -67089.915321    32726.029810   18.660744    7.227699    0.009295    4.137226
    0.980392    0.081029    1.487635   -1.025048    0.003292   -67090.372296    32724.074831   18.686538    7.227840    0.009295    4.137226
    0.990196    0.040549    1.529214   -1.025136    0.003156   -67090.627996    32722.089242   18.702033    7.227873    0.009295    4.137226
    1.000000   -0.000000    1.570796   -1.025209    0.000000   -67090.707353    32720.064545   18.707200    7.227875    0.009295    4.137226
