           t           r         psi          cs          qs               p             sig           A           V          Q2           S
    0.000000   -0.000000   -1.570796   -1.306517    0.000000       14.656174       -4.243493    0.000000    0.000000    0.246632    3.247444
    0.009804    0.031829   -1.529193   -1.307175    0.054464       14.651719       -4.325133    0.003184    0.000001    0.246632    3.247444
    0.019608    0.063602   -1.487548   -1.309071    0.104137       14.637770       -4.404195    0.012730    0.000017    0.246632    3.247444
    0.029412    0.095265   -1.445825   -1.312079    0.148804       14.613566       -4.480767    0.028623    0.000085    0.246632    3.247444
    0.039216    0.126762   -1.403991   -1.316071    0.188229       14.578329       -4.554921    0.050833    0.000268    0.246632    3.247444
    0.049020    0.158038   -1.362015   -1.320912    0.222156       14.531220       -4.626710    0.079323    0.000651    0.246632    3.247444
    0.058824    0.189036   -1.319874   -1.326461    0.250312       14.471332       -4.696167    0.114043    0.001343    0.246632    3.247444
    0.068627    0.219700   -1.277546   -1.332569    0.272409       14.397683       -4.763297    0.154932    0.002472    0.246632    3.247444
    0.078431    0.249974   -1.235018   -1.339079    0.288142       14.309219       -4.828081    0.201916    0.004186    0.246632    3.247444
    0.088235    0.279801   -1.192277   -1.345828    0.297198       14.204824       -4.890465    0.254912    0.006648    0.246632    3.247444
    0.098039    0.309123   -1.149321   -1.352640    0.299255       14.083328       -4.950361    0.313826    0.010034    0.246632    3.247444
    0.107843    0.337885   -1.106149   -1.359333    0.293985       13.943530       -5.007642    0.378550    0.014532    0.246632    3.247444
    0.117647    0.366029   -1.062768   -1.365714    0.281061       13.784221       -5.062135    0.448967    0.020333    0.246632    3.247444
    0.127451    0.393500   -1.019192   -1.371581    0.260162       13.604228       -5.113618    0.524948    0.027635    0.246632    3.247444
    0.137255    0.420242   -0.975440   -1.376722    0.230979       13.402461       -5.161814    0.606352    0.036630    0.246632    3.247444
    0.147059    0.446202   -0.931539   -1.380914    0.193229       13.177976       -5.206387    0.693028    0.047508    0.246632    3.247444
    0.156863    0.471327   -0.887522   -1.383925    0.146659       12.930064       -5.246937    0.784814    0.060449    0.246632    3.247444
    0.166667    0.495566   -0.843432   -1.385515    0.091068       12.658342       -5.282995    0.881539    0.075617    0.246632    3.247444
    0.176471    0.518872   -0.799317   -1.385435    0.026317       12.362875       -5.314020    0.983020    0.093160    0.246632    3.247444
    0.186275    0.541199   -0.755234   -1.383431   -0.047645       12.044308       -5.339398    1.089067    0.113204    0.246632    3.247444
    0.196078    0.562506   -0.711249   -1.379245   -0.130759       11.704013       -5.358442    1.199478    0.135850    0.246632    3.247444
    0.205882    0.582753   -0.667436   -1.372616   -0.222833       11.344237       -5.370398    1.314046    0.161173    0.246632    3.247444
    0.215686    0.601909   -0.623876   -1.363290   -0.323509       10.968244       -5.374454    1.432555    0.189217    0.246632    3.247444
    0.225490    0.619943   -0.580659   -1.351016   -0.432232       10.580430       -5.369753    1.554785    0.219994    0.246632    3.247444
    0.235294    0.636833   -0.537884   -1.335560   -0.548223       10.186387       -5.355415    1.680508    0.253486    0.246632    3.247444
    0.245098    0.652560   -0.495653   -1.316705   -0.670453        9.792904       -5.330563    1.809494    0.289644    0.246632    3.247444
    0.254902    0.667114   -0.454080   -1.294264   -0.797616        9.407853       -5.294359    1.941509    0.328388    0.246632    3.247444
    0.264706    0.680490   -0.413280   -1.268085   -0.928122        9.039966       -5.246048    2.076318    0.369609    0.246632    3.247444
    0.274510    0.692689   -0.373375   -1.238059   -1.060101        8.698470       -5.184998    2.213684    0.413174    0.246632    3.247444
    0.284314    0.703720   -0.334488   -1.204132   -1.191416        8.392596       -5.110753    2.353374    0.458925    0.246632    3.247444
    0.294118    0.713599   -0.296743   -1.166311   -1.319709        8.130983       -5.023080    2.495154    0.506688    0.246632    3.247444
    0.303922    0.722348   -0.260263   -1.124670   -1.442455        7.921022       -4.922006    2.638798    0.556274    0.246632    3.247444
    0.313725    0.729996   -0.225168   -1.079358   -1.557049        7.768225       -4.807849    2.784081    0.607484    0.246632    3.247444
    0.323529    0.736577   -0.191571   -1.030596   -1.660894        7.675682       -4.681232    2.930787    0.660116    0.246632    3.247444
    0.333333    0.742134   -0.159578   -0.978686   -1.751512        7.643701       -4.543081    3.078706    0.713963    0.246632    3.247444
    0.343137    0.746712   -0.129282   -0.923998   -1.826647        7.669685       -4.394595    3.227637    0.768825    0.246632    3.247444
    0.352941    0.750361   -0.100767   -0.866972   -1.884359        7.748264       -4.237209    3.377391    0.824508    0.246632    3.247444
    0.362745    0.753136   -0.074097   -0.808103   -1.923112        7.871692       -4.072535    3.527787    0.880826    0.246632    3.247444
    0.372549    0.755094   -0.049324   -0.747934   -1.941818        8.030423       -3.902291    3.678655    0.937608    0.246632    3.247444
    0.382353    0.756296   -0.026480   -0.687043   -1.939877        8.213820       -3.728234    3.829837    0.994695    0.246632    3.247444
    0.392157    0.756801   -0.005578   -0.626028   -1.917166        8.410886       -3.552089    3.981190    1.051944    0.246632    3.247444
    0.401961    0.756671    0.013388   -0.565496   -1.874023        8.610932       -3.375491    4.132579    1.109227    0.246632    3.247444
    0.411765    0.755969    0.030442   -0.506046   -1.811191        8.804136       -3.199936    4.283884    1.166433    0.246632    3.247444
    0.421569    0.754753    0.045628   -0.448266   -1.729764        8.981939       -3.026745    4.434996    1.223466    0.246632    3.247444
    0.431373    0.753083    0.059009   -0.392716   -1.631117        9.137278       -2.857046    4.585818    1.280244    0.246632    3.247444
    0.441176    0.751016    0.070664   -0.339922   -1.516835        9.264666       -2.691766    4.736266    1.336699    0.246632    3.247444
    0.450980    0.748605    0.080688   -0.290370   -1.388649        9.360151       -2.531639    4.886265    1.392774    0.246632    3.247444
    0.460784    0.745900    0.089192   -0.244501   -1.248371        9.421187       -2.377211    5.035752    1.448426    0.246632    3.247444
    0.470588    0.742948    0.096300   -0.202707   -1.097850        9.446442       -2.228865    5.184672    1.503619    0.246632    3.247444
    0.480392    0.739791    0.102147   -0.165330   -0.938922        9.435590       -2.086840    5.332980    1.558324    0.246632    3.247444
    0.490196    0.736467    0.106877   -0.132657   -0.773383        9.389100       -1.951254    5.480639    1.612523    0.246632    3.247444
    0.500000    0.733009    0.110646   -0.104925   -0.602956        9.308031       -1.822129    5.627620    1.666201    0.246632    3.247444
    0.509804    0.729444    0.113613   -0.082316   -0.429279        9.193856       -1.699409    5.773897    1.719346    0.246632    3.247444
    0.519608    0.725797    0.115943   -0.064961   -0.253888        9.048317       -1.582982    5.919453    1.771953    0.246632    3.247444
    0.529412    0.722083    0.117806   -0.052938   -0.078207        8.873301       -1.472697    6.064273    1.824016    0.246632    3.247444
    0.539216    0.718316    0.119371   -0.046278    0.096454        8.670743       -1.368379    6.208344    1.875532    0.246632    3.247444
    0.549020    0.714501    0.120810   -0.044963    0.268904        8.442566       -1.269842    6.351656    1.926497    0.246632    3.247444
    0.558824    0.710641    0.122290   -0.048934    0.438072        8.190619       -1.176898    6.494201    1.976910    0.246632    3.247444
    0.568627    0.706732    0.123980   -0.058086    0.603003        7.916657       -1.089366    6.635969    2.026765    0.246632    3.247444
    0.578431    0.702763    0.126042   -0.072280    0.762857        7.622316       -1.007079    6.776950    2.076055    0.246632    3.247444
    0.588235    0.698722    0.128635   -0.091342    0.916904        7.309110       -0.929890    6.917129    2.124774    0.246632    3.247444
    0.598039    0.694588    0.131908   -0.115067    1.064517        6.978431       -0.857670    7.056491    2.172907    0.246632    3.247444
    0.607843    0.690338    0.136008   -0.143224    1.205167        6.631564       -0.790317    7.195015    2.220440    0.246632    3.247444
    0.617647    0.685944    0.141072   -0.175561    1.338411        6.269700       -0.727754    7.332674    2.267352    0.246632    3.247444
    0.627451    0.681373    0.147229   -0.211807    1.463886        5.893957       -0.669925    7.469438    2.313619    0.246632    3.247444
    0.637255    0.676590    0.154598   -0.251679    1.581300        5.505405       -0.616799    7.605267    2.359210    0.246632    3.247444
    0.647059    0.671555    0.163290   -0.294882    1.690419        5.105095       -0.568368    7.740114    2.404088    0.246632    3.247444
    0.656863    0.666224    0.173407   -0.341114    1.791060        4.694084       -0.524640    7.873926    2.448211    0.246632    3.247444
    0.666667    0.660553    0.185039   -0.390070    1.883083        4.273467       -0.485635    8.006637    2.491528    0.246632    3.247444
    0.676471    0.654492    0.198270   -0.441444    1.966380        3.844402       -0.451388    8.138177    2.533985    0.246632    3.247444
    0.686275    0.647993    0.213171   -0.494932    2.040869        3.408136       -0.421935    8.268460    2.575518    0.246632    3.247444
    0.696078    0.641004    0.229804   -0.550231    2.106490        2.966027       -0.397313    8.397396    2.616056    0.246632    3.247444
    0.705882    0.633471    0.248223   -0.607043    2.163198        2.519559       -0.377555    8.524879    2.655525    0.246632    3.247444
    0.715686    0.625342    0.268471   -0.665079    2.210963        2.070350       -0.362683    8.650798    2.693842    0.246632    3.247444
    0.725490    0.616563    0.290582   -0.724053    2.249763        1.620149       -0.352704    8.775026    2.730920    0.246632    3.247444
    0.735294    0.607081    0.314582   -0.783688    2.279591        1.170834       -0.347606    8.897428    2.766669    0.246632    3.247444
    0.745098    0.596843    0.340488   -0.843716    2.300448        0.724384       -0.347355    9.017859    2.800996    0.246632    3.247444
    0.754902    0.585800    0.368308   -0.903878    2.312351        0.282861       -0.351896    9.136162    2.833806    0.246632    3.247444
    0.764706    0.573902    0.398042   -0.963921    2.315328       -0.151631       -0.361143    9.252171    2.865008    0.246632    3.247444
    0.774510    0.561104    0.429682   -1.023604    2.309425       -0.576985       -0.374991    9.365711    2.894513    0.246632    3.247444
    0.784314    0.547363    0.463214   -1.082695    2.294702       -0.991136       -0.393308    9.476597    2.922238    0.246632    3.247444
    0.794118    0.532640    0.498614   -1.140969    2.271241       -1.392106       -0.415942    9.584636    2.948108    0.246632    3.247444
    0.803922    0.516902    0.535854   -1.198212    2.239137       -1.778047       -0.442722    9.689630    2.972062    0.246632    3.247444
    0.813725    0.500120    0.574898   -1.254219    2.198507       -2.147280       -0.473466    9.791371    2.994052    0.246632    3.247444
    0.823529    0.482272    0.615702   -1.308794    2.149480       -2.498332       -0.507978    9.889649    3.014047    0.246632    3.247444
    0.833333    0.463342    0.658218   -1.361749    2.092203       -2.829955       -0.546063    9.984248    3.032035    0.246632    3.247444
    0.843137    0.443320    0.702393   -1.412905    2.026831       -3.141147       -0.587524   10.074952    3.048028    0.246632    3.247444
    0.852941    0.422205    0.748165   -1.462091    1.953530       -3.431158       -0.632169   10.161541    3.062059    0.246632    3.247444
    0.862745    0.400005    0.795469   -1.509142    1.872468       -3.699484       -0.679816   10.243797    3.074187    0.246632    3.247444
    0.872549    0.376735    0.844236   -1.553903    1.783815       -3.945865       -0.730298   10.321505    3.084494    0.246632    3.247444
    0.882353    0.352420    0.894389   -1.596222    1.687738       -4.170259       -0.783464   10.394453    3.093087    0.246632    3.247444
    0.892157    0.327092    0.945848   -1.635953    1.584399       -4.372832       -0.839183   10.462435    3.100094    0.246632    3.247444
    0.901961    0.300795    0.998530   -1.672955    1.473947       -4.553923       -0.897346   10.525253    3.105661    0.246632    3.247444
    0.911765    0.273581    1.052344   -1.707089    1.356521       -4.714024       -0.957867   10.582718    3.109951    0.246632    3.247444
    0.921569    0.245510    1.107197   -1.738219    1.232243       -4.853749       -1.020684   10.634651    3.113139    0.246632    3.247444
    0.931373    0.216651    1.162992   -1.766212    1.101218       -4.973813       -1.085759   10.680890    3.115403    0.246632    3.247444
    0.941176    0.187083    1.219627   -1.790931    0.963532       -5.074999       -1.153078   10.721283    3.116922    0.246632    3.247444
    0.950980    0.156891    1.276994   -1.812242    0.819253       -5.158146       -1.222649   10.755697    3.117867    0.246632    3.247444
    0.960784    0.126168    1.334984   -1.830007    0.668428       -5.224124       -1.294502   10.784017    3.118398    0.246632    3.247444
    0.970588    0.095012    1.393482   -1.844084    0.511087       -5.273820       -1.368687   10.806146    3.118654    0.246632    3.247444
    0.980392    0.063526    1.452366   -1.854330    0.347241       -5.308133       -1.445270   10.822008    3.118750    0.246632    3.247444
    0.990196    0.031819    1.511514   -1.860592    0.176884       -5.327978       -1.524335   10.831547    3.118773    0.246632    3.247444
    1.000000   -0.000000    1.570796   -1.862715    0.000000       -5.334327       -1.605975   10.834731    3.118774    0.246632    3.247444
