           t           r         psi          cs          qs               p             sig           A           V          Q2           S
    0.000000    0.000000   -1.570796   -0.897543    0.000000    -5466.979120     3057.070311    0.000000   -0.000000    0.110063    4.983089
    0.009804    0.048838   -1.526856   -0.902391    0.208126    -5467.878615     3037.793394    0.007497    0.000004    0.110063    4.983089
    0.019608    0.097581   -1.482584   -0.910242    0.245750    -5470.795156     3019.081851    0.029973    0.000064    0.110063    4.983089
    0.029412    0.146133   -1.437907   -0.918881    0.266350    -5476.059221     3000.839374    0.067384    0.000326    0.110063    4.983089
    0.039216    0.194394   -1.392790   -0.928233    0.287644    -5484.061378     2982.973520    0.119656    0.001029    0.110063    4.983089
    0.049020    0.242263   -1.347197   -0.938462    0.313042    -5495.280127     2965.396244    0.186685    0.002506    0.110063    4.983089
    0.058824    0.289634   -1.301078   -0.949791    0.344124    -5510.307943     2948.024590    0.268334    0.005178    0.110063    4.983089
    0.068627    0.336401   -1.254373   -0.962497    0.382320    -5529.882712     2930.781694    0.364434    0.009547    0.110063    4.983089
    0.078431    0.382453   -1.207006   -0.976920    0.429279    -5554.927569     2913.598278    0.474783    0.016190    0.110063    4.983089
    0.088235    0.427675   -1.158885   -0.993479    0.487030    -5586.601986     2896.414954    0.599143    0.025746    0.110063    4.983089
    0.098039    0.471948   -1.109893   -1.012694    0.558108    -5626.367168     2879.185806    0.737242    0.038906    0.110063    4.983089
    0.107843    0.515144   -1.059884   -1.035214    0.645671    -5676.068855     2861.883953    0.888769    0.056403    0.110063    4.983089
    0.117647    0.557132   -1.008678   -1.061850    0.753594    -5738.039550     2844.510230    1.053373    0.078992    0.110063    4.983089
    0.127451    0.597768   -0.956050   -1.093607    0.886451    -5815.218553     2827.106699    1.230663    0.107440    0.110063    4.983089
    0.137255    0.636897   -0.901720   -1.131721    1.049248    -5911.278352     2809.777707    1.420198    0.142502    0.110063    4.983089
    0.147059    0.674350   -0.845344   -1.177660    1.246535    -6030.722592     2792.722624    1.621492    0.184906    0.110063    4.983089
    0.156863    0.709935   -0.786500   -1.233074    1.480185    -6178.869089     2776.286438    1.834001    0.235328    0.110063    4.983089
    0.166667    0.743439   -0.724683   -1.299576    1.744483    -6361.523108     2761.036908    2.057119    0.294363    0.110063    4.983089
    0.176471    0.774619   -0.659323   -1.378200    2.016283    -6583.936490     2747.878665    2.290172    0.362487    0.110063    4.983089
    0.186275    0.803195   -0.589835   -1.468223    2.237624    -6848.294799     2738.211821    2.532403    0.440016    0.110063    4.983089
    0.196078    0.828857   -0.515753   -1.564984    2.291226    -7148.552128     2734.124429    2.782967    0.527037    0.110063    4.983089
    0.205882    0.851270   -0.437002   -1.656566    1.982656    -7461.511349     2738.553250    3.040919    0.623334    0.110063    4.983089
    0.215686    0.870106   -0.354337   -1.720517    1.072407    -7735.398092     2755.230758    3.305209    0.728296    0.110063    4.983089
    0.225490    0.885104   -0.269870   -1.724498   -0.578389    -7884.455478     2788.090134    3.574697    0.840854    0.110063    4.983089
    0.235294    0.896155   -0.187350   -1.636501   -2.767774    -7807.630899     2839.851624    3.848182    0.959499    0.110063    4.983089
    0.245098    0.903393   -0.111687   -1.444397   -4.863591    -7441.712937     2910.157662    4.124468    1.082439    0.110063    4.983089
    0.254902    0.907224   -0.047573   -1.170253   -6.138810    -6816.540598     2994.642111    4.402440    1.207891    0.110063    4.983089
    0.264706    0.908273    0.002104   -0.862275   -6.290073    -6051.487846     3086.177793    4.681142    1.334373    0.110063    4.983089
    0.274510    0.907261    0.036940   -0.569691   -5.559749    -5289.025412     3177.582534    4.959831    1.460852    0.110063    4.983089
    0.284314    0.904881    0.058534   -0.323453   -4.417236    -4630.872714     3263.733905    5.237983    1.586724    0.110063    4.983089
    0.294118    0.901718    0.069471   -0.133698   -3.239924    -4120.535986     3342.075228    5.515271    1.711705    0.110063    4.983089
    0.303922    0.898227    0.072466    0.002903   -2.219742    -3759.138498     3412.025958    5.791528    1.835700    0.110063    4.983089
    0.313725    0.894734    0.069908    0.095274   -1.411408    -3527.140702     3474.147873    6.066707    1.958729    0.110063    4.983089
    0.323529    0.891461    0.063718    0.153154   -0.802015    -3399.138259     3529.506546    6.340842    2.080866    0.110063    4.983089
    0.333333    0.888547    0.055365    0.185088   -0.356246    -3351.063243     3579.296561    6.614025    2.202211    0.110063    4.983089
    0.343137    0.886071    0.045943    0.197935   -0.037434    -3362.679535     3624.659040    6.886380    2.322882    0.110063    4.983089
    0.352941    0.884064    0.036249    0.196997    0.185170    -3417.851071     3666.609934    7.158046    2.442996    0.110063    4.983089
    0.362745    0.882525    0.026853    0.186337    0.335224    -3503.985023     3706.023343    7.429168    2.562671    0.110063    4.983089
    0.372549    0.881430    0.018150    0.169074    0.430275    -3611.295672     3743.638441    7.699887    2.682020    0.110063    4.983089
    0.382353    0.880736    0.010401    0.147629    0.483210    -3732.138341     3780.074235    7.970332    2.801146    0.110063    4.983089
    0.392157    0.880395    0.003762    0.123901    0.503589    -3860.484675     3815.844992    8.240620    2.920142    0.110063    4.983089
    0.401961    0.880350   -0.001693    0.099394    0.498699    -3991.540259     3851.373555    8.510850    3.039091    0.110063    4.983089
    0.411765    0.880541   -0.005956    0.075291    0.474337    -4121.482177     3887.001861    8.781105    3.158059    0.110063    4.983089
    0.421569    0.880913   -0.009071    0.052514    0.435348    -4247.289171     3922.998972    9.051446    3.277103    0.110063    4.983089
    0.431373    0.881410   -0.011120    0.031753    0.385980    -4366.638199     3959.567276    9.321923    3.396262    0.110063    4.983089
    0.441176    0.881984   -0.012214    0.013491    0.330083    -4477.844038     3996.847665    9.592565    3.515566    0.110063    4.983089
    0.450980    0.882590   -0.012483   -0.001985    0.271184    -4579.821776     4034.924417    9.863390    3.635029    0.110063    4.983089
    0.460784    0.883192   -0.012068   -0.014559    0.212483    -4672.055654     4073.830366   10.134400    3.754656    0.110063    4.983089
    0.470588    0.883760   -0.011108   -0.024277    0.156799    -4754.561906     4113.552733   10.405591    3.874444    0.110063    4.983089
    0.480392    0.884271   -0.009739   -0.031320    0.106491    -4827.838124     4154.039711   10.676948    3.994380    0.110063    4.983089
    0.490196    0.884707   -0.008086   -0.035978    0.063398    -4892.796769     4195.207695   10.948451    4.114447    0.110063    4.983089
    0.500000    0.885058   -0.006257   -0.038627    0.028804    -4950.685112     4236.948815   11.220074    4.234622    0.110063    4.983089
    0.509804    0.885317   -0.004338   -0.039695    0.003452    -5002.997519     4279.138326   11.491792    4.354882    0.110063    4.983089
    0.519608    0.885482   -0.002396   -0.039641   -0.012397    -5051.387877     4321.641370   11.763574    4.475200    0.110063    4.983089
    0.529412    0.885552   -0.000475   -0.038926   -0.018875    -5097.590168     4364.318675   12.035393    4.595551    0.110063    4.983089
    0.539216    0.885529    0.001404   -0.038001   -0.016391    -5143.353822     4407.030858   12.307218    4.715908    0.110063    4.983089
    0.549020    0.885415    0.003241   -0.037293   -0.005506    -5190.398227     4449.641153   12.579023    4.836247    0.110063    4.983089
    0.558824    0.885212    0.005057   -0.037199    0.013182    -5240.388099     4492.016518   12.850779    4.956541    0.110063    4.983089
    0.568627    0.884921    0.006892   -0.038089    0.039135    -5294.928988     4534.027211   13.122459    5.076768    0.110063    4.983089
    0.578431    0.884538    0.008801   -0.040303    0.071953    -5355.580187     4575.544993   13.394036    5.196901    0.110063    4.983089
    0.588235    0.884058    0.010857   -0.044165    0.111421    -5423.880880     4616.440212   13.665480    5.316915    0.110063    4.983089
    0.598039    0.883473    0.013148   -0.049989    0.157533    -5501.384374     4656.578051   13.936762    5.436783    0.110063    4.983089
    0.607843    0.882768    0.015778   -0.058089    0.210477    -5589.694459     4695.814225   14.207846    5.556471    0.110063    4.983089
    0.617647    0.881924    0.018866   -0.068787    0.270603    -5690.497197     4733.990508   14.478692    5.675946    0.110063    4.983089
    0.627451    0.880915    0.022547   -0.082418    0.338349    -5805.580543     4770.930466   14.749255    5.795162    0.110063    4.983089
    0.637255    0.879709    0.026972   -0.099334    0.414136    -5936.833180     4806.435875   15.019480    5.914069    0.110063    4.983089
    0.647059    0.878265    0.032312   -0.119899    0.498229    -6086.213114     4840.284401   15.289298    6.032603    0.110063    4.983089
    0.656863    0.876535    0.038753   -0.144476    0.590559    -6255.676335     4872.229218   15.558631    6.150689    0.110063    4.983089
    0.666667    0.874459    0.046499   -0.173411    0.690518    -6447.057225     4902.001290   15.827381    6.268231    0.110063    4.983089
    0.676471    0.871968    0.055772   -0.207000    0.796760    -6661.896421     4929.315092   16.095432    6.385117    0.110063    4.983089
    0.686275    0.868984    0.066804   -0.245452    0.907016    -6901.219593     4953.878343   16.362645    6.501207    0.110063    4.983089
    0.696078    0.865414    0.079835   -0.288845    1.018001    -7165.282620     4975.405993   16.628854    6.616333    0.110063    4.983089
    0.705882    0.861155    0.095105   -0.337081    1.125446    -7453.313811     4993.638067   16.893865    6.730294    0.110063    4.983089
    0.715686    0.856096    0.112844   -0.389842    1.224328    -7763.298851     5008.360112   17.157449    6.842854    0.110063    4.983089
    0.725490    0.850110    0.133261   -0.446575    1.309299    -8091.863362     5019.424061   17.419340    6.953733    0.110063    4.983089
    0.735294    0.843068    0.156530   -0.506484    1.375282    -8434.304501     5026.766551   17.679236    7.062607    0.110063    4.983089
    0.745098    0.834832    0.182784   -0.568570    1.418159    -8784.802393     5030.421457   17.936791    7.169110    0.110063    4.983089
    0.754902    0.825262    0.212100   -0.631689    1.435374    -9136.805686     5030.523939   18.191616    7.272832    0.110063    4.983089
    0.764706    0.814217    0.244502   -0.694635    1.426334    -9483.542479     5027.304576   18.443280    7.373326    0.110063    4.983089
    0.774510    0.801566    0.279950   -0.756240    1.392478    -9818.573222     5021.074021   18.691312    7.470115    0.110063    4.983089
    0.784314    0.787180    0.318353   -0.815458    1.337017   -10136.289774     5012.200456   18.935196    7.562705    0.110063    4.983089
    0.794118    0.770947    0.359573   -0.871436    1.264405   -10432.279971     5001.083349   19.174384    7.650601    0.110063    4.983089
    0.803922    0.752769    0.403436   -0.923550    1.179700   -10703.513558     4988.127384   19.408293    7.733326    0.110063    4.983089
    0.813725    0.732566    0.449742   -0.971416    1.087938   -10948.348634     4973.719803   19.636314    7.810439    0.110063    4.983089
    0.823529    0.710276    0.498279   -1.014876    0.993650   -11166.393182     4958.213230   19.857813    7.881559    0.110063    4.983089
    0.833333    0.685860    0.548832   -1.053956    0.900563   -11358.274890     4941.914676   20.072145    7.946380    0.110063    4.983089
    0.843137    0.659300    0.601190   -1.088829    0.811484   -11525.373787     4925.080324   20.278654    8.004694    0.110063    4.983089
    0.852941    0.630599    0.655154   -1.119769    0.728326   -11669.561571     4907.914990   20.476680    8.056398    0.110063    4.983089
    0.862745    0.599780    0.710541   -1.147112    0.652227   -11792.975701     4890.574877   20.665571    8.101510    0.110063    4.983089
    0.872549    0.566887    0.767183   -1.171221    0.583706   -11897.841269     4873.172305   20.844682    8.140167    0.110063    4.983089
    0.882353    0.531984    0.824932   -1.192465    0.522824   -11986.342258     4855.781329   21.013386    8.172626    0.110063    4.983089
    0.892157    0.495151    0.883655   -1.211203    0.469336   -12060.536819     4838.443469   21.171078    8.199259    0.110063    4.983089
    0.901961    0.456485    0.943240   -1.227770    0.422803   -12122.308102     4821.173050   21.317179    8.220537    0.110063    4.983089
    0.911765    0.416100    1.003588   -1.242475    0.382691   -12173.341552     4803.961902   21.451145    8.237013    0.110063    4.983089
    0.921569    0.374123    1.064614   -1.255595    0.348426   -12215.120583     4786.783318   21.572466    8.249305    0.110063    4.983089
    0.931373    0.330694    1.126247   -1.267381    0.319440   -12248.934035     4769.595290   21.680676    8.258066    0.110063    4.983089
    0.941176    0.285964    1.188428   -1.278055    0.295189   -12275.890511     4752.343109   21.775351    8.263962    0.110063    4.983089
    0.950980    0.240098    1.251108   -1.287816    0.275156   -12296.936124     4734.961438   21.856117    8.267643    0.110063    4.983089
    0.960784    0.193266    1.314246   -1.296839    0.258809   -12312.873433     4717.375980   21.922652    8.269715    0.110063    4.983089
    0.970588    0.145650    1.377810   -1.305282    0.245431   -12324.380289     4699.504871   21.974686    8.270718    0.110063    4.983089
    0.980392    0.097436    1.441775   -1.313275    0.233111   -12332.028264     4681.259899   22.012007    8.271096    0.110063    4.983089
    0.990196    0.048820    1.506120   -1.320817    0.208894   -12336.301822     4662.547651   22.034462    8.271184    0.110063    4.983089
    1.000000   -0.000000    1.570796   -1.325895    0.000000   -12337.627660     4643.270678   22.041958    8.271190    0.110063    4.983089
