           t           r         psi          cs          qs               p             sig           A           V          Q2           S
    0.000000   -0.000000   -1.570796    1.944404    0.000000       39.210923        5.235163   -0.000000    0.000000    0.116423    8.288608
    0.002488    0.020613   -1.610876    1.942781    0.216224       39.243943        4.427542    0.001335   -0.000000    0.116423    8.288608
    0.004975    0.041193   -1.650885    1.937426    0.476748       39.346945        3.630994    0.005339   -0.000004    0.116423    8.288608
    0.007463    0.061707   -1.690739    1.927595    0.782443       39.524433        2.844776    0.012006   -0.000022    0.116423    8.288608
    0.009950    0.082123   -1.730337    1.912528    1.134182       39.780419        2.068152    0.021323   -0.000070    0.116423    8.288608
    0.012438    0.102410   -1.769564    1.891443    1.532793       40.118715        1.300391    0.033278   -0.000169    0.116423    8.288608
    0.014925    0.122538   -1.808287    1.863540    1.979008       40.542984        0.540777    0.047851   -0.000348    0.116423    8.288608
    0.017413    0.142480   -1.846358    1.828004    2.473413       41.056728       -0.211391    0.065019   -0.000638    0.116423    8.288608
    0.019900    0.162211   -1.883610    1.784004    3.016393       41.663259       -0.956797    0.084758   -0.001076    0.116423    8.288608
    0.022388    0.181709   -1.919861    1.730701    3.608075       42.365649       -1.696097    0.107038   -0.001701    0.116423    8.288608
    0.024876    0.200956   -1.954909    1.667251    4.248268       43.166678       -2.429925    0.131828   -0.002553    0.116423    8.288608
    0.027363    0.219937   -1.988537    1.592815    4.936391       44.068773       -3.158885    0.159094   -0.003675    0.116423    8.288608
    0.029851    0.238645   -2.020511    1.506566    5.671400       45.073950       -3.883551    0.188802   -0.005109    0.116423    8.288608
    0.032338    0.257074   -2.050577    1.407702    6.451709       46.183748       -4.604463    0.220915   -0.006896    0.116423    8.288608
    0.034826    0.275227   -2.078468    1.295459    7.275096       47.399169       -5.322131    0.255397   -0.009074    0.116423    8.288608
    0.037313    0.293114   -2.103900    1.169127    8.138605       48.720611       -6.037030    0.292214   -0.011678    0.116423    8.288608
    0.039801    0.310748   -2.126578    1.028072    9.038435       50.147804       -6.749598    0.331332   -0.014740    0.116423    8.288608
    0.042289    0.328153   -2.146190    0.871753    9.969817       51.679740       -7.460243    0.372719   -0.018286    0.116423    8.288608
    0.044776    0.345356   -2.162418    0.699752   10.926879       53.314593       -8.169339    0.416347   -0.022337    0.116423    8.288608
    0.047264    0.362394   -2.174936    0.511798   11.902502       55.049623       -8.877226    0.462193   -0.026907    0.116423    8.288608
    0.049751    0.379309   -2.183413    0.307798   12.888164       56.881063       -9.584213    0.510237   -0.032003    0.116423    8.288608
    0.052239    0.396149   -2.187519    0.087867   13.873791       58.803962      -10.290577    0.560468   -0.037623    0.116423    8.288608
    0.054726    0.412967   -2.186929   -0.147634   14.847609       60.811991      -10.996564    0.612878   -0.043756    0.116423    8.288608
    0.057214    0.429823   -2.181328   -0.398072   15.796026       62.897169      -11.702386    0.667469   -0.050381    0.116423    8.288608
    0.059701    0.446775   -2.170418   -0.662507   16.703560       65.049526      -12.408219    0.724249   -0.057464    0.116423    8.288608
    0.062189    0.463886   -2.153921   -0.939665   17.552832       67.256638      -13.114193    0.783235   -0.064955    0.116423    8.288608
    0.064677    0.481217   -2.131592   -1.227920   18.324667       69.503048      -13.820388    0.844451   -0.072789    0.116423    8.288608
    0.067164    0.498825   -2.103223   -1.525280   18.998312       71.769517      -14.526813    0.907929   -0.080878    0.116423    8.288608
    0.069652    0.516762   -2.068648   -1.829385   19.551818       74.032091      -15.233382    0.973710   -0.089110    0.116423    8.288608
    0.072139    0.535068   -2.027757   -2.137522   19.962571       76.260946      -15.939883    1.041838   -0.097346    0.116423    8.288608
    0.074627    0.553775   -1.980497   -2.446650   20.207999       78.418990      -16.645919    1.112363   -0.105411    0.116423    8.288608
    0.077114    0.572894   -1.926881   -2.753442   20.266400       80.460193      -17.350846    1.185338   -0.113094    0.116423    8.288608
    0.079602    0.592419   -1.866994   -3.054343   20.117857       82.327652      -18.053663    1.260816   -0.120142    0.116423    8.288608
    0.082090    0.612321   -1.800995   -3.345630   19.745164       83.951420      -18.752879    1.338849   -0.126259    0.116423    8.288608
    0.084577    0.632545   -1.729123   -3.623491   19.134677       85.246202      -19.446321    1.419482   -0.131105    0.116423    8.288608
    0.087065    0.653010   -1.651693   -3.884097   18.276993       86.109131      -20.130878    1.502751   -0.134299    0.116423    8.288608
    0.089552    0.673606   -1.569099   -4.123669   17.167407       86.418032      -20.802164    1.588682   -0.135426    0.116423    8.288608
    0.092040    0.694197   -1.481815   -4.338540   15.806100       86.030870      -21.454068    1.677282   -0.134051    0.116423    8.288608
    0.094527    0.714623   -1.390386   -4.525197   14.198066       84.787509      -22.078189    1.768541   -0.129732    0.116423    8.288608
    0.097015    0.734702   -1.295427   -4.680317   12.352878       82.515523      -22.663131    1.862425   -0.122043    0.116423    8.288608
    0.099502    0.754239   -1.197622   -4.800779   10.284405       79.042435      -23.193670    1.958878   -0.110600    0.116423    8.288608
    0.101990    0.773033   -1.097716   -4.883681    8.010692       74.217414      -23.649839    2.057815   -0.095083    0.116423    8.288608
    0.104478    0.790881   -0.996511   -4.926350    5.554231       67.945434      -24.006043    2.159129   -0.075269    0.116423    8.288608
    0.106965    0.807593   -0.894862   -4.926380    2.942855       60.235536      -24.230419    2.262683   -0.051048    0.116423    8.288608
    0.109453    0.822998   -0.793670   -4.881701    0.211398       51.260774      -24.284813    2.368319   -0.022437    0.116423    8.288608
    0.111940    0.836950   -0.693875   -4.790710   -2.595907       41.419585      -24.125838    2.475858    0.010411    0.116423    8.288608
    0.114428    0.849339   -0.596441   -4.652467   -5.422720       31.377191      -23.707609    2.585104    0.047214    0.116423    8.288608
    0.116915    0.860096   -0.502347   -4.466964   -8.198485       22.055313      -22.986530    2.695850    0.087582    0.116423    8.288608
    0.119403    0.869192   -0.412554   -4.235449  -10.838333       14.538268      -21.928059    2.807882    0.131041    0.116423    8.288608
    0.121891    0.876642   -0.327987   -3.960729  -13.246523        9.884599      -20.514467    2.920985    0.177065    0.116423    8.288608
    0.124378    0.882501   -0.249492   -3.647385  -15.324334        8.877767      -18.751670    3.034950    0.225114    0.116423    8.288608
    0.126866    0.886859   -0.177803   -3.301806  -16.981739       11.798079      -16.672688    3.149575    0.274668    0.116423    8.288608
    0.129353    0.889838   -0.113503   -2.931969  -18.150312       18.313880      -14.335903    3.264675    0.325253    0.116423    8.288608
    0.131841    0.891580   -0.057002   -2.546978  -18.793626       27.548014      -11.817965    3.380078    0.376464    0.116423    8.288608
    0.134328    0.892242   -0.008512   -2.156432  -18.911930       38.293985       -9.203221    3.495635    0.427970    0.116423    8.288608
    0.136816    0.891986    0.031949   -1.769747  -18.539953       49.289824       -6.572720    3.611217    0.479523    0.116423    8.288608
    0.139303    0.890979    0.064553   -1.395562  -17.739186       59.448602       -3.995577    3.726715    0.530945    0.116423    8.288608
    0.141791    0.889378    0.089635   -1.041306  -16.587445       67.987419       -1.524170    3.842043    0.582122    0.116423    8.288608
    0.144279    0.887336    0.107672   -0.712963  -15.168630       74.452546        0.806923    3.957133    0.632992    0.116423    8.288608
    0.146766    0.884991    0.119245   -0.415007  -13.564597       78.673705        2.979241    4.071938    0.683531    0.116423    8.288608
    0.149254    0.882470    0.125015   -0.150464  -11.849835       80.687707        4.987345    4.186426    0.733740    0.116423    8.288608
    0.151741    0.879884    0.125691    0.078944  -10.088740       80.661340        6.835346    4.300582    0.783639    0.116423    8.288608
    0.154229    0.877330    0.122006    0.272625   -8.334833       78.828835        8.533755    4.414404    0.833256    0.116423    8.288608
    0.156716    0.874890    0.114692    0.430937   -6.631180       75.448021       10.096934    4.527902    0.882624    0.116423    8.288608
    0.159204    0.872631    0.104470    0.555016   -5.011420       70.773189       11.541209    4.641095    0.931777    0.116423    8.288608
    0.161692    0.870605    0.092029    0.646620   -3.501012       65.040494       12.883579    4.754010    0.980747    0.116423    8.288608
    0.164179    0.868852    0.078014    0.707998   -2.118446       58.461746       14.140887    4.866679    1.029564    0.116423    8.288608
    0.166667    0.867398    0.063023    0.741763   -0.876335       51.223285       15.329325    4.979141    1.078256    0.116423    8.288608
    0.169154    0.866258    0.047596    0.750794    0.217642       43.487640       16.464181    5.091435    1.126849    0.116423    8.288608
    0.171642    0.865436    0.032211    0.738135    1.159955       35.396492       17.559730    5.203601    1.175368    0.116423    8.288608
    0.174129    0.864927    0.017285    0.706916    1.950542       27.074044       18.629208    5.315682    1.223836    0.116423    8.288608
    0.176617    0.864718    0.003166    0.660278    2.592239       18.630312       19.684844    5.427716    1.272277    0.116423    8.288608
    0.179104    0.864789   -0.009858    0.601309    3.090280       10.164055       20.737894    5.539741    1.320712    0.116423    8.288608
    0.181592    0.865115   -0.021565    0.532988    3.451866        1.765223       21.798691    5.651793    1.369164    0.116423    8.288608
    0.184080    0.865668   -0.031792    0.458141    3.685795       -6.483155       22.876669    5.763901    1.417654    0.116423    8.288608
    0.186567    0.866415   -0.040431    0.379397    3.802141      -14.503660       23.980376    5.876095    1.466203    0.116423    8.288608
    0.189055    0.867323   -0.047427    0.299167    3.811983      -22.223764       25.117463    5.988395    1.514830    0.116423    8.288608
    0.191542    0.868359   -0.052772    0.219611    3.727165      -29.575679       26.294660    6.100823    1.563553    0.116423    8.288608
    0.194030    0.869487   -0.056501    0.142627    3.560085      -36.496760       27.517726    6.213390    1.612385    0.116423    8.288608
    0.196517    0.870677   -0.058683    0.069842    3.323505      -42.930385       28.791398    6.326108    1.661341    0.116423    8.288608
    0.199005    0.871896   -0.059419    0.002599    3.030357      -48.827231       30.119330    6.438983    1.710427    0.116423    8.288608
    0.201493    0.873116   -0.058835   -0.058035    2.693549      -54.146811       31.504040    6.552016    1.759652    0.116423    8.288608
    0.203980    0.874313   -0.057077   -0.111270    2.325765      -58.859104       32.946867    6.665205    1.809016    0.116423    8.288608
    0.206468    0.875462   -0.054302   -0.156584    1.939247      -62.946098       34.447954    6.778547    1.858520    0.116423    8.288608
    0.208955    0.876545   -0.050676   -0.193705    1.545582      -66.403037       36.006261    6.892033    1.908159    0.116423    8.288608
    0.211443    0.877546   -0.046370   -0.222597    1.155473      -69.239188       37.619605    7.005655    1.957927    0.116423    8.288608
    0.213930    0.878453   -0.041552   -0.243439    0.778540      -71.477985       39.284750    7.119400    2.007813    0.116423    8.288608
    0.216418    0.879257   -0.036385   -0.256595    0.423135      -73.156462       40.997526    7.233257    2.057807    0.116423    8.288608
    0.218905    0.879952   -0.031020   -0.262587    0.096200      -74.323957       42.752979    7.347210    2.107896    0.116423    8.288608
    0.221393    0.880535   -0.025601   -0.262066   -0.196831      -75.040164       44.545558    7.461246    2.158066    0.116423    8.288608
    0.223881    0.881008   -0.020253   -0.255779   -0.452064      -75.372665       46.369306    7.575351    2.208303    0.116423    8.288608
    0.226368    0.881372   -0.015088   -0.244536   -0.667128      -75.394130       48.218063    7.689510    2.258594    0.116423    8.288608
    0.228856    0.881632   -0.010198   -0.229181   -0.841095      -75.179409       50.085661    7.803709    2.308923    0.116423    8.288608
    0.231343    0.881795   -0.005659   -0.210565   -0.974350      -74.802715       51.966109    7.917935    2.359280    0.116423    8.288608
    0.233831    0.881868   -0.001531   -0.189517   -1.068428      -74.335098       53.853745    8.032177    2.409651    0.116423    8.288608
    0.236318    0.881861    0.002145   -0.166828   -1.125811      -73.842329       55.743366    8.146423    2.460026    0.116423    8.288608
    0.238806    0.881783    0.005342   -0.143228   -1.149725      -73.383289       57.630324    8.260663    2.510395    0.116423    8.288608
    0.241294    0.881644    0.008049   -0.119377   -1.143925      -73.008880       59.510591    8.374889    2.560752    0.116423    8.288608
    0.243781    0.881454    0.010267   -0.095853   -1.112495      -72.761454       61.380790    8.489094    2.611088    0.116423    8.288608
    0.246269    0.881224    0.012007   -0.073152   -1.059661      -72.674678       63.238200    8.603271    2.661400    0.116423    8.288608
    0.248756    0.880962    0.013292   -0.051681   -0.989638      -72.773792       65.080739    8.717416    2.711682    0.116423    8.288608
    0.251244    0.880679    0.014149   -0.031762   -0.906490      -73.076133       66.906933    8.831526    2.761933    0.116423    8.288608
    0.253731    0.880381    0.014614   -0.013636   -0.814033      -73.591873       68.715861    8.945598    2.812150    0.116423    8.288608
    0.256219    0.880078    0.014725    0.002531   -0.715756      -74.324869       70.507099    9.059632    2.862332    0.116423    8.288608
    0.258706    0.879776    0.014524    0.016643   -0.614771      -75.273567       72.280664    9.173626    2.912480    0.116423    8.288608
    0.261194    0.879481    0.014053    0.028664   -0.513786      -76.431912       74.036940    9.287581    2.962594    0.116423    8.288608
    0.263682    0.879198    0.013356    0.038612   -0.415098      -77.790211       75.776625    9.401499    3.012675    0.116423    8.288608
    0.266169    0.878932    0.012475    0.046545   -0.320593      -79.335942       77.500664    9.515381    3.062726    0.116423    8.288608
    0.268657    0.878685    0.011450    0.052562   -0.231773      -81.054475       79.210197    9.629230    3.112748    0.116423    8.288608
    0.271144    0.878461    0.010320    0.056788   -0.149776      -82.929717       80.906505    9.743048    3.162744    0.116423    8.288608
    0.273632    0.878260    0.009119    0.059369   -0.075411      -84.944665       82.590967    9.856839    3.212716    0.116423    8.288608
    0.276119    0.878085    0.007882    0.060466   -0.009192      -87.081877       84.265016    9.970605    3.262667    0.116423    8.288608
    0.278607    0.877935    0.006635    0.060250    0.048623      -89.323869       85.930110   10.084351    3.312601    0.116423    8.288608
    0.281095    0.877811    0.005405    0.058893    0.097997      -91.653440       87.587692   10.198079    3.362519    0.116423    8.288608
    0.283582    0.877712    0.004213    0.056570    0.139080      -94.053943       89.239176   10.311792    3.412425    0.116423    8.288608
    0.286070    0.877637    0.003078    0.053450    0.172173      -96.509491       90.885916   10.425494    3.462321    0.116423    8.288608
    0.288557    0.877585    0.002013    0.049696    0.197698      -99.005132       92.529196   10.539187    3.512210    0.116423    8.288608
    0.291045    0.877553    0.001032    0.045460    0.216170     -101.526971       94.170212   10.652876    3.562094    0.116423    8.288608
    0.293532    0.877541    0.000141    0.040884    0.228173     -104.062264       95.810064   10.766561    3.611977    0.116423    8.288608
    0.296020    0.877547   -0.000653    0.036099    0.234336     -106.599487       97.449750   10.880246    3.661858    0.116423    8.288608
    0.298507    0.877568   -0.001347    0.031222    0.235314     -109.128368       99.090157   10.993933    3.711742    0.116423    8.288608
    0.300995    0.877602   -0.001940    0.026354    0.231772     -111.639908      100.732063   11.107624    3.761628    0.116423    8.288608
    0.303483    0.877647   -0.002434    0.021585    0.224370     -114.126376      102.376135   11.221319    3.811519    0.116423    8.288608
    0.305970    0.877701   -0.002832    0.016992    0.213753     -116.581290      104.022931   11.335021    3.861415    0.116423    8.288608
    0.308458    0.877763   -0.003137    0.012636    0.200535     -118.999380      105.672901   11.448731    3.911318    0.116423    8.288608
    0.310945    0.877830   -0.003355    0.008567    0.185302     -121.376539      107.326396   11.562449    3.961229    0.116423    8.288608
    0.313433    0.877901   -0.003492    0.004824    0.168594     -123.709764      108.983668   11.676176    4.011147    0.116423    8.288608
    0.315920    0.877974   -0.003556    0.001435    0.150910     -125.997082      110.644880   11.789912    4.061073    0.116423    8.288608
    0.318408    0.878047   -0.003554   -0.001585    0.132698     -128.237476      112.310115   11.903658    4.111008    0.116423    8.288608
    0.320896    0.878120   -0.003493   -0.004226    0.114359     -130.430796      113.979378   12.017413    4.160951    0.116423    8.288608
    0.323383    0.878191   -0.003382   -0.006488    0.096242     -132.577670      115.652610   12.131177    4.210902    0.116423    8.288608
    0.325871    0.878259   -0.003228   -0.008378    0.078646     -134.679409      117.329693   12.244951    4.260861    0.116423    8.288608
    0.328358    0.878324   -0.003039   -0.009908    0.061822     -136.737914      119.010458   12.358733    4.310828    0.116423    8.288608
    0.330846    0.878384   -0.002822   -0.011095    0.045972     -138.755581      120.694698   12.472523    4.360802    0.116423    8.288608
    0.333333    0.878440   -0.002584   -0.011960    0.031256     -140.735209      122.382169   12.586321    4.410782    0.116423    8.288608
    0.335821    0.878491   -0.002331   -0.012529    0.017791     -142.679904      124.072605   12.700126    4.460769    0.116423    8.288608
    0.338308    0.878536   -0.002069   -0.012826    0.005656     -144.593004      125.765719   12.813937    4.510761    0.116423    8.288608
    0.340796    0.878576   -0.001804   -0.012881   -0.005104     -146.477988      127.461215   12.927753    4.560758    0.116423    8.288608
    0.343284    0.878610   -0.001540   -0.012721   -0.014475     -148.338408      129.158788   13.041575    4.610759    0.116423    8.288608
    0.345771    0.878639   -0.001281   -0.012375   -0.022471     -150.177824      130.858137   13.155400    4.660764    0.116423    8.288608
    0.348259    0.878663   -0.001030   -0.011871   -0.029126     -151.999737      132.558966   13.269229    4.710772    0.116423    8.288608
    0.350746    0.878682   -0.000792   -0.011237   -0.034497     -153.807546      134.260985   13.383060    4.760782    0.116423    8.288608
    0.353234    0.878696   -0.000568   -0.010499   -0.038653     -155.604499      135.963921   13.496894    4.810794    0.116423    8.288608
    0.355721    0.878705   -0.000360   -0.009681   -0.041677     -157.393657      137.667514   13.610729    4.860808    0.116423    8.288608
    0.358209    0.878711   -0.000169   -0.008806   -0.043662     -159.177868      139.371526   13.724565    4.910822    0.116423    8.288608
    0.360697    0.878713    0.000003   -0.007896   -0.044705     -160.959743      141.075734   13.838402    4.960837    0.116423    8.288608
    0.363184    0.878711    0.000157   -0.006969   -0.044907     -162.741642      142.779940   13.952239    5.010852    0.116423    8.288608
    0.365672    0.878706    0.000291   -0.006041   -0.044372     -164.525668      144.483966   14.066075    5.060866    0.116423    8.288608
    0.368159    0.878699    0.000406   -0.005128   -0.043201     -166.313656      146.187659   14.179910    5.110880    0.116423    8.288608
    0.370647    0.878690    0.000502   -0.004242   -0.041492     -168.107184      147.890884   14.293745    5.160893    0.116423    8.288608
    0.373134    0.878678    0.000581   -0.003393   -0.039342     -169.907573      149.593530   14.407578    5.210905    0.116423    8.288608
    0.375622    0.878666    0.000643   -0.002591   -0.036840     -171.715895      151.295506   14.521409    5.260915    0.116423    8.288608
    0.378109    0.878652    0.000688   -0.001842   -0.034070     -173.532989      152.996741   14.635239    5.310924    0.116423    8.288608
    0.380597    0.878638    0.000719   -0.001151   -0.031111     -175.359475      154.697183   14.749067    5.360931    0.116423    8.288608
    0.383085    0.878622    0.000736   -0.000522   -0.028031     -177.195767      156.396797   14.862893    5.410936    0.116423    8.288608
    0.385572    0.878607    0.000741    0.000044   -0.024896     -179.042093      158.095562   14.976717    5.460940    0.116423    8.288608
    0.388060    0.878592    0.000735    0.000544   -0.021759     -180.898513      159.793474   15.090539    5.510942    0.116423    8.288608
    0.390547    0.878577    0.000719    0.000981   -0.018670     -182.764937      161.490540   15.204359    5.560942    0.116423    8.288608
    0.393035    0.878562    0.000695    0.001353   -0.015671     -184.641143      163.186778   15.318177    5.610941    0.116423    8.288608
    0.395522    0.878548    0.000664    0.001665   -0.012795     -186.526797      164.882217   15.431993    5.660938    0.116423    8.288608
    0.398010    0.878535    0.000627    0.001917   -0.010071     -188.421468      166.576892   15.545808    5.710933    0.116423    8.288608
    0.400498    0.878523    0.000585    0.002115   -0.007522     -190.324649      168.270847   15.659621    5.760927    0.116423    8.288608
    0.402985    0.878511    0.000540    0.002260   -0.005163     -192.235771      169.964129   15.773432    5.810920    0.116423    8.288608
    0.405473    0.878500    0.000492    0.002358   -0.003007     -194.154216      171.656791   15.887242    5.860911    0.116423    8.288608
    0.407960    0.878491    0.000443    0.002412   -0.001060     -196.079334      173.348887   16.001051    5.910901    0.116423    8.288608
    0.410448    0.878482    0.000393    0.002427    0.000674     -198.010456      175.040475   16.114858    5.960890    0.116423    8.288608
    0.412935    0.878475    0.000343    0.002407    0.002198     -199.946903      176.731611   16.228664    6.010878    0.116423    8.288608
    0.415423    0.878468    0.000294    0.002356    0.003513     -201.887998      178.422352   16.342470    6.060866    0.116423    8.288608
    0.417910    0.878462    0.000246    0.002279    0.004627     -203.833073      180.112757   16.456274    6.110852    0.116423    8.288608
    0.420398    0.878458    0.000200    0.002180    0.005547     -205.781482      181.802878   16.570078    6.160839    0.116423    8.288608
    0.422886    0.878454    0.000156    0.002062    0.006285     -207.732600      183.492770   16.683882    6.210824    0.116423    8.288608
    0.425373    0.878451    0.000115    0.001930    0.006852     -209.685836      185.182482   16.797685    6.260810    0.116423    8.288608
    0.427861    0.878449    0.000077    0.001787    0.007260     -211.640632      186.872062   16.911487    6.310795    0.116423    8.288608
    0.430348    0.878448    0.000041    0.001636    0.007523     -213.596470      188.561553   17.025290    6.360779    0.116423    8.288608
    0.432836    0.878448    0.000009    0.001480    0.007654     -215.552871      190.250997   17.139092    6.410764    0.116423    8.288608
    0.435323    0.878448   -0.000020    0.001322    0.007668     -217.509402      191.940430   17.252895    6.460749    0.116423    8.288608
    0.437811    0.878448   -0.000045    0.001163    0.007577     -219.465671      193.629884   17.366697    6.510734    0.116423    8.288608
    0.440299    0.878450   -0.000068    0.001007    0.007397     -221.421332      195.319391   17.480500    6.560718    0.116423    8.288608
    0.442786    0.878451   -0.000087    0.000855    0.007139     -223.376082      197.008974   17.594302    6.610703    0.116423    8.288608
    0.445274    0.878453   -0.000103    0.000709    0.006816     -225.329661      198.698657   17.708105    6.660689    0.116423    8.288608
    0.447761    0.878455   -0.000116    0.000569    0.006441     -227.281850      200.388458   17.821909    6.710674    0.116423    8.288608
    0.450249    0.878458   -0.000126    0.000437    0.006025     -229.232472      202.078392   17.935712    6.760660    0.116423    8.288608
    0.452736    0.878461   -0.000134    0.000314    0.005577     -231.181385      203.768471   18.049516    6.810646    0.116423    8.288608
    0.455224    0.878463   -0.000139    0.000200    0.005108     -233.128485      205.458704   18.163320    6.860632    0.116423    8.288608
    0.457711    0.878466   -0.000142    0.000096    0.004626     -235.073699      207.149096   18.277125    6.910619    0.116423    8.288608
    0.460199    0.878469   -0.000143    0.000002    0.004139     -237.016986      208.839652   18.390930    6.960606    0.116423    8.288608
    0.462687    0.878472   -0.000143   -0.000082    0.003654     -238.958332      210.530373   18.504735    7.010593    0.116423    8.288608
    0.465174    0.878475   -0.000140   -0.000156    0.003176     -240.897747      212.221257   18.618541    7.060581    0.116423    8.288608
    0.467662    0.878478   -0.000136   -0.000221    0.002712     -242.835266      213.912302   18.732347    7.110569    0.116423    8.288608
    0.470149    0.878481   -0.000131   -0.000276    0.002266     -244.770939      215.603503   18.846154    7.160557    0.116423    8.288608
    0.472637    0.878483   -0.000125   -0.000321    0.001841     -246.704837      217.294856   18.959960    7.210546    0.116423    8.288608
    0.475124    0.878486   -0.000118   -0.000358    0.001440     -248.637042      218.986351   19.073768    7.260535    0.116423    8.288608
    0.477612    0.878488   -0.000110   -0.000387    0.001066     -250.567650      220.677982   19.187575    7.310524    0.116423    8.288608
    0.480100    0.878490   -0.000102   -0.000408    0.000720     -252.496764      222.369740   19.301383    7.360513    0.116423    8.288608
    0.482587    0.878492   -0.000093   -0.000423    0.000403     -254.424496      224.061614   19.415191    7.410503    0.116423    8.288608
    0.485075    0.878494   -0.000085   -0.000430    0.000116     -256.350961      225.753597   19.528999    7.460493    0.116423    8.288608
    0.487562    0.878496   -0.000076   -0.000432   -0.000140     -258.276278      227.445676   19.642808    7.510483    0.116423    8.288608
    0.490050    0.878497   -0.000067   -0.000429   -0.000367     -260.200569      229.137842   19.756616    7.560474    0.116423    8.288608
    0.492537    0.878499   -0.000058   -0.000421   -0.000564     -262.123953      230.830086   19.870425    7.610464    0.116423    8.288608
    0.495025    0.878500   -0.000050   -0.000409   -0.000733     -264.046549      232.522396   19.984234    7.660455    0.116423    8.288608
    0.497512    0.878501   -0.000041   -0.000393   -0.000874     -265.968473      234.214762   20.098044    7.710445    0.116423    8.288608
    0.500000    0.878502   -0.000033   -0.000375   -0.000990     -267.889837      235.907177   20.211853    7.760436    0.116423    8.288608
    0.502488    0.878502   -0.000026   -0.000354   -0.001081     -269.810749      237.599630   20.325662    7.810427    0.116423    8.288608
    0.504975    0.878503   -0.000019   -0.000332   -0.001148     -271.731310      239.292112   20.439472    7.860418    0.116423    8.288608
    0.507463    0.878503   -0.000012   -0.000308   -0.001195     -273.651618      240.984616   20.553281    7.910409    0.116423    8.288608
    0.509950    0.878503   -0.000006   -0.000284   -0.001222     -275.571760      242.677134   20.667091    7.960400    0.116423    8.288608
    0.512438    0.878503   -0.000000   -0.000258   -0.001232     -277.491821      244.369659   20.780900    8.010391    0.116423    8.288608
    0.514925    0.878503    0.000005   -0.000233   -0.001225     -279.411875      246.062184   20.894710    8.060382    0.116423    8.288608
    0.517413    0.878503    0.000009   -0.000208   -0.001205     -281.331992      247.754704   21.008519    8.110373    0.116423    8.288608
    0.519900    0.878503    0.000013   -0.000183   -0.001172     -283.252232      249.447214   21.122329    8.160364    0.116423    8.288608
    0.522388    0.878502    0.000017   -0.000159   -0.001128     -285.172652      251.139708   21.236138    8.210355    0.116423    8.288608
    0.524876    0.878502    0.000020   -0.000135   -0.001075     -287.093298      252.832184   21.349948    8.260346    0.116423    8.288608
    0.527363    0.878502    0.000022   -0.000113   -0.001014     -289.014212      254.524636   21.463757    8.310337    0.116423    8.288608
    0.529851    0.878501    0.000024   -0.000092   -0.000947     -290.935428      256.217063   21.577567    8.360328    0.116423    8.288608
    0.532338    0.878501    0.000026   -0.000073   -0.000875     -292.856975      257.909462   21.691376    8.410318    0.116423    8.288608
    0.534826    0.878500    0.000027   -0.000055   -0.000800     -294.778876      259.601831   21.805185    8.460309    0.116423    8.288608
    0.537313    0.878499    0.000028   -0.000039   -0.000721     -296.701150      261.294168   21.918994    8.510300    0.116423    8.288608
    0.539801    0.878499    0.000029   -0.000024   -0.000641     -298.623809      262.986473   22.032803    8.560290    0.116423    8.288608
    0.542289    0.878498    0.000029   -0.000011   -0.000561     -300.546862      264.678744   22.146612    8.610281    0.116423    8.288608
    0.544776    0.878498    0.000030    0.000001   -0.000480     -302.470314      266.370982   22.260421    8.660271    0.116423    8.288608
    0.547264    0.878497    0.000029    0.000011   -0.000400     -304.394166      268.063185   22.374230    8.710262    0.116423    8.288608
    0.549751    0.878496    0.000029    0.000019   -0.000321     -306.318417      269.755355   22.488039    8.760252    0.116423    8.288608
    0.552239    0.878496    0.000029    0.000026   -0.000244     -308.243062      271.447491   22.601847    8.810242    0.116423    8.288608
    0.554726    0.878495    0.000028    0.000031   -0.000169     -310.168095      273.139595   22.715656    8.860232    0.116423    8.288608
    0.557214    0.878495    0.000027    0.000034   -0.000096     -312.093509      274.831666   22.829464    8.910222    0.116423    8.288608
    0.559701    0.878494    0.000027    0.000036   -0.000025     -314.019294      276.523706   22.943273    8.960212    0.116423    8.288608
    0.562189    0.878494    0.000026    0.000037    0.000043     -315.945440      278.215715   23.057081    9.010202    0.116423    8.288608
    0.564677    0.878493    0.000025    0.000036    0.000108     -317.871937      279.907694   23.170889    9.060192    0.116423    8.288608
    0.567164    0.878493    0.000024    0.000033    0.000171     -319.798776      281.599645   23.284698    9.110182    0.116423    8.288608
    0.569652    0.878492    0.000024    0.000030    0.000232     -321.725946      283.291567   23.398506    9.160172    0.116423    8.288608
    0.572139    0.878492    0.000023    0.000025    0.000291     -323.653439      284.983462   23.512314    9.210162    0.116423    8.288608
    0.574627    0.878491    0.000023    0.000019    0.000347     -325.581246      286.675330   23.626122    9.260151    0.116423    8.288608
    0.577114    0.878491    0.000022    0.000012    0.000402     -327.509363      288.367173   23.739930    9.310141    0.116423    8.288608
    0.579602    0.878490    0.000022    0.000004    0.000456     -329.437784      290.058989   23.853738    9.360131    0.116423    8.288608
    0.582090    0.878490    0.000022   -0.000006    0.000510     -331.366507      291.750780   23.967546    9.410120    0.116423    8.288608
    0.584577    0.878489    0.000023   -0.000016    0.000563     -333.295533      293.442545   24.081353    9.460110    0.116423    8.288608
    0.587065    0.878489    0.000023   -0.000028    0.000616     -335.224864      295.134284   24.195161    9.510099    0.116423    8.288608
    0.589552    0.878488    0.000024   -0.000040    0.000670     -337.154507      296.825997   24.308969    9.560088    0.116423    8.288608
    0.592040    0.878488    0.000025   -0.000054    0.000726     -339.084470      298.517682   24.422776    9.610078    0.116423    8.288608
    0.594527    0.878487    0.000026   -0.000069    0.000783     -341.014768      300.209339   24.536584    9.660067    0.116423    8.288608
    0.597015    0.878487    0.000027   -0.000085    0.000843     -342.945418      301.900967   24.650391    9.710056    0.116423    8.288608
    0.599502    0.878486    0.000029   -0.000102    0.000907     -344.876440      303.592563   24.764199    9.760045    0.116423    8.288608
    0.601990    0.878486    0.000032   -0.000121    0.000975     -346.807861      305.284125   24.878006    9.810034    0.116423    8.288608
    0.604478    0.878485    0.000034   -0.000141    0.001048     -348.739713      306.975650   24.991813    9.860023    0.116423    8.288608
    0.606965    0.878484    0.000038   -0.000162    0.001127     -350.672031      308.667136   25.105621    9.910012    0.116423    8.288608
    0.609453    0.878483    0.000041   -0.000185    0.001213     -352.604858      310.358579   25.219428    9.960001    0.116423    8.288608
    0.611940    0.878482    0.000045   -0.000210    0.001307     -354.538242      312.049975   25.333235   10.009990    0.116423    8.288608
    0.614428    0.878481    0.000050   -0.000237    0.001410     -356.472240      313.741318   25.447041   10.059978    0.116423    8.288608
    0.616915    0.878480    0.000055   -0.000266    0.001523     -358.406912      315.432605   25.560848   10.109967    0.116423    8.288608
    0.619403    0.878479    0.000061   -0.000297    0.001647     -360.342330      317.123828   25.674655   10.159955    0.116423    8.288608
    0.621891    0.878478    0.000067   -0.000330    0.001783     -362.278572      318.814981   25.788461   10.209943    0.116423    8.288608
    0.624378    0.878476    0.000074   -0.000367    0.001933     -364.215726      320.506057   25.902267   10.259932    0.116423    8.288608
    0.626866    0.878475    0.000082   -0.000406    0.002099     -366.153888      322.197048   26.016073   10.309919    0.116423    8.288608
    0.629353    0.878473    0.000091   -0.000449    0.002281     -368.093167      323.887943   26.129879   10.359907    0.116423    8.288608
    0.631841    0.878471    0.000101   -0.000496    0.002482     -370.033682      325.578734   26.243684   10.409895    0.116423    8.288608
    0.634328    0.878469    0.000112   -0.000546    0.002704     -371.975565      327.269409   26.357490   10.459882    0.116423    8.288608
    0.636816    0.878466    0.000123   -0.000601    0.002947     -373.918961      328.959956   26.471295   10.509869    0.116423    8.288608
    0.639303    0.878464    0.000136   -0.000661    0.003215     -375.864030      330.650361   26.585099   10.559856    0.116423    8.288608
    0.641791    0.878461    0.000151   -0.000727    0.003510     -377.810948      332.340609   26.698903   10.609842    0.116423    8.288608
    0.644279    0.878458    0.000166   -0.000798    0.003833     -379.759910      334.030684   26.812707   10.659828    0.116423    8.288608
    0.646766    0.878454    0.000184   -0.000876    0.004189     -381.711126      335.720567   26.926511   10.709814    0.116423    8.288608
    0.649254    0.878450    0.000203   -0.000961    0.004579     -383.664831      337.410239   27.040314   10.759799    0.116423    8.288608
    0.651741    0.878446    0.000223   -0.001054    0.005008     -385.621280      339.099679   27.154116   10.809783    0.116423    8.288608
    0.654229    0.878441    0.000246   -0.001156    0.005477     -387.580754      340.788862   27.267918   10.859768    0.116423    8.288608
    0.656716    0.878435    0.000271   -0.001267    0.005992     -389.543561      342.477762   27.381719   10.909751    0.116423    8.288608
    0.659204    0.878429    0.000299   -0.001389    0.006556     -391.510036      344.166351   27.495519   10.959734    0.116423    8.288608
    0.661692    0.878423    0.000328   -0.001522    0.007173     -393.480550      345.854597   27.609319   11.009717    0.116423    8.288608
    0.664179    0.878416    0.000361   -0.001668    0.007849     -395.455507      347.542466   27.723118   11.059698    0.116423    8.288608
    0.666667    0.878408    0.000397   -0.001827    0.008589     -397.435350      349.229920   27.836916   11.109679    0.116423    8.288608
    0.669154    0.878400    0.000437   -0.002001    0.009397     -399.420562      350.916918   27.950712   11.159658    0.116423    8.288608
    0.671642    0.878390    0.000480   -0.002192    0.010281     -401.411675      352.603415   28.064508   11.209637    0.116423    8.288608
    0.674129    0.878380    0.000527   -0.002400    0.011248     -403.409268      354.289361   28.178302   11.259615    0.116423    8.288608
    0.676617    0.878368    0.000579   -0.002628    0.012303     -405.413978      355.974703   28.292095   11.309591    0.116423    8.288608
    0.679104    0.878356    0.000636   -0.002877    0.013456     -407.426497      357.659381   28.405886   11.359566    0.116423    8.288608
    0.681592    0.878342    0.000698   -0.003150    0.014715     -409.447587      359.343331   28.519676   11.409540    0.116423    8.288608
    0.684080    0.878327    0.000766   -0.003447    0.016089     -411.478077      361.026481   28.633463   11.459511    0.116423    8.288608
    0.686567    0.878310    0.000840   -0.003773    0.017588     -413.518875      362.708754   28.747249   11.509481    0.116423    8.288608
    0.689055    0.878292    0.000922   -0.004129    0.019223     -415.570973      364.390066   28.861033   11.559449    0.116423    8.288608
    0.691542    0.878272    0.001011   -0.004518    0.021006     -417.635454      366.070324   28.974814   11.609415    0.116423    8.288608
    0.694030    0.878251    0.001108   -0.004942    0.022951     -419.713502      367.749426   29.088592   11.659379    0.116423    8.288608
    0.696517    0.878227    0.001215   -0.005406    0.025070     -421.806408      369.427263   29.202367   11.709340    0.116423    8.288608
    0.699005    0.878200    0.001331   -0.005913    0.027379     -423.915582      371.103712   29.316139   11.759298    0.116423    8.288608
    0.701493    0.878172    0.001459   -0.006466    0.029894     -426.042563      372.778643   29.429908   11.809253    0.116423    8.288608
    0.703980    0.878140    0.001598   -0.007069    0.032632     -428.189028      374.451911   29.543672   11.859204    0.116423    8.288608
    0.706468    0.878106    0.001751   -0.007728    0.035614     -430.356806      376.123358   29.657433   11.909152    0.116423    8.288608
    0.708955    0.878068    0.001917   -0.008446    0.038859     -432.547889      377.792814   29.771188   11.959096    0.116423    8.288608
    0.711443    0.878026    0.002100   -0.009230    0.042388     -434.764447      379.460090   29.884939   12.009035    0.116423    8.288608
    0.713930    0.877981    0.002299   -0.010085    0.046227     -437.008841      381.124983   29.998684   12.058969    0.116423    8.288608
    0.716418    0.877932    0.002516   -0.011017    0.050400     -439.283642      382.787270   30.112422   12.108897    0.116423    8.288608
    0.718905    0.877877    0.002753   -0.012032    0.054934     -441.591642      384.446709   30.226154   12.158820    0.116423    8.288608
    0.721393    0.877818    0.003013   -0.013139    0.059860     -443.935876      386.103035   30.339879   12.208737    0.116423    8.288608
    0.723881    0.877753    0.003296   -0.014344    0.065208     -446.319639      387.755961   30.453596   12.258646    0.116423    8.288608
    0.726368    0.877682    0.003605   -0.015657    0.071012     -448.746506      389.405175   30.567304   12.308547    0.116423    8.288608
    0.728856    0.877604    0.003942   -0.017085    0.077308     -451.220351      391.050336   30.681002   12.358440    0.116423    8.288608
    0.731343    0.877519    0.004310   -0.018640    0.084133     -453.745372      392.691075   30.794689   12.408324    0.116423    8.288608
    0.733831    0.877426    0.004712   -0.020331    0.091529     -456.326106      394.326990   30.908366   12.458197    0.116423    8.288608
    0.736318    0.877324    0.005150   -0.022170    0.099538     -458.967463      395.957647   31.022029   12.508059    0.116423    8.288608
    0.738806    0.877213    0.005627   -0.024169    0.108205     -461.674738      397.582572   31.135679   12.557909    0.116423    8.288608
    0.741294    0.877092    0.006148   -0.026342    0.117578     -464.453644      399.201254   31.249314   12.607746    0.116423    8.288608
    0.743781    0.876960    0.006715   -0.028701    0.127708     -467.310331      400.813139   31.362932   12.657568    0.116423    8.288608
    0.746269    0.876815    0.007333   -0.031262    0.138646     -470.251411      402.417627   31.476532   12.707374    0.116423    8.288608
    0.748756    0.876657    0.008005   -0.034041    0.150448     -473.283984      404.014071   31.590113   12.757163    0.116423    8.288608
    0.751244    0.876484    0.008738   -0.037055    0.163170     -476.415655      405.601771   31.703672   12.806933    0.116423    8.288608
    0.753731    0.876296    0.009535   -0.040322    0.176870     -479.654560      407.179972   31.817208   12.856682    0.116423    8.288608
    0.756219    0.876091    0.010403   -0.043861    0.191609     -483.009384      408.747864   31.930719   12.906408    0.116423    8.288608
    0.758706    0.875867    0.011346   -0.047693    0.207447     -486.489373      410.304571   32.044202   12.956109    0.116423    8.288608
    0.761194    0.875622    0.012372   -0.051839    0.224446     -490.104348      411.849157   32.157654   13.005783    0.116423    8.288608
    0.763682    0.875356    0.013486   -0.056321    0.242668     -493.864716      413.380615   32.271073   13.055428    0.116423    8.288608
    0.766169    0.875065    0.014697   -0.061164    0.262173     -497.781464      414.897867   32.384457   13.105040    0.116423    8.288608
    0.768657    0.874749    0.016011   -0.066392    0.283020     -501.866156      416.399764   32.497801   13.154617    0.116423    8.288608
    0.771144    0.874404    0.017437   -0.072031    0.305267     -506.130920      417.885077   32.611102   13.204156    0.116423    8.288608
    0.773632    0.874029    0.018984   -0.078108    0.328966     -510.588420      419.352500   32.724356   13.253652    0.116423    8.288608
    0.776119    0.873621    0.020661   -0.084651    0.354165     -515.251818      420.800646   32.837560   13.303103    0.116423    8.288608
    0.778607    0.873176    0.022478   -0.091689    0.380905     -520.134729      422.228048   32.950709   13.352504    0.116423    8.288608
    0.781095    0.872693    0.024446   -0.099251    0.409220     -525.251146      423.633153   33.063798   13.401850    0.116423    8.288608
    0.783582    0.872167    0.026575   -0.107366    0.439134     -530.615363      425.014329   33.176821   13.451136    0.116423    8.288608
    0.786070    0.871596    0.028877   -0.116064    0.470657     -536.241869      426.369861   33.289773   13.500358    0.116423    8.288608
    0.788557    0.870975    0.031365   -0.125376    0.503789     -542.145225      427.697956   33.402648   13.549509    0.116423    8.288608
    0.791045    0.870301    0.034052   -0.135331    0.538512     -548.339918      428.996747   33.515439   13.598584    0.116423    8.288608
    0.793532    0.869570    0.036950   -0.145958    0.574789     -554.840191      430.264297   33.628140   13.647574    0.116423    8.288608
    0.796020    0.868776    0.040075   -0.157285    0.612566     -561.659848      431.498604   33.740741   13.696473    0.116423    8.288608
    0.798507    0.867916    0.043441   -0.169339    0.651763     -568.812038      432.697614   33.853236   13.745273    0.116423    8.288608
    0.800995    0.866984    0.047064   -0.182144    0.692279     -576.309012      433.859226   33.965614   13.793965    0.116423    8.288608
    0.803483    0.865974    0.050958   -0.195722    0.733986     -584.161861      434.981310   34.077867   13.842539    0.116423    8.288608
    0.805970    0.864881    0.055140   -0.210094    0.776728     -592.380232      436.061714   34.189983   13.890986    0.116423    8.288608
    0.808458    0.863700    0.059627   -0.225275    0.820321     -600.972029      437.098288   34.301953   13.939294    0.116423    8.288608
    0.810945    0.862422    0.064435   -0.241278    0.864555     -609.943109      438.088896   34.413763   13.987451    0.116423    8.288608
    0.813433    0.861042    0.069582   -0.258109    0.909187     -619.296967      439.031442   34.525401   14.035444    0.116423    8.288608
    0.815920    0.859552    0.075085   -0.275771    0.953949     -629.034427      439.923886   34.636853   14.083261    0.116423    8.288608
    0.818408    0.857946    0.080960   -0.294262    0.998547     -639.153353      440.764272   34.748105   14.130885    0.116423    8.288608
    0.820896    0.856215    0.087225   -0.313572    1.042664     -649.648376      441.550752   34.859140   14.178300    0.116423    8.288608
    0.823383    0.854351    0.093896   -0.333686    1.085961     -660.510656      442.281609   34.969943   14.225491    0.116423    8.288608
    0.825871    0.852346    0.100990   -0.354582    1.128087     -671.727697      442.955284   35.080496   14.272438    0.116423    8.288608
    0.828358    0.850191    0.108523   -0.376230    1.168679     -683.283211      443.570402   35.190779   14.319121    0.116423    8.288608
    0.830846    0.847876    0.116510   -0.398595    1.207368     -695.157054      444.125797   35.300772   14.365521    0.116423    8.288608
    0.833333    0.845394    0.124965   -0.421633    1.243791     -707.325238      444.620530   35.410455   14.411615    0.116423    8.288608
    0.835821    0.842733    0.133901   -0.445295    1.277593     -719.760025      445.053915   35.519805   14.457379    0.116423    8.288608
    0.838308    0.839885    0.143331   -0.469524    1.308436     -732.430113      445.425533   35.628798   14.502788    0.116423    8.288608
    0.840796    0.836840    0.153266   -0.494257    1.336007     -745.300905      445.735247   35.737410   14.547818    0.116423    8.288608
    0.843284    0.833586    0.163716   -0.519427    1.360026     -758.334872      445.983209   35.845613   14.592439    0.116423    8.288608
    0.845771    0.830115    0.174688   -0.544961    1.380248     -771.491991      446.169869   35.953382   14.636624    0.116423    8.288608
    0.848259    0.826416    0.186190   -0.570781    1.396476     -784.730260      446.295972   36.060685   14.680342    0.116423    8.288608
    0.850746    0.822478    0.198227   -0.596808    1.408559     -798.006266      446.362553   36.167495   14.723561    0.116423    8.288608
    0.853234    0.818292    0.210801   -0.622961    1.416401     -811.275796      446.370929   36.273778   14.766251    0.116423    8.288608
    0.855721    0.813846    0.223916   -0.649157    1.419958     -824.494476      446.322682   36.379502   14.808376    0.116423    8.288608
    0.858209    0.809132    0.237570   -0.675313    1.419243     -837.618407      446.219641   36.484633   14.849904    0.116423    8.288608
    0.860697    0.804138    0.251763   -0.701348    1.414324     -850.604794      446.063858   36.589135   14.890798    0.116423    8.288608
    0.863184    0.798856    0.266490   -0.727183    1.405318     -863.412534      445.857581   36.692972   14.931022    0.116423    8.288608
    0.865672    0.793276    0.281748   -0.752743    1.392393     -876.002757      445.603225   36.796105   14.970542    0.116423    8.288608
    0.868159    0.787388    0.297529   -0.777956    1.375759     -888.339302      445.303344   36.898495   15.009319    0.116423    8.288608
    0.870647    0.781184    0.313825   -0.802756    1.355666     -900.389110      444.960595   37.000102   15.047319    0.116423    8.288608
    0.873134    0.774655    0.330629   -0.827080    1.332391     -912.122542      444.577706   37.100885   15.084503    0.116423    8.288608
    0.875622    0.767794    0.347928   -0.850875    1.306241     -923.513603      444.157448   37.200800   15.120838    0.116423    8.288608
    0.878109    0.760593    0.365712   -0.874091    1.277535     -934.540076      443.702602   37.299805   15.156286    0.116423    8.288608
    0.880597    0.753045    0.383968   -0.896685    1.246607     -945.183574      443.215931   37.397854   15.190815    0.116423    8.288608
    0.883085    0.745144    0.402684   -0.918623    1.213791     -955.429516      442.700155   37.494903   15.224391    0.116423    8.288608
    0.885572    0.736883    0.421845   -0.939875    1.179421     -965.267019      442.157927   37.590904   15.256982    0.116423    8.288608
    0.888060    0.728258    0.441437   -0.960419    1.143823     -974.688745      441.591813   37.685812   15.288559    0.116423    8.288608
    0.890547    0.719263    0.461444   -0.980238    1.107310     -983.690685      441.004274   37.779579   15.319094    0.116423    8.288608
    0.893035    0.709896    0.481853   -0.999323    1.070179     -992.271913      440.397653   37.872157   15.348562    0.116423    8.288608
    0.895522    0.700152    0.502648   -1.017667    1.032706    -1000.434303      439.774163   37.963496   15.376940    0.116423    8.288608
    0.898010    0.690030    0.523814   -1.035271    0.995148    -1008.182235      439.135879   38.053549   15.404208    0.116423    8.288608
    0.900498    0.679526    0.545335   -1.052141    0.957736    -1015.522292      438.484733   38.142265   15.430348    0.116423    8.288608
    0.902985    0.668640    0.567196   -1.068284    0.920677    -1022.462955      437.822508   38.229597   15.455347    0.116423    8.288608
    0.905473    0.657370    0.589382   -1.083713    0.884155    -1029.014303      437.150842   38.315493   15.479195    0.116423    8.288608
    0.907960    0.645718    0.611880   -1.098444    0.848329    -1035.187736      436.471224   38.399904   15.501883    0.116423    8.288608
    0.910448    0.633684    0.634674   -1.112493    0.813334    -1040.995702      435.784999   38.482781   15.523410    0.116423    8.288608
    0.912935    0.621269    0.657751   -1.125883    0.779284    -1046.451451      435.093372   38.564074   15.543775    0.116423    8.288608
    0.915423    0.608475    0.681098   -1.138634    0.746272    -1051.568815      434.397410   38.643735   15.562983    0.116423    8.288608
    0.917910    0.595305    0.704701   -1.150771    0.714371    -1056.362001      433.698051   38.721713   15.581041    0.116423    8.288608
    0.920398    0.581763    0.728548   -1.162316    0.683637    -1060.845418      432.996107   38.797961   15.597962    0.116423    8.288608
    0.922886    0.567852    0.752627   -1.173296    0.654109    -1065.033519      432.292273   38.872431   15.613762    0.116423    8.288608
    0.925373    0.553577    0.776927   -1.183735    0.625814    -1068.940669      431.587132   38.945075   15.628460    0.116423    8.288608
    0.927861    0.538943    0.801437   -1.193659    0.598764    -1072.581035      430.881163   39.015847   15.642080    0.116423    8.288608
    0.930348    0.523956    0.826146   -1.203094    0.572961    -1075.968492      430.174746   39.084700   15.654647    0.116423    8.288608
    0.932836    0.508623    0.851046   -1.212065    0.548399    -1079.116548      429.468169   39.151588   15.666193    0.116423    8.288608
    0.935323    0.492949    0.876125   -1.220597    0.525063    -1082.038286      428.761637   39.216468   15.676751    0.116423    8.288608
    0.937811    0.476944    0.901376   -1.228714    0.502929    -1084.746314      428.055274   39.279297   15.686357    0.116423    8.288608
    0.940299    0.460615    0.926791   -1.236439    0.481971    -1087.252740      427.349130   39.340030   15.695051    0.116423    8.288608
    0.942786    0.443970    0.952361   -1.243796    0.462155    -1089.569141      426.643188   39.398628   15.702874    0.116423    8.288608
    0.945274    0.427019    0.978079   -1.250808    0.443444    -1091.706557      425.937368   39.455049   15.709871    0.116423    8.288608
    0.947761    0.409771    1.003938   -1.257494    0.425797    -1093.675480      425.231530   39.509255   15.716086    0.116423    8.288608
    0.950249    0.392235    1.029932   -1.263877    0.409168    -1095.485856      424.525482   39.561208   15.721568    0.116423    8.288608
    0.952736    0.374423    1.056054   -1.269976    0.393510    -1097.147094      423.818979   39.610871   15.726364    0.116423    8.288608
    0.955224    0.356346    1.082300   -1.275808    0.378769    -1098.668071      423.111733   39.658209   15.730526    0.116423    8.288608
    0.957711    0.338013    1.108663   -1.281394    0.364887    -1100.057149      422.403409   39.703188   15.734101    0.116423    8.288608
    0.960199    0.319438    1.135139   -1.286748    0.351800    -1101.322192      421.693634   39.745777   15.737142    0.116423    8.288608
    0.962687    0.300632    1.161723   -1.291887    0.339434    -1102.470582      420.981998   39.785945   15.739697    0.116423    8.288608
    0.965174    0.281608    1.188411   -1.296824    0.327701    -1103.509237      420.268056   39.823661   15.741815    0.116423    8.288608
    0.967662    0.262378    1.215198   -1.301574    0.316499    -1104.444637      419.551328   39.858900   15.743546    0.116423    8.288608
    0.970149    0.242955    1.242082   -1.306147    0.305697    -1105.282839      418.831307   39.891635   15.744936    0.116423    8.288608
    0.972637    0.223354    1.269059   -1.310552    0.295132    -1106.029504      418.107458   39.921842   15.746029    0.116423    8.288608
    0.975124    0.203586    1.296124   -1.314796    0.284586    -1106.689915      417.379216   39.949498   15.746870    0.116423    8.288608
    0.977612    0.183667    1.323276   -1.318881    0.273772    -1107.269001      416.645996   39.974584   15.747499    0.116423    8.288608
    0.980100    0.163611    1.350510   -1.322806    0.262296    -1107.771358      415.907187   39.997080   15.747953    0.116423    8.288608
    0.982587    0.143432    1.377823   -1.326561    0.249617    -1108.201271      415.162160   40.016970   15.748268    0.116423    8.288608
    0.985075    0.123144    1.405211   -1.330126    0.234974    -1108.562741      414.410264   40.034239   15.748474    0.116423    8.288608
    0.987562    0.102764    1.432671   -1.333470    0.217299    -1108.859503      413.650832   40.048873   15.748600    0.116423    8.288608
    0.990050    0.082305    1.460198   -1.336537    0.195068    -1109.095061      412.883181   40.060861   15.748670    0.116423    8.288608
    0.992537    0.061784    1.487784   -1.339247    0.166105    -1109.272716      412.106613   40.070195   15.748703    0.116423    8.288608
    0.995025    0.041216    1.515421   -1.341473    0.127285    -1109.395616      411.320418   40.076868   15.748715    0.116423    8.288608
    0.997512    0.020616    1.543097   -1.343026    0.074095    -1109.466844      410.523875   40.080873   15.748718    0.116423    8.288608
    1.000000   -0.000000    1.570796   -1.343627    0.000000    -1109.489664      409.716255   40.082208   15.748718    0.116423    8.288608
