           t           r         psi          cs          qs               p             sig           A           V          Q2           S
    0.000000    0.000000   -1.570796   -1.063830    0.000000    76734.651954   -36065.276556    0.000000    0.000000    0.073686    2.953097
    0.009804    0.028947   -1.539996   -1.063830   -0.000000    76734.651950   -36065.276682    0.002633    0.000001    0.073686    2.953097
    0.019608    0.057867   -1.509196   -1.063830   -0.000000    76734.651938   -36065.276805    0.010530    0.000009    0.073686    2.953097
    0.029412    0.086732   -1.478397   -1.063830   -0.000000    76734.651917   -36065.276927    0.023683    0.000047    0.073686    2.953097
    0.039216    0.115515   -1.447597   -1.063830   -0.000000    76734.651886   -36065.277047    0.042080    0.000150    0.073686    2.953097
    0.049020    0.144188   -1.416797   -1.063830   -0.000000    76734.651844   -36065.277166    0.065703    0.000364    0.073686    2.953097
    0.058824    0.172725   -1.385997   -1.063830   -0.000000    76734.651791   -36065.277284    0.094530    0.000752    0.073686    2.953097
    0.068627    0.201097   -1.355197   -1.063830   -0.000000    76734.651724   -36065.277400    0.128534    0.001388    0.073686    2.953097
    0.078431    0.229279   -1.324397   -1.063830   -0.000000    76734.651644   -36065.277516    0.167682    0.002356    0.073686    2.953097
    0.088235    0.257243   -1.293597   -1.063830   -0.000000    76734.651548   -36065.277632    0.211937    0.003754    0.073686    2.953097
    0.098039    0.284964   -1.262797   -1.063830   -0.000000    76734.651434   -36065.277747    0.261258    0.005688    0.073686    2.953097
    0.107843    0.312414   -1.231997   -1.063830   -0.000000    76734.651302   -36065.277862    0.315596    0.008272    0.073686    2.953097
    0.117647    0.339567   -1.201197   -1.063830   -0.000000    76734.651148   -36065.277978    0.374902    0.011631    0.073686    2.953097
    0.127451    0.366399   -1.170397   -1.063830   -0.000000    76734.650971   -36065.278093    0.439119    0.015894    0.073686    2.953097
    0.137255    0.392883   -1.139597   -1.063830   -0.000000    76734.650767   -36065.278210    0.508185    0.021196    0.073686    2.953097
    0.147059    0.418994   -1.108797   -1.063830   -0.000000    76734.650535   -36065.278327    0.582035    0.027677    0.073686    2.953097
    0.156863    0.444708   -1.077997   -1.063830   -0.000000    76734.650269   -36065.278445    0.660599    0.035478    0.073686    2.953097
    0.166667    0.470000   -1.047197   -1.063830   -0.000001    76734.649966   -36065.278565    0.743803    0.044744    0.073686    2.953097
    0.176471    0.494846   -1.016398   -1.063830   -0.000001    76734.649622   -36065.278686    0.831568    0.055618    0.073686    2.953097
    0.186275    0.519223   -0.985598   -1.063830   -0.000001    76734.649230   -36065.278808    0.923810    0.068241    0.073686    2.953097
    0.196078    0.543107   -0.954798   -1.063830   -0.000001    76734.648786   -36065.278933    1.020442    0.082752    0.073686    2.953097
    0.205882    0.566477   -0.923998   -1.063830   -0.000001    76734.648282   -36065.279059    1.121372    0.099287    0.073686    2.953097
    0.215686    0.589308   -0.893198   -1.063830   -0.000001    76734.647710   -36065.279187    1.226505    0.117973    0.073686    2.953097
    0.225490    0.611581   -0.862398   -1.063830   -0.000001    76734.647061   -36065.279317    1.335741    0.138932    0.073686    2.953097
    0.235294    0.633274   -0.831598   -1.063830   -0.000001    76734.646325   -36065.279450    1.448976    0.162277    0.073686    2.953097
    0.245098    0.654366   -0.800798   -1.063830   -0.000001    76734.645489   -36065.279585    1.566103    0.188112    0.073686    2.953097
    0.254902    0.674837   -0.769998   -1.063830   -0.000001    76734.644540   -36065.279722    1.687010    0.216530    0.073686    2.953097
    0.264706    0.694668   -0.739198   -1.063830   -0.000001    76734.643462   -36065.279861    1.811584    0.247611    0.073686    2.953097
    0.274510    0.713841   -0.708398   -1.063830   -0.000002    76734.642237   -36065.280002    1.939705    0.281423    0.073686    2.953097
    0.284314    0.732336   -0.677598   -1.063830   -0.000002    76734.640847   -36065.280144    2.071253    0.318020    0.073686    2.953097
    0.294118    0.750136   -0.646798   -1.063830   -0.000002    76734.639267   -36065.280287    2.206102    0.357442    0.073686    2.953097
    0.303922    0.767225   -0.615998   -1.063830   -0.000002    76734.637475   -36065.280431    2.344125    0.399712    0.073686    2.953097
    0.313725    0.783586   -0.585199   -1.063830   -0.000002    76734.635444   -36065.280573    2.485190    0.444839    0.073686    2.953097
    0.323529    0.799204   -0.554399   -1.063829   -0.000003    76734.633147   -36065.280714    2.629164    0.492815    0.073686    2.953097
    0.333333    0.814064   -0.523599   -1.063829   -0.000003    76734.630556   -36065.280850    2.775911    0.543616    0.073686    2.953097
    0.343137    0.828151   -0.492799   -1.063829   -0.000003    76734.627648   -36065.280979    2.925291    0.597200    0.073686    2.953097
    0.352941    0.841453   -0.461999   -1.063829   -0.000004    76734.624403   -36065.281098    3.077162    0.653509    0.073686    2.953097
    0.362745    0.853957   -0.431199   -1.063829   -0.000004    76734.620814   -36065.281203    3.231381    0.712470    0.073686    2.953097
    0.372549    0.865651   -0.400399   -1.063829   -0.000004    76734.616893   -36065.281288    3.387800    0.773991    0.073686    2.953097
    0.382353    0.876524   -0.369599   -1.063829   -0.000004    76734.612682   -36065.281347    3.546273    0.837965    0.073686    2.953097
    0.392157    0.886565   -0.338799   -1.063829   -0.000004    76734.608267   -36065.281371    3.706647    0.904270    0.073686    2.953097
    0.401961    0.895765   -0.307999   -1.063829   -0.000004    76734.603796   -36065.281350    3.868773    0.972770    0.073686    2.953097
    0.411765    0.904116   -0.277199   -1.063829   -0.000004    76734.599497   -36065.281273    4.032494    1.043313    0.073686    2.953097
    0.421569    0.911609   -0.246400   -1.063829   -0.000003    76734.595694   -36065.281128    4.197657    1.115735    0.073686    2.953097
    0.431373    0.918237   -0.215600   -1.063828   -0.000002    76734.592814   -36065.280899    4.364104    1.189859    0.073686    2.953097
    0.441176    0.923995   -0.184800   -1.063828    0.000000    76734.591368   -36065.280576    4.531678    1.265499    0.073686    2.953097
    0.450980    0.928875   -0.154000   -1.063828    0.000003    76734.591895   -36065.280147    4.700219    1.342457    0.073686    2.953097
    0.460784    0.932875   -0.123200   -1.063829    0.000005    76734.594869   -36065.279608    4.869568    1.420526    0.073686    2.953097
    0.470588    0.935990   -0.092400   -1.063829    0.000008    76734.600560   -36065.278961    5.039565    1.499493    0.073686    2.953097
    0.480392    0.938217   -0.061600   -1.063829    0.000011    76734.608888   -36065.278220    5.210047    1.579140    0.073686    2.953097
    0.490196    0.939554   -0.030800   -1.063829    0.000012    76734.619336   -36065.277408    5.380854    1.659241    0.073686    2.953097
    0.500000    0.940000   -0.000000   -1.063830    0.000013    76734.630973   -36065.276557    5.551822    1.739571    0.073686    2.953097
    0.509804    0.939554    0.030800   -1.063830    0.000012    76734.642609   -36065.275707    5.722791    1.819901    0.073686    2.953097
    0.519608    0.938217    0.061600   -1.063831    0.000011    76734.653057   -36065.274895    5.893598    1.900002    0.073686    2.953097
    0.529412    0.935990    0.092399   -1.063831    0.000008    76734.661385   -36065.274153    6.064080    1.979649    0.073686    2.953097
    0.539216    0.932875    0.123199   -1.063831    0.000005    76734.667076   -36065.273507    6.234076    2.058616    0.073686    2.953097
    0.549020    0.928876    0.153999   -1.063831    0.000003    76734.670051   -36065.272968    6.403426    2.136685    0.073686    2.953097
    0.558824    0.923995    0.184799   -1.063831    0.000000    76734.670578   -36065.272539    6.571967    2.213643    0.073686    2.953097
    0.568627    0.918237    0.215599   -1.063831   -0.000002    76734.669131   -36065.272215    6.739541    2.289282    0.073686    2.953097
    0.578431    0.911609    0.246399   -1.063831   -0.000003    76734.666251   -36065.271987    6.905988    2.363407    0.073686    2.953097
    0.588235    0.904116    0.277199   -1.063831   -0.000004    76734.662449   -36065.271841    7.071151    2.435829    0.073686    2.953097
    0.598039    0.895766    0.307999   -1.063831   -0.000004    76734.658150   -36065.271764    7.234872    2.506372    0.073686    2.953097
    0.607843    0.886565    0.338799   -1.063831   -0.000004    76734.653679   -36065.271744    7.396997    2.574872    0.073686    2.953097
    0.617647    0.876524    0.369599   -1.063831   -0.000004    76734.649264   -36065.271768    7.557372    2.641177    0.073686    2.953097
    0.627451    0.865651    0.400399   -1.063831   -0.000004    76734.645053   -36065.271826    7.715844    2.705152    0.073686    2.953097
    0.637255    0.853957    0.431199   -1.063830   -0.000004    76734.641132   -36065.271912    7.872264    2.766672    0.073686    2.953097
    0.647059    0.841454    0.461999   -1.063830   -0.000004    76734.637543   -36065.272016    8.026483    2.825633    0.073686    2.953097
    0.656863    0.828152    0.492799   -1.063830   -0.000003    76734.634298   -36065.272136    8.178354    2.881942    0.073686    2.953097
    0.666667    0.814064    0.523599   -1.063830   -0.000003    76734.631389   -36065.272265    8.327734    2.935526    0.073686    2.953097
    0.676471    0.799204    0.554399   -1.063830   -0.000003    76734.628799   -36065.272401    8.474480    2.986327    0.073686    2.953097
    0.686275    0.783586    0.585199   -1.063830   -0.000002    76734.626501   -36065.272541    8.618455    3.034303    0.073686    2.953097
    0.696078    0.767225    0.615999   -1.063830   -0.000002    76734.624470   -36065.272684    8.759520    3.079430    0.073686    2.953097
    0.705882    0.750136    0.646799   -1.063830   -0.000002    76734.622678   -36065.272827    8.897543    3.121700    0.073686    2.953097
    0.715686    0.732336    0.677599   -1.063830   -0.000002    76734.621099   -36065.272970    9.032392    3.161122    0.073686    2.953097
    0.725490    0.713841    0.708398   -1.063830   -0.000002    76734.619708   -36065.273113    9.163940    3.197719    0.073686    2.953097
    0.735294    0.694668    0.739198   -1.063830   -0.000001    76734.618484   -36065.273254    9.292061    3.231531    0.073686    2.953097
    0.745098    0.674837    0.769998   -1.063830   -0.000001    76734.617406   -36065.273393    9.416635    3.262612    0.073686    2.953097
    0.754902    0.654366    0.800798   -1.063830   -0.000001    76734.616457   -36065.273530    9.537542    3.291030    0.073686    2.953097
    0.764706    0.633274    0.831598   -1.063830   -0.000001    76734.615621   -36065.273665    9.654669    3.316865    0.073686    2.953097
    0.774510    0.611581    0.862398   -1.063830   -0.000001    76734.614884   -36065.273797    9.767904    3.340211    0.073686    2.953097
    0.784314    0.589308    0.893198   -1.063830   -0.000001    76734.614235   -36065.273928    9.877140    3.361170    0.073686    2.953097
    0.794118    0.566477    0.923998   -1.063830   -0.000001    76734.613663   -36065.274056    9.982273    3.379855    0.073686    2.953097
    0.803922    0.543107    0.954798   -1.063830   -0.000001    76734.613159   -36065.274182   10.083203    3.396390    0.073686    2.953097
    0.813725    0.519223    0.985598   -1.063830   -0.000001    76734.612715   -36065.274306   10.179835    3.410901    0.073686    2.953097
    0.823529    0.494846    1.016398   -1.063830   -0.000001    76734.612324   -36065.274429   10.272077    3.423524    0.073686    2.953097
    0.833333    0.470000    1.047198   -1.063830   -0.000001    76734.611980   -36065.274550   10.359842    3.434398    0.073686    2.953097
    0.843137    0.444708    1.077998   -1.063830   -0.000000    76734.611677   -36065.274669   10.443046    3.443664    0.073686    2.953097
    0.852941    0.418994    1.108798   -1.063830   -0.000000    76734.611411   -36065.274787   10.521610    3.451466    0.073686    2.953097
    0.862745    0.392883    1.139597   -1.063830   -0.000000    76734.611178   -36065.274905   10.595461    3.457946    0.073686    2.953097
    0.872549    0.366399    1.170397   -1.063830   -0.000000    76734.610975   -36065.275021   10.664527    3.463249    0.073686    2.953097
    0.882353    0.339567    1.201197   -1.063830   -0.000000    76734.610798   -36065.275137   10.728743    3.467511    0.073686    2.953097
    0.892157    0.312414    1.231997   -1.063830   -0.000000    76734.610644   -36065.275252   10.788049    3.470870    0.073686    2.953097
    0.901961    0.284964    1.262797   -1.063830   -0.000000    76734.610511   -36065.275367   10.842387    3.473454    0.073686    2.953097
    0.911765    0.257243    1.293597   -1.063830   -0.000000    76734.610398   -36065.275483   10.891708    3.475388    0.073686    2.953097
    0.921569    0.229279    1.324397   -1.063830   -0.000000    76734.610302   -36065.275598   10.935963    3.476786    0.073686    2.953097
    0.931373    0.201097    1.355197   -1.063830   -0.000000    76734.610221   -36065.275714   10.975111    3.477754    0.073686    2.953097
    0.941176    0.172725    1.385997   -1.063830   -0.000000    76734.610155   -36065.275831   11.009115    3.478390    0.073686    2.953097
    0.950980    0.144188    1.416797   -1.063830   -0.000000    76734.610101   -36065.275948   11.037942    3.478778    0.073686    2.953097
    0.960784    0.115515    1.447597   -1.063830   -0.000000    76734.610060   -36065.276067   11.061565    3.478993    0.073686    2.953097
    0.970588    0.086732    1.478397   -1.063830   -0.000000    76734.610029   -36065.276187   11.079962    3.479095    0.073686    2.953097
    0.980392    0.057867    1.509196   -1.063830   -0.000000    76734.610008   -36065.276309   11.093115    3.479133    0.073686    2.953097
    0.990196    0.028947    1.539996   -1.063830   -0.000000    76734.609996   -36065.276433   11.101012    3.479142    0.073686    2.953097
    1.000000    0.000000    1.570796   -1.063829    0.000000    76734.609992   -36065.276559   11.103645    3.479142    0.073686    2.953097
