           t           r         psi          cs          qs               p             sig           A           V          Q2           S
    0.000000    0.000000   -1.570796   -0.126957    0.000000      -52.116418      228.580435    0.000000   -0.000000    0.108048    8.780606
    0.009804    0.086083   -1.559747   -0.129845    0.022968      -52.532758      194.819650    0.023281    0.000006    0.108048    8.780606
    0.019608    0.172155   -1.548934   -0.114759   -0.533864      -53.954592      162.587520    0.093120    0.000088    0.108048    8.780606
    0.029412    0.258210   -1.542138   -0.022708   -2.244104      -56.524775      131.379377    0.209509    0.000423    0.108048    8.780606
    0.039216    0.344264   -1.550589    0.266187   -6.148216      -59.608247      100.725874    0.372443    0.001068    0.108048    8.780606
    0.049020    0.430340   -1.599292    0.950794  -13.203924      -59.593843       70.203352    0.581928    0.001025    0.108048    8.780606
    0.058824    0.516047   -1.731706    2.233759  -22.262548      -43.911497       39.477462    0.837916   -0.004398    0.108048    8.780606
    0.068627    0.598494   -1.998914    4.010147  -25.870458       21.581100        8.450021    1.139628   -0.028289    0.108048    8.780606
    0.078431    0.667883   -2.408429    5.259680   -7.689832      200.967079      -22.404990    1.483042   -0.092227    0.108048    8.780606
    0.088235    0.709935   -2.823510    3.671950   44.921482      533.951020      -52.078769    1.857075   -0.204286    0.108048    8.780606
    0.098039    0.730226   -2.883596   -3.291410  116.869845      956.828230      -80.309678    2.246814   -0.340699    0.108048    8.780606
    0.107843    0.774302   -2.140965  -13.665794  106.260507     1362.752353     -105.951907    2.651323   -0.465877    0.108048    8.780606
    0.117647    0.854060   -0.846434  -13.834735  -68.392418     1308.988681     -113.034412    3.092075   -0.449345    0.108048    8.780606
    0.127451    0.884333   -0.025627   -5.017409  -97.709801      979.931050      -64.155359    3.565103   -0.261573    0.108048    8.780606
    0.137255    0.876811    0.117652    0.760252  -34.483753      718.630314       -2.660435    4.041913   -0.052406    0.108048    8.780606
    0.147059    0.871747   -0.011229    1.608767    8.609942      287.962221       42.095506    4.514277    0.153341    0.108048    8.780606
    0.156863    0.877315   -0.099549    0.347373   15.532984     -133.194326       87.903357    4.986952    0.359372    0.108048    8.780606
    0.166667    0.885715   -0.082367   -0.589533    5.064613     -391.670446      149.655015    5.463821    0.568582    0.108048    8.780606
    0.176471    0.890358   -0.025407   -0.611959   -3.317816     -445.982626      228.453683    5.944371    0.781715    0.108048    8.780606
    0.186275    0.890703    0.012033   -0.246243   -4.199519     -410.972630      313.974430    6.426190    0.996303    0.108048    8.780606
    0.196078    0.889150    0.020127    0.025349   -1.956717     -408.831644      397.080055    6.907567    1.210476    0.108048    8.780606
    0.205882    0.887666    0.013158    0.110782   -0.172820     -468.351648      475.541159    7.388065    1.423871    0.108048    8.780606
    0.215686    0.886938    0.004068    0.090529    0.511410     -567.452351      550.929517    7.867957    1.636751    0.108048    8.780606
    0.225490    0.886865   -0.001685    0.042863    0.529663     -679.302863      625.310607    8.347646    1.849459    0.108048    8.780606
    0.235294    0.887117   -0.003635    0.005500    0.317805     -787.214970      700.004131    8.827398    2.062223    0.108048    8.780606
    0.245098    0.887422   -0.003191   -0.012804    0.109065     -885.085169      775.490797    9.307309    2.275128    0.108048    8.780606
    0.254902    0.887642   -0.001856   -0.016352   -0.018154     -973.705438      851.703492    9.787366    2.488162    0.108048    8.780606
    0.264706    0.887744   -0.000590   -0.012372   -0.066349    -1056.733388      928.352981   10.267510    2.701275    0.108048    8.780606
    0.274510    0.887757    0.000222   -0.006480   -0.065378    -1137.863272     1005.150344   10.747684    2.914413    0.108048    8.780606
    0.284314    0.887720    0.000559   -0.001657   -0.044101    -1219.541257     1081.905031   11.227848    3.127544    0.108048    8.780606
    0.294118    0.887670    0.000565    0.001176   -0.020852    -1302.821211     1158.534902   11.707988    3.340653    0.108048    8.780606
    0.303922    0.887627    0.000407    0.002235   -0.003805    -1387.760762     1235.035333   12.188103    3.553739    0.108048    8.780606
    0.313725    0.887601    0.000213    0.002145    0.005457    -1473.915275     1311.440915   12.668198    3.766808    0.108048    8.780606
    0.323529    0.887590    0.000053    0.001523    0.008504    -1560.717811     1387.795877   13.148284    3.979869    0.108048    8.780606
    0.333333    0.887590   -0.000047    0.000803    0.007777    -1647.695089     1464.137184   13.628366    4.192927    0.108048    8.780606
    0.343137    0.887596   -0.000089    0.000222    0.005416    -1734.547347     1540.488261   14.108451    4.405987    0.108048    8.780606
    0.352941    0.887604   -0.000091   -0.000142    0.002854    -1821.142449     1616.859429   14.588540    4.619050    0.108048    8.780606
    0.362745    0.887611   -0.000071   -0.000304    0.000827    -1907.470070     1693.251492   15.068633    4.832117    0.108048    8.780606
    0.372549    0.887616   -0.000043   -0.000322   -0.000438    -1993.587773     1769.659952   15.548729    5.045187    0.108048    8.780606
    0.382353    0.887618   -0.000017   -0.000258   -0.001012    -2079.576352     1846.078495   16.028827    5.258259    0.108048    8.780606
    0.392157    0.887619    0.000001   -0.000166   -0.001095    -2165.510700     1922.501274   16.508926    5.471331    0.108048    8.780606
    0.401961    0.887619    0.000011   -0.000078   -0.000900    -2251.445574     1998.924011   16.989025    5.684403    0.108048    8.780606
    0.411765    0.887617    0.000015   -0.000012   -0.000599    -2337.412429     2075.344251   17.469123    5.897475    0.108048    8.780606
    0.421569    0.887616    0.000014    0.000029   -0.000306    -2423.422821     2151.761092   17.949221    6.110547    0.108048    8.780606
    0.431373    0.887615    0.000011    0.000046   -0.000078    -2509.474559     2228.174703   18.429318    6.323618    0.108048    8.780606
    0.441176    0.887614    0.000007    0.000047    0.000066    -2595.558027     2304.585836   18.909414    6.536688    0.108048    8.780606
    0.450980    0.887614    0.000003    0.000038    0.000136    -2681.661260     2380.995425   19.389511    6.749758    0.108048    8.780606
    0.460784    0.887614    0.000000    0.000026    0.000149    -2767.773300     2457.404327   19.869607    6.962828    0.108048    8.780606
    0.470588    0.887614   -0.000002    0.000013    0.000129    -2853.885914     2533.813184   20.349703    7.175898    0.108048    8.780606
    0.480392    0.887614   -0.000002    0.000004    0.000094    -2939.994055     2610.222390   20.829799    7.388968    0.108048    8.780606
    0.490196    0.887614   -0.000002   -0.000003    0.000057    -3026.095537     2686.632116   21.309896    7.602038    0.108048    8.780606
    0.500000    0.887614   -0.000002   -0.000007    0.000026    -3112.190317     2763.042366   21.789992    7.815109    0.108048    8.780606
    0.509804    0.887615   -0.000001   -0.000008    0.000005    -3198.279702     2839.453037   22.270089    8.028179    0.108048    8.780606
    0.519608    0.887615   -0.000000   -0.000008   -0.000005    -3284.365660     2915.863976   22.750185    8.241249    0.108048    8.780606
    0.529412    0.887615    0.000000   -0.000008   -0.000006    -3370.450338     2992.275014   23.230282    8.454320    0.108048    8.780606
    0.539216    0.887615    0.000001   -0.000007    0.000001    -3456.535815     3068.685991   23.710378    8.667390    0.108048    8.780606
    0.549020    0.887614    0.000002   -0.000008    0.000016    -3542.624052     3145.096751   24.190475    8.880460    0.108048    8.780606
    0.558824    0.887614    0.000002   -0.000010    0.000038    -3628.717045     3221.507141   24.670571    9.093531    0.108048    8.780606
    0.568627    0.887614    0.000003   -0.000014    0.000069    -3714.817132     3297.916976   25.150668    9.306601    0.108048    8.780606
    0.578431    0.887614    0.000005   -0.000021    0.000111    -3800.927462     3374.326011   25.630764    9.519671    0.108048    8.780606
    0.588235    0.887613    0.000007   -0.000033    0.000171    -3887.052656     3450.733885   26.110860    9.732741    0.108048    8.780606
    0.598039    0.887612    0.000011   -0.000050    0.000259    -3973.199733     3527.140051   26.590955    9.945810    0.108048    8.780606
    0.607843    0.887611    0.000016   -0.000076    0.000386    -4059.379412     3603.543670   27.071051   10.158879    0.108048    8.780606
    0.617647    0.887610    0.000024   -0.000115    0.000574    -4145.607995     3679.943469   27.551145   10.371948    0.108048    8.780606
    0.627451    0.887607    0.000036   -0.000172    0.000851    -4231.910117     3756.337524   28.031238   10.585015    0.108048    8.780606
    0.637255    0.887603    0.000055   -0.000257    0.001259    -4318.322782     3832.722945   28.511330   10.798081    0.108048    8.780606
    0.647059    0.887597    0.000082   -0.000382    0.001859    -4404.901300     3909.095409   28.991419   11.011144    0.108048    8.780606
    0.656863    0.887589    0.000122   -0.000566    0.002739    -4491.728018     3985.448481   29.471504   11.224205    0.108048    8.780606
    0.666667    0.887576    0.000182   -0.000838    0.004028    -4578.925109     4061.772609   29.951583   11.437260    0.108048    8.780606
    0.676471    0.887557    0.000270   -0.001236    0.005910    -4666.673263     4138.053660   30.431654   11.650307    0.108048    8.780606
    0.686275    0.887528    0.000400   -0.001819    0.008649    -4755.238862     4214.270780   30.911712   11.863343    0.108048    8.780606
    0.696078    0.887486    0.000591   -0.002671    0.012626    -4845.013300     4290.393294   31.391751   12.076363    0.108048    8.780606
    0.705882    0.887424    0.000871   -0.003912    0.018381    -4936.569486     4366.376223   31.871762   12.289357    0.108048    8.780606
    0.715686    0.887332    0.001280   -0.005714    0.026683    -5030.742356     4442.153849   32.351732   12.502315    0.108048    8.780606
    0.725490    0.887198    0.001878   -0.008324    0.038608    -5128.742214     4517.630547   32.831642   12.715220    0.108048    8.780606
    0.735294    0.887001    0.002747   -0.012091    0.055656    -5232.311624     4592.667868   33.311464   12.928045    0.108048    8.780606
    0.745098    0.886714    0.004006   -0.017503    0.079876    -5343.937252     4667.066604   33.791156   13.140756    0.108048    8.780606
    0.754902    0.886296    0.005827   -0.025244    0.114010    -5467.125152     4740.542425   34.270659   13.353297    0.108048    8.780606
    0.764706    0.885688    0.008446   -0.036242    0.161598    -5606.736868     4812.693831   34.749888   13.565593    0.108048    8.780606
    0.774510    0.884809    0.012195   -0.051745    0.226979    -5769.355988     4882.962073   35.228719   13.777530    0.108048    8.780606
    0.784314    0.883543    0.017530   -0.073364    0.315012    -5963.598127     4950.585063   35.706977   13.988948    0.108048    8.780606
    0.794118    0.881728    0.025059   -0.103087    0.430285    -6200.178669     5014.552223   36.184410   14.199614    0.108048    8.780606
    0.803922    0.879144    0.035576   -0.143191    0.575505    -6491.413757     5073.575637   36.660664   14.409192    0.108048    8.780606
    0.813725    0.875491    0.050076   -0.195983    0.748912    -6849.703812     5126.104393   37.135247   14.617208    0.108048    8.780606
    0.823529    0.870378    0.069736   -0.263297    0.941103    -7284.592900     5170.418811   37.607480   14.822988    0.108048    8.780606
    0.833333    0.863311    0.095845   -0.345775    1.132812    -7798.478010     5204.837369   38.076443   15.025601    0.108048    8.780606
    0.843137    0.853684    0.129667   -0.442095    1.296203    -8382.127732     5228.034582   38.540921   15.223776    0.108048    8.780606
    0.852941    0.840804    0.172253   -0.548550    1.401730    -9012.425202     5239.398034   38.999345   15.415849    0.108048    8.780606
    0.862745    0.823919    0.224237   -0.659400    1.428996    -9654.852782     5239.281531   39.449754   15.599732    0.108048    8.780606
    0.872549    0.802275    0.285717   -0.768058    1.375577   -10271.024875     5229.010668   39.889776   15.772960    0.108048    8.780606
    0.882353    0.775180    0.356240   -0.868665    1.257584   -10828.129913     5210.606444   40.316646   15.932843    0.108048    8.780606
    0.892157    0.742067    0.434928   -0.957285    1.101733   -11305.653949     5186.344869   40.727255   16.076721    0.108048    8.780606
    0.901961    0.702537    0.520661   -1.032270    0.934818   -11696.834218     5158.340573   41.118232   16.202283    0.108048    8.780606
    0.911765    0.656388    0.612267   -1.093875    0.776654   -12005.749724     5128.285843   41.486043   16.307911    0.108048    8.780606
    0.921569    0.603622    0.708650   -1.143546    0.638270   -12242.737643     5097.366072   41.827097   16.392954    0.108048    8.780606
    0.931373    0.544436    0.808864   -1.183238    0.523586   -12420.354136     5066.297754   42.137863   16.457894    0.108048    8.780606
    0.941176    0.479212    0.912138   -1.214954    0.432123   -12550.767912     5035.420426   42.414961   16.504349    0.108048    8.780606
    0.950980    0.408488    1.017864   -1.240504    0.361317   -12644.497601     5004.794153   42.655266   16.534926    0.108048    8.780606
    0.960784    0.332946    1.125581   -1.261420    0.307992   -12710.045881     4974.279811   42.855981   16.552928    0.108048    8.780606
    0.970588    0.253387    1.234944   -1.278953    0.269089   -12754.005253     4943.597071   43.014712   16.561953    0.108048    8.780606
    0.980392    0.170712    1.345709   -1.294120    0.241735   -12781.353005     4912.363640   43.129525   16.565453    0.108048    8.780606
    0.990196    0.085901    1.457707   -1.307728    0.220261   -12795.787143     4880.122078   43.198997   16.566285    0.108048    8.780606
    1.000000    0.000000    1.570796   -1.318099    0.000000   -12800.067532     4846.360429   43.222253   16.566341    0.108048    8.780606
