           t           r         psi          cs          qs               p             sig           A           V          Q2           S
    0.000000   -0.000000   -1.570796    1.448326    0.000000       70.837570      -15.080208   -0.000000   -0.000000    0.236822    4.831743
    0.009804    0.047333   -1.638635    1.399502    2.760068       70.949845      -16.333234    0.007047   -0.000006    0.236822    4.831743
    0.019608    0.094459   -1.701815    1.251359    5.565137       71.298665      -17.530368    0.028155   -0.000088    0.236822    4.831743
    0.029412    0.141226   -1.755617    1.003817    8.325730       71.885669      -18.674594    0.063239   -0.000427    0.236822    4.831743
    0.039216    0.187591   -1.795406    0.660749   10.935061       72.692792      -19.767932    0.112183   -0.001263    0.236822    4.831743
    0.049020    0.233636   -1.816843    0.230857   13.271202       73.679984      -20.811101    0.174874   -0.002825    0.236822    4.831743
    0.058824    0.279560   -1.816128   -0.271634   15.200329       74.781649      -21.803093    0.251247   -0.005233    0.236822    4.831743
    0.068627    0.325632   -1.790275   -0.826672   16.582505       75.901824      -22.740586    0.341303   -0.008397    0.236822    4.831743
    0.078431    0.372095   -1.737381   -1.408712   17.282216       76.908003      -23.617081    0.445125   -0.011896    0.236822    4.831743
    0.088235    0.419061   -1.656858   -1.987889   17.185217       77.624683      -24.421597    0.562850   -0.014848    0.236822    4.831743
    0.098039    0.466380   -1.549601   -2.532038   16.220505       77.830399      -25.136738    0.694615   -0.015801    0.236822    4.831743
    0.107843    0.513545   -1.418030   -3.009351   14.382258       77.266401      -25.736006    0.840458   -0.012689    0.236822    4.831743
    0.117647    0.559652   -1.266006   -3.391171   11.744293       75.670932      -26.180487    1.000209   -0.002941    0.236822    4.831743
    0.127451    0.603460   -1.098626   -3.654422    8.461702       72.856480      -26.415799    1.173375    0.016176    0.236822    4.831743
    0.137255    0.643542   -0.921911   -3.783379    4.759815       68.837618      -26.371563    1.359061    0.047007    0.236822    4.831743
    0.147059    0.678518   -0.742427   -3.770843    0.914968       63.975847      -25.967444    1.555948    0.090882    0.236822    4.831743
    0.156863    0.707301   -0.566867   -3.618930   -2.769678       59.033068      -25.130224    1.762346    0.147665    0.236822    4.831743
    0.166667    0.729282   -0.401588   -3.339531   -5.995527       54.985045      -23.821984    1.976306    0.215726    0.236822    4.831743
    0.176471    0.744409   -0.252159   -2.954001   -8.510943       52.577203      -22.068902    2.195783    0.292347    0.236822    4.831743
    0.186275    0.753150   -0.122945   -2.491367  -10.158156       51.895987      -19.971157    2.418795    0.374407    0.236822    4.831743
    0.196078    0.756362   -0.016820   -1.984859  -10.903284       52.329165      -17.681310    2.643561    0.459041    0.236822    4.831743
    0.205882    0.755126    0.064933   -1.467600  -10.829734       52.948228      -15.361006    2.868592    0.544058    0.236822    4.831743
    0.215686    0.750600    0.122517   -0.968903  -10.098189       52.962140      -13.141089    3.092738    0.628062    0.236822    4.831743
    0.225490    0.743908    0.157392   -0.512164   -8.896821       51.936187      -11.102757    3.315187    0.710353    0.236822    4.831743
    0.235294    0.736069    0.171973   -0.114357   -7.404004       49.765069       -9.279511    3.535450    0.790732    0.236822    4.831743
    0.245098    0.727964    0.169334    0.213501   -5.770753       46.545435       -7.669733    3.753320    0.869298    0.236822    4.831743
    0.254902    0.720317    0.152945    0.465613   -4.117922       42.460152       -6.250605    3.968831    0.946297    0.236822    4.831743
    0.264706    0.713689    0.126439    0.640765   -2.539941       37.708782       -4.988890    4.182205    1.022026    0.236822    4.831743
    0.274510    0.708474    0.093410    0.741840   -1.109121       32.476368       -3.847809    4.393809    1.096786    0.236822    4.831743
    0.284314    0.704903    0.057226    0.775335    0.121857       26.924011       -2.790824    4.604101    1.170861    0.236822    4.831743
    0.294118    0.703059    0.020874    0.750712    1.119033       21.189277       -1.783451    4.813588    1.244523    0.236822    4.831743
    0.303922    0.702890   -0.013161    0.679532    1.866540       15.390111       -0.793970    5.022777    1.318032    0.236822    4.831743
    0.313725    0.704239   -0.042970    0.574430    2.365171        9.629504        0.206360    5.232147    1.391640    0.236822    4.831743
    0.323529    0.706871   -0.067247    0.448068    2.629803        3.999752        1.243230    5.442116    1.465586    0.236822    4.831743
    0.333333    0.710505   -0.085271    0.312248    2.686077       -1.414350        2.339157    5.653025    1.540092    0.236822    4.831743
    0.343137    0.714838   -0.096844    0.177237    2.566955       -6.533945        3.513221    5.865128    1.615350    0.236822    4.831743
    0.352941    0.719568   -0.102208    0.051372    2.309612      -11.286648        4.780653    6.078586    1.691511    0.236822    4.831743
    0.362745    0.724416   -0.101954   -0.059116    1.952858      -15.609368        6.152329    6.293476    1.768679    0.236822    4.831743
    0.372549    0.729135   -0.096917   -0.150096    1.534981      -19.453080        7.634274    6.509796    1.846898    0.236822    4.831743
    0.382353    0.733524   -0.088078   -0.219400    1.091894      -22.788563        9.227325    6.727475    1.926158    0.236822    4.831743
    0.392157    0.737426   -0.076481   -0.266597    0.655479      -25.611613       10.927078    6.946392    2.006392    0.236822    4.831743
    0.401961    0.740735   -0.063154   -0.292705    0.252183      -27.946058       12.724237    7.166383    2.087495    0.236822    4.831743
    0.411765    0.743392   -0.049049   -0.299869   -0.098026      -29.843315       14.605390    7.387264    2.169325    0.236822    4.831743
    0.421569    0.745381   -0.034997   -0.291010   -0.382166      -31.378110       16.554148    7.608835    2.251725    0.236822    4.831743
    0.431373    0.746719   -0.021679   -0.269495   -0.594143      -32.641032       18.552504    7.830901    2.334534    0.236822    4.831743
    0.441176    0.747454   -0.009610   -0.238823   -0.734051      -33.729403       20.582231    8.053274    2.417595    0.236822    4.831743
    0.450980    0.747655    0.000856   -0.202372   -0.806998      -34.738253       22.626131    8.275785    2.500767    0.236822    4.831743
    0.460784    0.747402    0.009520   -0.163194   -0.821673      -35.752896       24.669002    8.498285    2.583932    0.236822    4.831743
    0.470588    0.746782    0.016316   -0.123892   -0.788856      -36.843983       26.698254    8.720654    2.666993    0.236822    4.831743
    0.480392    0.745885    0.021289   -0.086548   -0.720069      -38.065190       28.704184    8.942795    2.749876    0.236822    4.831743
    0.490196    0.744792    0.024571   -0.052713   -0.626493      -39.453177       30.679950    9.164637    2.832529    0.236822    4.831743
    0.500000    0.743581    0.026355   -0.023435   -0.518191      -41.029176       32.621335    9.386135    2.914921    0.236822    4.831743
    0.509804    0.742316    0.026873    0.000682   -0.403647      -42.801499       34.526374    9.607263    2.997035    0.236822    4.831743
    0.519608    0.741051    0.026376    0.019403   -0.289564      -44.768414       36.394920    9.828013    3.078869    0.236822    4.831743
    0.529412    0.739829    0.025119    0.032788   -0.180866      -46.920960       38.228197   10.048392    3.160430    0.236822    4.831743
    0.539216    0.738680    0.023349    0.041109   -0.080837      -49.245482       40.028384   10.268418    3.241733    0.236822    4.831743
    0.549020    0.737622    0.021298    0.044778    0.008659      -51.725759       41.798239   10.488115    3.322797    0.236822    4.831743
    0.558824    0.736663    0.019173    0.044291    0.086931      -54.344741       43.540778   10.707511    3.403643    0.236822    4.831743
    0.568627    0.735804    0.017159    0.040173    0.154205      -57.085909       45.259006   10.926638    3.484292    0.236822    4.831743
    0.578431    0.735034    0.015416    0.032939    0.211391      -59.934317       46.955696   11.145522    3.564767    0.236822    4.831743
    0.588235    0.734337    0.014080    0.023063    0.259881      -62.877405       48.633207   11.364188    3.645083    0.236822    4.831743
    0.598039    0.733692    0.013266    0.010959    0.301378      -65.905608       50.293339   11.582655    3.725254    0.236822    4.831743
    0.607843    0.733070    0.013071   -0.003037    0.337761      -69.012822       51.937220   11.800935    3.805288    0.236822    4.831743
    0.617647    0.732442    0.013579   -0.018671    0.370974      -72.196757       53.565204   12.019029    3.885186    0.236822    4.831743
    0.627451    0.731772    0.014864   -0.035777    0.402947      -75.459195       55.176800   12.236931    3.964943    0.236822    4.831743
    0.637255    0.731021    0.016991   -0.054273    0.435529      -78.806138       56.770611   12.454622    4.044543    0.236822    4.831743
    0.647059    0.730148    0.020027   -0.074160    0.470437      -82.247872       58.344290   12.672073    4.123964    0.236822    4.831743
    0.656863    0.729108    0.024040   -0.095514    0.509216      -85.798895       59.894509   12.889240    4.203172    0.236822    4.831743
    0.666667    0.727854    0.029102   -0.118476    0.553198      -89.477698       61.416946   13.106067    4.282123    0.236822    4.831743
    0.676471    0.726333    0.035293   -0.143245    0.603469      -93.306364       62.906287   13.322483    4.360763    0.236822    4.831743
    0.686275    0.724492    0.042705   -0.170062    0.660839      -97.309937       64.356259   13.538399    4.439021    0.236822    4.831743
    0.696078    0.722268    0.051441   -0.199198    0.725799     -101.515522       65.759683   13.753712    4.516815    0.236822    4.831743
    0.705882    0.719598    0.061618   -0.230938    0.798497     -105.951091       67.108564   13.968299    4.594047    0.236822    4.831743
    0.715686    0.716409    0.073366   -0.265567    0.878700     -110.643952       68.394219   14.182015    4.670603    0.236822    4.831743
    0.725490    0.712626    0.086828   -0.303350    0.965777     -115.618906       69.607457   14.394696    4.746347    0.236822    4.831743
    0.735294    0.708164    0.102159   -0.344513    1.058680     -120.896122       70.738796   14.606153    4.821128    0.236822    4.831743
    0.745098    0.702933    0.119523   -0.389231    1.155953     -126.488812       71.778741   14.816169    4.894770    0.236822    4.831743
    0.754902    0.696834    0.139092   -0.437605    1.255755     -132.400876       72.718099   15.024501    4.967075    0.236822    4.831743
    0.764706    0.689762    0.161040   -0.489650    1.355911     -138.624703       73.548325   15.230876    5.037821    0.236822    4.831743
    0.774510    0.681604    0.185538   -0.545288    1.454002     -145.139393       74.261892   15.434987    5.106763    0.236822    4.831743
    0.784314    0.672244    0.212754   -0.604332    1.547467     -151.909667       74.852639   15.636495    5.173631    0.236822    4.831743
    0.794118    0.661558    0.242842   -0.666497    1.633744     -158.885729       75.316092   15.835022    5.238135    0.236822    4.831743
    0.803922    0.649420    0.275941   -0.731395    1.710418     -166.004243       75.649704   16.030156    5.299966    0.236822    4.831743
    0.813725    0.635704    0.312170   -0.798554    1.775364     -173.190488       75.853004   16.221446    5.358804    0.236822    4.831743
    0.823529    0.620282    0.351624   -0.867433    1.826885     -180.361593       75.927626   16.408402    5.414325    0.236822    4.831743
    0.833333    0.603033    0.394369   -0.937444    1.863808     -187.430585       75.877206   16.590499    5.466208    0.236822    4.831743
    0.843137    0.583844    0.440445   -1.007978    1.885536     -194.310843       75.707163   16.767177    5.514156    0.236822    4.831743
    0.852941    0.562609    0.489864   -1.078430    1.892050     -200.920508       75.424369   16.937841    5.557900    0.236822    4.831743
    0.862745    0.539241    0.542606   -1.148225    1.883850     -207.186379       75.036745   17.101869    5.597224    0.236822    4.831743
    0.872549    0.513668    0.598628   -1.216834    1.861840     -213.046930       74.552824   17.258616    5.631978    0.236822    4.831743
    0.882353    0.485842    0.657862   -1.283789    1.827177     -218.454223       73.981305   17.407416    5.662093    0.236822    4.831743
    0.892157    0.455738    0.720221   -1.348692    1.781071     -223.374652       73.330638   17.547596    5.687596    0.236822    4.831743
    0.901961    0.423363    0.785600   -1.411207    1.724566     -227.788617       72.608667   17.678478    5.708621    0.236822    4.831743
    0.911765    0.388751    0.853877   -1.471051    1.658283     -231.689339       71.822341   17.799389    5.725409    0.236822    4.831743
    0.921569    0.351974    0.924921   -1.527971    1.582133     -235.081060       70.977500   17.909675    5.738310    0.236822    4.831743
    0.931373    0.313135    0.998587   -1.581711    1.494984     -237.976940       70.078741   18.008704    5.747765    0.236822    4.831743
    0.941176    0.272378    1.074717   -1.631959    1.394248     -240.396864       69.129346   18.095884    5.754296    0.236822    4.831743
    0.950980    0.229881    1.153137   -1.678288    1.275358     -242.365387       68.131276   18.170670    5.758470    0.236822    4.831743
    0.960784    0.185860    1.233647   -1.720058    1.131075     -243.909939       67.085213   18.232574    5.760868    0.236822    4.831743
    0.970588    0.140564    1.316009   -1.756301    0.950570     -245.059391       65.990645   18.281180    5.762048    0.236822    4.831743
    0.980392    0.094278    1.399929   -1.785548    0.718167     -245.843075       64.845995   18.316149    5.762499    0.236822    4.831743
    0.990196    0.047312    1.485027   -1.805605    0.411656     -246.290360       63.648766   18.337233    5.762605    0.236822    4.831743
    1.000000    0.000000    1.570796   -1.813236    0.000000     -246.431582       62.395733   18.344278    5.762612    0.236822    4.831743
