           t           r         psi          cs          qs               p             sig           A           V          Q2           S
    0.000000    0.000000   -1.570796    0.399133    0.000000       22.010410      128.692641    0.000000    0.000000    0.160029    6.386086
    0.002488    0.015886   -1.577157    0.402861   -0.620104       22.048129      123.172182    0.000793   -0.000000    0.160029    6.386086
    0.004975    0.031771   -1.583634    0.413739   -1.206785       22.165709      117.718041    0.003171   -0.000000    0.160029    6.386086
    0.007463    0.047654   -1.590338    0.431424   -1.770956       22.369603      112.327613    0.007135   -0.000002    0.160029    6.386086
    0.009950    0.063536   -1.597376    0.455698   -2.321058       22.667507      106.998364    0.012684   -0.000005    0.160029    6.386086
    0.012438    0.079414   -1.604850    0.486438   -2.863365       23.068799      101.727824    0.019818   -0.000013    0.160029    6.386086
    0.014925    0.095289   -1.612864    0.523588   -3.402182       23.584773       96.513596    0.028537   -0.000028    0.160029    6.386086
    0.017413    0.111157   -1.621519    0.567134   -3.939962       24.228843       91.353355    0.038840   -0.000052    0.160029    6.386086
    0.019900    0.127019   -1.630917    0.617079   -4.477363       25.016743       86.244851    0.050727   -0.000092    0.160029    6.386086
    0.022388    0.142871   -1.641159    0.673417   -5.013252       25.966753       81.185913    0.064196   -0.000151    0.160029    6.386086
    0.024876    0.158711   -1.652346    0.736113   -5.544665       27.099928       76.174451    0.079247   -0.000238    0.160029    6.386086
    0.027363    0.174536   -1.664580    0.805073   -6.066752       28.440338       71.208461    0.095879   -0.000359    0.160029    6.386086
    0.029851    0.190341   -1.677957    0.880121   -6.572694       30.015313       66.286029    0.114089   -0.000526    0.160029    6.386086
    0.032338    0.206123   -1.692573    0.960971   -7.053622       31.855683       61.405338    0.133875   -0.000750    0.160029    6.386086
    0.034826    0.221875   -1.708517    1.047199   -7.498540       33.995998       56.564672    0.155235   -0.001046    0.160029    6.386086
    0.037313    0.237591   -1.725870    1.138212   -7.894265       36.474721       51.762428    0.178166   -0.001431    0.160029    6.386086
    0.039801    0.253263   -1.744701    1.233221   -8.225402       39.334373       46.997117    0.202664   -0.001924    0.160029    6.386086
    0.042289    0.268880   -1.765067    1.331207   -8.474361       42.621598       42.267379    0.228723   -0.002547    0.160029    6.386086
    0.044776    0.284433   -1.787005    1.430897   -8.621439       46.387146       37.571992    0.256337   -0.003326    0.160029    6.386086
    0.047264    0.299908   -1.810529    1.530729   -8.644974       50.685720       32.909881    0.285500   -0.004289    0.160029    6.386086
    0.049751    0.315291   -1.835629    1.628834   -8.521593       55.575671       28.280135    0.316204   -0.005468    0.160029    6.386086
    0.052239    0.330566   -1.862259    1.723008   -8.226562       61.118504       23.682016    0.348437   -0.006898    0.160029    6.386086
    0.054726    0.345716   -1.890338    1.810701   -7.734259       67.378160       19.114976    0.382189   -0.008615    0.160029    6.386086
    0.057214    0.360723   -1.919738    1.889004   -7.018767       74.420046       14.578671    0.417447   -0.010659    0.160029    6.386086
    0.059701    0.375567   -1.950287    1.954650   -6.054602       82.309801       10.072978    0.454194   -0.013069    0.160029    6.386086
    0.062189    0.390228   -1.981755    2.004022   -4.817564       91.111772        5.598004    0.492414   -0.015888    0.160029    6.386086
    0.064677    0.404687   -2.013851    2.033178   -3.285713      100.887222        1.154111    0.532087   -0.019155    0.160029    6.386086
    0.067164    0.418926   -2.046223    2.037887   -1.440438      111.692294       -3.258078    0.573193   -0.022908    0.160029    6.386086
    0.069652    0.432930   -2.078445    2.013680    0.732384      123.575767       -7.637656    0.615708   -0.027184    0.160029    6.386086
    0.072139    0.446688   -2.110023    1.955925    3.241182      136.576688      -11.983418    0.659609   -0.032012    0.160029    6.386086
    0.074627    0.460192   -2.140385    1.859913    6.087454      150.721941      -16.293839    0.704870   -0.037417    0.160029    6.386086
    0.077114    0.473445   -2.168888    1.720977    9.264506      166.023836      -20.567048    0.751467   -0.043415    0.160029    6.386086
    0.079602    0.486453   -2.194812    1.534626   12.756191      182.477759      -24.800789    0.799374   -0.050015    0.160029    6.386086
    0.082090    0.499236   -2.217372    1.296707   16.535593      200.059897      -28.992368    0.848569   -0.057213    0.160029    6.386086
    0.084577    0.511823   -2.235718    1.003597   20.563634      218.724946      -33.138579    0.899029   -0.064996    0.160029    6.386086
    0.087065    0.524255   -2.248950    0.652423   24.787521      238.403636      -37.235597    0.950737   -0.073335    0.160029    6.386086
    0.089552    0.536585   -2.256129    0.241315   29.138968      258.999765      -41.278827    1.003681   -0.082190    0.160029    6.386086
    0.092040    0.548876   -2.256297   -0.230305   33.532166      280.386342      -45.262694    1.057852   -0.091503    0.160029    6.386086
    0.094527    0.561206   -2.248497   -0.761410   37.861567      302.400303      -49.180369    1.113252   -0.101197    0.160029    6.386086
    0.097015    0.573656   -2.231806   -1.349022   41.999769      324.835300      -53.023385    1.169888   -0.111177    0.160029    6.386086
    0.099502    0.586315   -2.205364   -1.987870   45.796033      347.432077      -56.781150    1.227776   -0.121316    0.160029    6.386086
    0.101990    0.599271   -2.168418   -2.670064   49.076338      369.866234      -60.440288    1.286942   -0.131460    0.160029    6.386086
    0.104478    0.612605   -2.120359   -3.384844   51.646207      391.733694      -63.983808    1.347419   -0.141414    0.160029    6.386086
    0.106965    0.626383   -2.060776   -4.118456   53.297687      412.534992      -67.390018    1.409249   -0.150937    0.160029    6.386086
    0.109453    0.640647   -1.989497   -4.854240   53.821670      431.660837      -70.631181    1.472478   -0.159737    0.160029    6.386086
    0.111940    0.655406   -1.906639   -5.572990   53.025950      448.383162      -73.671835    1.537156   -0.167467    0.160029    6.386086
    0.114428    0.670624   -1.812636   -6.253635   50.758040      461.858120      -76.466820    1.603330   -0.173725    0.160029    6.386086
    0.116915    0.686216   -1.708269   -6.874240   46.930015      471.149866      -78.959033    1.671043   -0.178063    0.160029    6.386086
    0.119403    0.702040   -1.594663   -7.413270   41.541052      475.285706      -81.077124    1.740325   -0.180006    0.160029    6.386086
    0.121891    0.717906   -1.473275   -7.850987   34.692719      473.352759      -82.733497    1.811190   -0.179084    0.160029    6.386086
    0.124378    0.733576   -1.345850   -8.170811   26.592890      464.641454      -83.823249    1.883632   -0.174865    0.160029    6.386086
    0.126866    0.748786   -1.214365   -8.360489   17.546436      448.829192      -84.225003    1.957616   -0.167007    0.160029    6.386086
    0.129353    0.763260   -1.080952   -8.412927    7.933801      426.177200      -83.804764    2.033085   -0.155290    0.160029    6.386086
    0.131841    0.776739   -0.947809   -8.326639   -1.819017      397.688083      -82.423964    2.109950   -0.139657    0.160029    6.386086
    0.134328    0.788996   -0.817115   -8.105792  -11.274476      365.151806      -79.952219    2.188102   -0.120220    0.160029    6.386086
    0.136816    0.799858   -0.690938   -7.759904  -20.017372      331.012023      -76.284168    2.267408   -0.097253    0.160029    6.386086
    0.139303    0.809217   -0.571158   -7.303237  -27.685622      298.028646      -71.357932    2.347725   -0.071161    0.160029    6.386086
    0.141791    0.817031   -0.459394   -6.753931  -33.995894      268.792521      -65.171108    2.428898   -0.042440    0.160029    6.386086
    0.144279    0.823322   -0.356955   -6.132915  -38.762180      245.228496      -57.789609    2.510775   -0.011617    0.160029    6.386086
    0.146766    0.828166   -0.264802   -5.462658  -41.905140      228.251383      -49.345927    2.593207    0.020788    0.160029    6.386086
    0.149254    0.831682   -0.183538   -4.765842  -43.450510      217.685953      -40.026358    2.676055    0.054310    0.160029    6.386086
    0.151741    0.834017   -0.113410   -4.064099  -43.516399      212.452600      -30.050082    2.759194    0.088551    0.160029    6.386086
    0.154229    0.835334   -0.054338   -3.376927  -42.291700      210.920043      -19.645225    2.842513    0.123202    0.160029    6.386086
    0.156716    0.835799   -0.005954   -2.720901  -40.009796      211.288554       -9.027145    2.925920    0.158033    0.160029    6.386086
    0.159204    0.835576    0.032345   -2.109224  -36.922319      211.896130        1.617454    3.009338    0.192885    0.160029    6.386086
    0.161692    0.834820    0.061346   -1.551602  -33.276836      211.400817       12.139298    3.092706    0.227660    0.160029    6.386086
    0.164179    0.833673    0.081962   -1.054381  -29.300540      208.846088       22.428879    3.175978    0.262305    0.160029    6.386086
    0.166667    0.832258    0.095183   -0.620879  -25.190315      203.644052       32.414093    3.259121    0.296795    0.160029    6.386086
    0.169154    0.830687    0.102030   -0.251812  -21.108266      195.515190       42.055117    3.342113    0.331129    0.160029    6.386086
    0.171642    0.829051    0.103518    0.054222  -17.181333      184.414403       51.338182    3.424946    0.365317    0.160029    6.386086
    0.174129    0.827427    0.100625    0.300280  -13.503516      170.461070       60.269350    3.507615    0.399372    0.160029    6.386086
    0.176617    0.825877    0.094273    0.490632  -10.139574      153.881065       68.868959    3.590125    0.433312    0.160029    6.386086
    0.179104    0.824450    0.085305    0.630374   -7.129327      134.962533       77.166986    3.672486    0.467155    0.160029    6.386086
    0.181592    0.823180    0.074483    0.725095   -4.492046      114.024125       85.199390    3.754712    0.500916    0.160029    6.386086
    0.184080    0.822092    0.062476    0.780602   -2.230627       91.393286       93.005327    3.836821    0.534608    0.160029    6.386086
    0.186567    0.821200    0.049859    0.802691   -0.335363       67.392122      100.625104    3.918830    0.568245    0.160029    6.386086
    0.189055    0.820509    0.037120    0.796977    1.212730       42.328691      108.098718    4.000761    0.601839    0.160029    6.386086
    0.191542    0.820019    0.024657    0.768761    2.439081       16.492057      115.464839    4.082632    0.635400    0.160029    6.386086
    0.194030    0.819723    0.012788    0.722940    3.373196       -9.850151      122.760118    4.164465    0.668940    0.160029    6.386086
    0.196517    0.819608    0.001758    0.663949    4.046754      -36.452608      130.018736    4.246277    0.702467    0.160029    6.386086
    0.199005    0.819661   -0.008258    0.595726    4.492099      -63.092205      137.272112    4.328086    0.735993    0.160029    6.386086
    0.201493    0.819865   -0.017139    0.521708    4.741104      -89.567490      144.548731    4.409908    0.769527    0.160029    6.386086
    0.203980    0.820200   -0.024818    0.444837    4.824343     -115.697912      151.874048    4.491757    0.803079    0.160029    6.386086
    0.206468    0.820647   -0.031270    0.367578    4.770524     -141.323078      159.270449    4.573646    0.836657    0.160029    6.386086
    0.208955    0.821186   -0.036505    0.291954    4.606123     -166.302117      166.757250    4.655583    0.870269    0.160029    6.386086
    0.211443    0.821800   -0.040563    0.219577    4.355183     -190.513194      174.350727    4.737579    0.903923    0.160029    6.386086
    0.213930    0.822469   -0.043505    0.151689    4.039236     -213.853167      182.064177    4.819638    0.937625    0.160029    6.386086
    0.216418    0.823176   -0.045411    0.089201    3.677302     -236.237347      189.907996    4.901767    0.971380    0.160029    6.386086
    0.218905    0.823906   -0.046371    0.032735    3.285957     -257.599292      197.889791    4.983967    1.005192    0.160029    6.386086
    0.221393    0.824645   -0.046485   -0.017340    2.879439     -277.890565      206.014509    5.066241    1.039063    0.160029    6.386086
    0.223881    0.825379   -0.045855   -0.060867    2.469776     -297.080394      214.284594    5.148588    1.072996    0.160029    6.386086
    0.226368    0.826098   -0.044586   -0.097871    2.066935     -315.155150      222.700167    5.231008    1.106990    0.160029    6.386086
    0.228856    0.826792   -0.042779   -0.128520    1.678979     -332.117622      231.259229    5.313498    1.141044    0.160029    6.386086
    0.231343    0.827454   -0.040535   -0.153101    1.312232     -347.986035      239.957878    5.396057    1.175157    0.160029    6.386086
    0.233831    0.828078   -0.037945   -0.171990    0.971440     -362.792830      248.790552    5.478679    1.209327    0.160029    6.386086
    0.236318    0.828658   -0.035098   -0.185627    0.659943     -376.583199      257.750266    5.561362    1.243550    0.160029    6.386086
    0.238806    0.829192   -0.032073   -0.194497    0.379842     -389.413433      266.828870    5.644100    1.277823    0.160029    6.386086
    0.241294    0.829676   -0.028941   -0.199110    0.132159     -401.349101      276.017296    5.726889    1.312141    0.160029    6.386086
    0.243781    0.830111   -0.025767   -0.199983   -0.082997     -412.463157      285.305801    5.809724    1.346500    0.160029    6.386086
    0.246269    0.830495   -0.022604   -0.197632   -0.266278     -422.833996      294.684204    5.892599    1.380896    0.160029    6.386086
    0.248756    0.830829   -0.019502   -0.192556   -0.418949     -432.543562      304.142098    5.975511    1.415325    0.160029    6.386086
    0.251244    0.831115   -0.016499   -0.185229   -0.542750     -441.675527      313.669051    6.058453    1.449781    0.160029    6.386086
    0.253731    0.831354   -0.013626   -0.176097   -0.639772     -450.313620      323.254781    6.141422    1.484260    0.160029    6.386086
    0.256219    0.831549   -0.010911   -0.165568   -0.712343     -458.540125      332.889305    6.224412    1.518759    0.160029    6.386086
    0.258706    0.831702   -0.008372   -0.154014   -0.762926     -466.434583      342.563070    6.307420    1.553273    0.160029    6.386086
    0.261194    0.831816   -0.006021   -0.141768   -0.794039     -474.072709      352.267053    6.390441    1.587799    0.160029    6.386086
    0.263682    0.831894   -0.003869   -0.129121   -0.808181     -481.525530      361.992839    6.473471    1.622333    0.160029    6.386086
    0.266169    0.831940   -0.001920   -0.116327   -0.807774     -488.858732      371.732683    6.556508    1.656873    0.160029    6.386086
    0.268657    0.831956   -0.000173   -0.103602   -0.795123     -496.132219      381.479538    6.639548    1.691415    0.160029    6.386086
    0.271144    0.831946    0.001373   -0.091127   -0.772379     -503.399849      391.227081    6.722588    1.725958    0.160029    6.386086
    0.273632    0.831913    0.002724   -0.079048   -0.741519     -510.709330      400.969711    6.805626    1.760499    0.160029    6.386086
    0.276119    0.831861    0.003887   -0.067485   -0.704333     -518.102261      410.702539    6.888659    1.795036    0.160029    6.386086
    0.278607    0.831791    0.004871   -0.056528   -0.662421     -525.614285      420.421370    6.971687    1.829568    0.160029    6.386086
    0.281095    0.831707    0.005687   -0.046244   -0.617191     -533.275334      430.122667    7.054706    1.864093    0.160029    6.386086
    0.283582    0.831611    0.006345   -0.036680   -0.569864     -541.109937      439.803517    7.137717    1.898611    0.160029    6.386086
    0.286070    0.831506    0.006856   -0.027863   -0.521488     -549.137590      449.461591    7.220718    1.933120    0.160029    6.386086
    0.288557    0.831394    0.007234   -0.019806   -0.472947     -557.373153      459.095097    7.303708    1.967620    0.160029    6.386086
    0.291045    0.831277    0.007489   -0.012508   -0.424972     -565.827257      468.702734    7.386686    2.002111    0.160029    6.386086
    0.293532    0.831157    0.007635   -0.005957   -0.378161     -574.506733      478.283647    7.469653    2.036592    0.160029    6.386086
    0.296020    0.831035    0.007683   -0.000135   -0.332990     -583.415024      487.837376    7.552607    2.071062    0.160029    6.386086
    0.298507    0.830913    0.007643    0.004985   -0.289826     -592.552591      497.363816    7.635549    2.105523    0.160029    6.386086
    0.300995    0.830792    0.007528    0.009437   -0.248944     -601.917301      506.863171    7.718479    2.139973    0.160029    6.386086
    0.303483    0.830674    0.007347    0.013257   -0.210540     -611.504793      516.335911    7.801398    2.174413    0.160029    6.386086
    0.305970    0.830559    0.007110    0.016482   -0.174739     -621.308817      525.782736    7.884304    2.208844    0.160029    6.386086
    0.308458    0.830448    0.006826    0.019154   -0.141608     -631.321556      535.204537    7.967200    2.243266    0.160029    6.386086
    0.310945    0.830343    0.006504    0.021314   -0.111168     -641.533908      544.602363    8.050084    2.277679    0.160029    6.386086
    0.313433    0.830242    0.006151    0.023005   -0.083398     -651.935756      553.977394    8.132958    2.312083    0.160029    6.386086
    0.315920    0.830147    0.005775    0.024267   -0.058248     -662.516198      563.330906    8.215823    2.346479    0.160029    6.386086
    0.318408    0.830059    0.005382    0.025140   -0.035639     -673.263767      572.664252    8.298678    2.380868    0.160029    6.386086
    0.320896    0.829976    0.004978    0.025665   -0.015474     -684.166611      581.978836    8.381525    2.415249    0.160029    6.386086
    0.323383    0.829900    0.004569    0.025879    0.002357     -695.212667      591.276094    8.464364    2.449624    0.160029    6.386086
    0.325871    0.829831    0.004158    0.025817    0.017978     -706.389802      600.557474    8.547195    2.483994    0.160029    6.386086
    0.328358    0.829768    0.003750    0.025515    0.031518     -717.685939      609.824423    8.630020    2.518357    0.160029    6.386086
    0.330846    0.829712    0.003348    0.025003    0.043112     -729.089168      619.078373    8.712839    2.552716    0.160029    6.386086
    0.333333    0.829662    0.002956    0.024312    0.052896     -740.587838      628.320729    8.795653    2.587071    0.160029    6.386086
    0.335821    0.829618    0.002576    0.023471    0.061005     -752.170634      637.552856    8.878462    2.621422    0.160029    6.386086
    0.338308    0.829580    0.002211    0.022504    0.067576     -763.826645      646.776074    8.961267    2.655769    0.160029    6.386086
    0.340796    0.829548    0.001862    0.021435    0.072738     -775.545413      655.991653    9.044069    2.690113    0.160029    6.386086
    0.343284    0.829521    0.001531    0.020287    0.076620     -787.316976      665.200801    9.126867    2.724455    0.160029    6.386086
    0.345771    0.829499    0.001218    0.019079    0.079345     -799.131903      674.404664    9.209663    2.758795    0.160029    6.386086
    0.348259    0.829482    0.000925    0.017829    0.081031     -810.981318      683.604324    9.292458    2.793134    0.160029    6.386086
    0.350746    0.829469    0.000651    0.016553    0.081789     -822.856912      692.800791    9.375250    2.827471    0.160029    6.386086
    0.353234    0.829461    0.000399    0.015265    0.081727     -834.750960      701.995007    9.458042    2.861808    0.160029    6.386086
    0.355721    0.829457    0.000166    0.013979    0.080944     -846.656316      711.187844    9.540833    2.896143    0.160029    6.386086
    0.358209    0.829456   -0.000045    0.012705    0.079534     -858.566421      720.380102    9.623624    2.930479    0.160029    6.386086
    0.360697    0.829458   -0.000237    0.011453    0.077583     -870.475288      729.572511    9.706415    2.964815    0.160029    6.386086
    0.363184    0.829463   -0.000410    0.010231    0.075175     -882.377501      738.765732    9.789206    2.999151    0.160029    6.386086
    0.365672    0.829471   -0.000563    0.009048    0.072383     -894.268192      747.960358    9.871998    3.033487    0.160029    6.386086
    0.368159    0.829481   -0.000697    0.007907    0.069277     -906.143033      757.156917    9.954790    3.067825    0.160029    6.386086
    0.370647    0.829493   -0.000814    0.006816    0.065920     -917.998212      766.355874   10.037584    3.102163    0.160029    6.386086
    0.373134    0.829507   -0.000914    0.005776    0.062370     -929.830414      775.557632   10.120379    3.136502    0.160029    6.386086
    0.375622    0.829522   -0.000998    0.004792    0.058679     -941.636800      784.762538   10.203176    3.170843    0.160029    6.386086
    0.378109    0.829538   -0.001067    0.003866    0.054895     -953.414980      793.970881   10.285974    3.205184    0.160029    6.386086
    0.380597    0.829556   -0.001121    0.002999    0.051060     -965.162990      803.182899   10.368774    3.239527    0.160029    6.386086
    0.383085    0.829574   -0.001162    0.002192    0.047212     -976.879266      812.398784   10.451576    3.273872    0.160029    6.386086
    0.385572    0.829593   -0.001191    0.001446    0.043385     -988.562619      821.618677   10.534379    3.308218    0.160029    6.386086
    0.388060    0.829612   -0.001208    0.000759    0.039607    -1000.212206      830.842681   10.617184    3.342566    0.160029    6.386086
    0.390547    0.829631   -0.001215    0.000131    0.035904    -1011.827509      840.070857   10.699992    3.376915    0.160029    6.386086
    0.393035    0.829650   -0.001213   -0.000439    0.032298    -1023.408302      849.303232   10.782801    3.411266    0.160029    6.386086
    0.395522    0.829669   -0.001202   -0.000952    0.028808    -1034.954633      858.539799   10.865612    3.445619    0.160029    6.386086
    0.398010    0.829688   -0.001183   -0.001410    0.025449    -1046.466790      867.780521   10.948425    3.479973    0.160029    6.386086
    0.400498    0.829707   -0.001157   -0.001815    0.022234    -1057.945286      877.025335   11.031240    3.514328    0.160029    6.386086
    0.402985    0.829725   -0.001126   -0.002170    0.019173    -1069.390828      886.274153   11.114057    3.548686    0.160029    6.386086
    0.405473    0.829743   -0.001089   -0.002477    0.016274    -1080.804298      895.526868   11.196875    3.583044    0.160029    6.386086
    0.407960    0.829760   -0.001047   -0.002739    0.013542    -1092.186727      904.783353   11.279695    3.617404    0.160029    6.386086
    0.410448    0.829776   -0.001002   -0.002957    0.010981    -1103.539280      914.043466   11.362517    3.651766    0.160029    6.386086
    0.412935    0.829791   -0.000953   -0.003134    0.008593    -1114.863232      923.307050   11.445341    3.686129    0.160029    6.386086
    0.415423    0.829806   -0.000902   -0.003274    0.006378    -1126.159948      932.573940   11.528166    3.720493    0.160029    6.386086
    0.417910    0.829820   -0.000850   -0.003379    0.004335    -1137.430870      941.843959   11.610992    3.754858    0.160029    6.386086
    0.420398    0.829833   -0.000795   -0.003452    0.002462    -1148.677497      951.116926   11.693820    3.789224    0.160029    6.386086
    0.422886    0.829845   -0.000740   -0.003495    0.000756    -1159.901370      960.392652   11.776649    3.823592    0.160029    6.386086
    0.425373    0.829857   -0.000684   -0.003511   -0.000788    -1171.104059      969.670947   11.859479    3.857960    0.160029    6.386086
    0.427861    0.829867   -0.000629   -0.003502   -0.002174    -1182.287150      978.951618   11.942311    3.892329    0.160029    6.386086
    0.430348    0.829877   -0.000573   -0.003472   -0.003408    -1193.452230      988.234473   12.025143    3.926699    0.160029    6.386086
    0.432836    0.829885   -0.000518   -0.003421   -0.004495    -1204.600882      997.519318   12.107976    3.961070    0.160029    6.386086
    0.435323    0.829893   -0.000465   -0.003353   -0.005444    -1215.734670     1006.805965   12.190810    3.995442    0.160029    6.386086
    0.437811    0.829900   -0.000412   -0.003270   -0.006260    -1226.855134     1016.094226   12.273645    4.029814    0.160029    6.386086
    0.440299    0.829906   -0.000361   -0.003174   -0.006950    -1237.963778     1025.383919   12.356480    4.064186    0.160029    6.386086
    0.442786    0.829912   -0.000311   -0.003067   -0.007521    -1249.062070     1034.674866   12.439316    4.098560    0.160029    6.386086
    0.445274    0.829916   -0.000263   -0.002950   -0.007982    -1260.151429     1043.966895   12.522153    4.132933    0.160029    6.386086
    0.447761    0.829920   -0.000217   -0.002826   -0.008339    -1271.233226     1053.259841   12.604990    4.167307    0.160029    6.386086
    0.450249    0.829923   -0.000174   -0.002696   -0.008599    -1282.308777     1062.553542   12.687827    4.201681    0.160029    6.386086
    0.452736    0.829925   -0.000132   -0.002561   -0.008769    -1293.379340     1071.847848   12.770665    4.236056    0.160029    6.386086
    0.455224    0.829927   -0.000092   -0.002424   -0.008857    -1304.446114     1081.142613   12.853502    4.270430    0.160029    6.386086
    0.457711    0.829928   -0.000055   -0.002284   -0.008869    -1315.510235     1090.437699   12.936340    4.304805    0.160029    6.386086
    0.460199    0.829929   -0.000020   -0.002145   -0.008812    -1326.572778     1099.732976   13.019178    4.339180    0.160029    6.386086
    0.462687    0.829929    0.000013   -0.002006   -0.008692    -1337.634751     1109.028322   13.102016    4.373555    0.160029    6.386086
    0.465174    0.829929    0.000044   -0.001868   -0.008515    -1348.697102     1118.323622   13.184854    4.407930    0.160029    6.386086
    0.467662    0.829928    0.000073   -0.001733   -0.008287    -1359.760715     1127.618770   13.267692    4.442304    0.160029    6.386086
    0.470149    0.829926    0.000099   -0.001602   -0.008014    -1370.826411     1136.913665   13.350530    4.476679    0.160029    6.386086
    0.472637    0.829925    0.000124   -0.001475   -0.007701    -1381.894950     1146.208216   13.433367    4.511054    0.160029    6.386086
    0.475124    0.829922    0.000146   -0.001352   -0.007352    -1392.967033     1155.502337   13.516205    4.545428    0.160029    6.386086
    0.477612    0.829920    0.000167   -0.001234   -0.006972    -1404.043306     1164.795952   13.599042    4.579802    0.160029    6.386086
    0.480100    0.829917    0.000185   -0.001123   -0.006566    -1415.124358     1174.088987   13.681879    4.614176    0.160029    6.386086
    0.482587    0.829914    0.000202   -0.001017   -0.006138    -1426.210724     1183.381379   13.764716    4.648550    0.160029    6.386086
    0.485075    0.829911    0.000218   -0.000919   -0.005690    -1437.302894     1192.673068   13.847552    4.682923    0.160029    6.386086
    0.487562    0.829907    0.000232   -0.000827   -0.005227    -1448.401306     1201.964001   13.930388    4.717296    0.160029    6.386086
    0.490050    0.829903    0.000244   -0.000742   -0.004751    -1459.506359     1211.254129   14.013224    4.751669    0.160029    6.386086
    0.492537    0.829899    0.000255   -0.000664   -0.004266    -1470.618408     1220.543409   14.096059    4.786042    0.160029    6.386086
    0.495025    0.829895    0.000265   -0.000595   -0.003772    -1481.737773     1229.831804   14.178894    4.820414    0.160029    6.386086
    0.497512    0.829891    0.000274   -0.000532   -0.003273    -1492.864740     1239.119277   14.261728    4.854786    0.160029    6.386086
    0.500000    0.829887    0.000282   -0.000478   -0.002771    -1503.999565     1248.405798   14.344562    4.889157    0.160029    6.386086
    0.502488    0.829882    0.000289   -0.000431   -0.002266    -1515.142476     1257.691339   14.427396    4.923528    0.160029    6.386086
    0.504975    0.829877    0.000296   -0.000393   -0.001761    -1526.293679     1266.975876   14.510229    4.957899    0.160029    6.386086
    0.507463    0.829873    0.000302   -0.000362   -0.001255    -1537.453360     1276.259385   14.593061    4.992269    0.160029    6.386086
    0.509950    0.829868    0.000307   -0.000339   -0.000751    -1548.621690     1285.541845   14.675893    5.026639    0.160029    6.386086
    0.512438    0.829863    0.000313   -0.000324   -0.000249    -1559.798826     1294.823238   14.758725    5.061009    0.160029    6.386086
    0.514925    0.829858    0.000318   -0.000317    0.000252    -1570.984918     1304.103546   14.841556    5.095378    0.160029    6.386086
    0.517413    0.829853    0.000323   -0.000317    0.000750    -1582.180111     1313.382750   14.924387    5.129747    0.160029    6.386086
    0.519900    0.829848    0.000328   -0.000325    0.001246    -1593.384545     1322.660834   15.007217    5.164115    0.160029    6.386086
    0.522388    0.829842    0.000333   -0.000342    0.001741    -1604.598367     1331.937779   15.090046    5.198483    0.160029    6.386086
    0.524876    0.829837    0.000339   -0.000365    0.002234    -1615.821725     1341.213568   15.172875    5.232850    0.160029    6.386086
    0.527363    0.829832    0.000345   -0.000397    0.002726    -1627.054779     1350.488182   15.255704    5.267217    0.160029    6.386086
    0.529851    0.829826    0.000351   -0.000436    0.003218    -1638.297700     1359.761598   15.338532    5.301584    0.160029    6.386086
    0.532338    0.829820    0.000359   -0.000483    0.003710    -1649.550676     1369.033795   15.421359    5.335950    0.160029    6.386086
    0.534826    0.829815    0.000367   -0.000537    0.004205    -1660.813913     1378.304747   15.504186    5.370316    0.160029    6.386086
    0.537313    0.829809    0.000376   -0.000600    0.004703    -1672.087640     1387.574427   15.587013    5.404681    0.160029    6.386086
    0.539801    0.829803    0.000386   -0.000670    0.005205    -1683.372115     1396.842803   15.669838    5.439045    0.160029    6.386086
    0.542289    0.829796    0.000397   -0.000747    0.005713    -1694.667622     1406.109840   15.752663    5.473409    0.160029    6.386086
    0.544776    0.829790    0.000410   -0.000833    0.006229    -1705.974481     1415.375499   15.835488    5.507773    0.160029    6.386086
    0.547264    0.829783    0.000424   -0.000926    0.006754    -1717.293048     1424.639737   15.918312    5.542136    0.160029    6.386086
    0.549751    0.829777    0.000439   -0.001028    0.007290    -1728.623720     1433.902507   16.001135    5.576498    0.160029    6.386086
    0.552239    0.829769    0.000456   -0.001138    0.007839    -1739.966936     1443.163753   16.083957    5.610860    0.160029    6.386086
    0.554726    0.829762    0.000475   -0.001256    0.008404    -1751.323184     1452.423418   16.166779    5.645222    0.160029    6.386086
    0.557214    0.829754    0.000496   -0.001383    0.008986    -1762.693005     1461.681434   16.249600    5.679582    0.160029    6.386086
    0.559701    0.829746    0.000519   -0.001519    0.009588    -1774.076991     1470.937731   16.332420    5.713942    0.160029    6.386086
    0.562189    0.829738    0.000545   -0.001664    0.010213    -1785.475797     1480.192227   16.415239    5.748302    0.160029    6.386086
    0.564677    0.829729    0.000572   -0.001818    0.010862    -1796.890139     1489.444837   16.498058    5.782660    0.160029    6.386086
    0.567164    0.829720    0.000602   -0.001983    0.011539    -1808.320801     1498.695464   16.580875    5.817018    0.160029    6.386086
    0.569652    0.829710    0.000635   -0.002157    0.012247    -1819.768637     1507.944004   16.663692    5.851375    0.160029    6.386086
    0.572139    0.829699    0.000671   -0.002343    0.012988    -1831.234579     1517.190344   16.746507    5.885732    0.160029    6.386086
    0.574627    0.829689    0.000710   -0.002539    0.013766    -1842.719637     1526.434361   16.829322    5.920087    0.160029    6.386086
    0.577114    0.829677    0.000752   -0.002747    0.014584    -1854.224908     1535.675921   16.912135    5.954441    0.160029    6.386086
    0.579602    0.829665    0.000797   -0.002968    0.015445    -1865.751579     1544.914879   16.994948    5.988795    0.160029    6.386086
    0.582090    0.829652    0.000846   -0.003202    0.016353    -1877.300930     1554.151079   17.077759    6.023147    0.160029    6.386086
    0.584577    0.829638    0.000899   -0.003449    0.017311    -1888.874346     1563.384352   17.160568    6.057498    0.160029    6.386086
    0.587065    0.829623    0.000956   -0.003711    0.018324    -1900.473315     1572.614517   17.243376    6.091848    0.160029    6.386086
    0.589552    0.829607    0.001017   -0.003987    0.019395    -1912.099438     1581.841377   17.326183    6.126197    0.160029    6.386086
    0.592040    0.829591    0.001082   -0.004280    0.020529    -1923.754437     1591.064722   17.408988    6.160545    0.160029    6.386086
    0.594527    0.829573    0.001153   -0.004590    0.021731    -1935.440157     1600.284327   17.491791    6.194891    0.160029    6.386086
    0.597015    0.829554    0.001228   -0.004918    0.023003    -1947.158575     1609.499951   17.574593    6.229235    0.160029    6.386086
    0.599502    0.829534    0.001309   -0.005265    0.024353    -1958.911810     1618.711332   17.657393    6.263578    0.160029    6.386086
    0.601990    0.829512    0.001396   -0.005632    0.025784    -1970.702126     1627.918196   17.740190    6.297919    0.160029    6.386086
    0.604478    0.829489    0.001488   -0.006020    0.027301    -1982.531943     1637.120244   17.822985    6.332259    0.160029    6.386086
    0.606965    0.829465    0.001587   -0.006431    0.028912    -1994.403844     1646.317160   17.905778    6.366596    0.160029    6.386086
    0.609453    0.829439    0.001693   -0.006867    0.030620    -2006.320587     1655.508606   17.988569    6.400931    0.160029    6.386086
    0.611940    0.829411    0.001806   -0.007327    0.032432    -2018.285108     1664.694221   18.071356    6.435265    0.160029    6.386086
    0.614428    0.829382    0.001926   -0.007815    0.034355    -2030.300539     1673.873620   18.154141    6.469595    0.160029    6.386086
    0.616915    0.829350    0.002054   -0.008331    0.036395    -2042.370212     1683.046394   18.236923    6.503923    0.160029    6.386086
    0.619403    0.829316    0.002191   -0.008877    0.038559    -2054.497671     1692.212105   18.319701    6.538249    0.160029    6.386086
    0.621891    0.829280    0.002336   -0.009456    0.040854    -2066.686687     1701.370289   18.402477    6.572571    0.160029    6.386086
    0.624378    0.829242    0.002491   -0.010069    0.043288    -2078.941264     1710.520451   18.485248    6.606891    0.160029    6.386086
    0.626866    0.829201    0.002656   -0.010718    0.045869    -2091.265659     1719.662066   18.568015    6.641207    0.160029    6.386086
    0.629353    0.829158    0.002832   -0.011405    0.048605    -2103.664387     1728.794575   18.650778    6.675520    0.160029    6.386086
    0.631841    0.829111    0.003019   -0.012133    0.051504    -2116.142240     1737.917384   18.733537    6.709828    0.160029    6.386086
    0.634328    0.829062    0.003218   -0.012904    0.054577    -2128.704299     1747.029862   18.816291    6.744133    0.160029    6.386086
    0.636816    0.829009    0.003429   -0.013721    0.057832    -2141.355951     1756.131340   18.899040    6.778434    0.160029    6.386086
    0.639303    0.828953    0.003654   -0.014586    0.061280    -2154.102901     1765.221108   18.981783    6.812730    0.160029    6.386086
    0.641791    0.828893    0.003893   -0.015502    0.064931    -2166.951191     1774.298412   19.064521    6.847021    0.160029    6.386086
    0.644279    0.828829    0.004147   -0.016472    0.068795    -2179.907214     1783.362453   19.147252    6.881308    0.160029    6.386086
    0.646766    0.828761    0.004416   -0.017500    0.072885    -2192.977734     1792.412384   19.229977    6.915588    0.160029    6.386086
    0.649254    0.828688    0.004703   -0.018588    0.077211    -2206.169901     1801.447307   19.312695    6.949863    0.160029    6.386086
    0.651741    0.828611    0.005007   -0.019740    0.081788    -2219.491272     1810.466271   19.395405    6.984132    0.160029    6.386086
    0.654229    0.828529    0.005330   -0.020960    0.086626    -2232.949826     1819.468271   19.478108    7.018393    0.160029    6.386086
    0.656716    0.828442    0.005674   -0.022251    0.091740    -2246.553987     1828.452240   19.560802    7.052648    0.160029    6.386086
    0.659204    0.828349    0.006038   -0.023618    0.097144    -2260.312640     1837.417051   19.643487    7.086896    0.160029    6.386086
    0.661692    0.828250    0.006424   -0.025065    0.102852    -2274.235155     1846.361513   19.726162    7.121135    0.160029    6.386086
    0.664179    0.828145    0.006835   -0.026596    0.108879    -2288.331401     1855.284364   19.808827    7.155366    0.160029    6.386086
    0.666667    0.828033    0.007270   -0.028216    0.115241    -2302.611774     1864.184274   19.891481    7.189588    0.160029    6.386086
    0.669154    0.827914    0.007732   -0.029930    0.121954    -2317.087209     1873.059835   19.974124    7.223800    0.160029    6.386086
    0.671642    0.827787    0.008221   -0.031743    0.129035    -2331.769208     1881.909562   20.056755    7.258001    0.160029    6.386086
    0.674129    0.827652    0.008741   -0.033660    0.136501    -2346.669855     1890.731888   20.139372    7.292192    0.160029    6.386086
    0.676617    0.827509    0.009291   -0.035688    0.144370    -2361.801834     1899.525160   20.221976    7.326372    0.160029    6.386086
    0.679104    0.827357    0.009875   -0.037831    0.152660    -2377.178455     1908.287635   20.304565    7.360538    0.160029    6.386086
    0.681592    0.827195    0.010494   -0.040096    0.161390    -2392.813666     1917.017476   20.387138    7.394692    0.160029    6.386086
    0.684080    0.827023    0.011150   -0.042489    0.170579    -2408.722071     1925.712749   20.469695    7.428832    0.160029    6.386086
    0.686567    0.826841    0.011845   -0.045018    0.180246    -2424.918949     1934.371419   20.552234    7.462957    0.160029    6.386086
    0.689055    0.826647    0.012581   -0.047689    0.190413    -2441.420264     1942.991345   20.634754    7.497066    0.160029    6.386086
    0.691542    0.826441    0.013361   -0.050508    0.201099    -2458.242679     1951.570276   20.717254    7.531158    0.160029    6.386086
    0.694030    0.826222    0.014186   -0.053485    0.212324    -2475.403570     1960.105847   20.799733    7.565232    0.160029    6.386086
    0.696517    0.825990    0.015061   -0.056626    0.224110    -2492.921024     1968.595578   20.882190    7.599287    0.160029    6.386086
    0.699005    0.825743    0.015986   -0.059940    0.236478    -2510.813852     1977.036863   20.964622    7.633323    0.160029    6.386086
    0.701493    0.825482    0.016966   -0.063434    0.249447    -2529.101585     1985.426976   21.047029    7.667336    0.160029    6.386086
    0.703980    0.825204    0.018003   -0.067118    0.263040    -2547.804471     1993.763057   21.129410    7.701327    0.160029    6.386086
    0.706468    0.824909    0.019100   -0.071001    0.277277    -2566.943467     2002.042118   21.211762    7.735294    0.160029    6.386086
    0.708955    0.824597    0.020260   -0.075092    0.292177    -2586.540224     2010.261032   21.294083    7.769235    0.160029    6.386086
    0.711443    0.824265    0.021486   -0.079399    0.307761    -2606.617071     2018.416534   21.376372    7.803148    0.160029    6.386086
    0.713930    0.823914    0.022783   -0.083934    0.324047    -2627.196981     2026.505221   21.458628    7.837033    0.160029    6.386086
    0.716418    0.823541    0.024154   -0.088706    0.341054    -2648.303549     2034.523541   21.540847    7.870887    0.160029    6.386086
    0.718905    0.823146    0.025603   -0.093725    0.358798    -2669.960938     2042.467800   21.623028    7.904708    0.160029    6.386086
    0.721393    0.822727    0.027134   -0.099002    0.377296    -2692.193839     2050.334158   21.705168    7.938494    0.160029    6.386086
    0.723881    0.822284    0.028750   -0.104547    0.396561    -2715.027403     2058.118626   21.787265    7.972244    0.160029    6.386086
    0.726368    0.821813    0.030457   -0.110371    0.416605    -2738.487179     2065.817067   21.869317    8.005955    0.160029    6.386086
    0.728856    0.821316    0.032258   -0.116485    0.437440    -2762.599024     2073.425199   21.951320    8.039624    0.160029    6.386086
    0.731343    0.820788    0.034159   -0.122900    0.459073    -2787.389017     2080.938595   22.033272    8.073249    0.160029    6.386086
    0.733831    0.820230    0.036165   -0.129627    0.481509    -2812.883351     2088.352685   22.115170    8.106827    0.160029    6.386086
    0.736318    0.819639    0.038279   -0.136677    0.504750    -2839.108214     2095.662759   22.197011    8.140356    0.160029    6.386086
    0.738806    0.819013    0.040509   -0.144061    0.528795    -2866.089659     2102.863973   22.278791    8.173832    0.160029    6.386086
    0.741294    0.818352    0.042858   -0.151791    0.553640    -2893.853457     2109.951355   22.360507    8.207253    0.160029    6.386086
    0.743781    0.817652    0.045333   -0.159876    0.579275    -2922.424934     2116.919812   22.442155    8.240615    0.160029    6.386086
    0.746269    0.816911    0.047940   -0.168329    0.605687    -2951.828801     2123.764136   22.523731    8.273914    0.160029    6.386086
    0.748756    0.816128    0.050683   -0.177158    0.632858    -2982.088961     2130.479016   22.605231    8.307147    0.160029    6.386086
    0.751244    0.815301    0.053570   -0.186375    0.660765    -3013.228305     2137.059050   22.686650    8.340309    0.160029    6.386086
    0.753731    0.814426    0.056607   -0.195988    0.689379    -3045.268498     2143.498757   22.767985    8.373398    0.160029    6.386086
    0.756219    0.813502    0.059799   -0.206007    0.718665    -3078.229742     2149.792591   22.849230    8.406407    0.160029    6.386086
    0.758706    0.812527    0.063154   -0.216441    0.748584    -3112.130541     2155.934959   22.930380    8.439333    0.160029    6.386086
    0.761194    0.811496    0.066678   -0.227297    0.779087    -3146.987442     2161.920237   23.011430    8.472171    0.160029    6.386086
    0.763682    0.810409    0.070378   -0.238581    0.810122    -3182.814773     2167.742792   23.092374    8.504915    0.160029    6.386086
    0.766169    0.809261    0.074261   -0.250302    0.841628    -3219.624379     2173.397000   23.173207    8.537560    0.160029    6.386086
    0.768657    0.808051    0.078333   -0.262462    0.873538    -3257.425343     2178.877275   23.253922    8.570101    0.160029    6.386086
    0.771144    0.806774    0.082602   -0.275068    0.905778    -3296.223715     2184.178085   23.334513    8.602531    0.160029    6.386086
    0.773632    0.805428    0.087075   -0.288121    0.938266    -3336.022239     2189.293988   23.414974    8.634844    0.160029    6.386086
    0.776119    0.804010    0.091758   -0.301624    0.970915    -3376.820084     2194.219650   23.495296    8.667034    0.160029    6.386086
    0.778607    0.802516    0.096660   -0.315576    1.003630    -3418.612591     2198.949882   23.575473    8.699093    0.160029    6.386086
    0.781095    0.800942    0.101787   -0.329977    1.036309    -3461.391025     2203.479663   23.655497    8.731014    0.160029    6.386086
    0.783582    0.799286    0.107146   -0.344824    1.068848    -3505.142354     2207.804175   23.735360    8.762790    0.160029    6.386086
    0.786070    0.797543    0.112745   -0.360112    1.101132    -3549.849046     2211.918831   23.815053    8.794412    0.160029    6.386086
    0.788557    0.795710    0.118590   -0.375836    1.133044    -3595.488893     2215.819308   23.894568    8.825873    0.160029    6.386086
    0.791045    0.793783    0.124688   -0.391988    1.164464    -3642.034876     2219.501577   23.973895    8.857163    0.160029    6.386086
    0.793532    0.791758    0.131046   -0.408559    1.195267    -3689.455055     2222.961934   24.053025    8.888273    0.160029    6.386086
    0.796020    0.789630    0.137671   -0.425536    1.225327    -3737.712514     2226.197031   24.131947    8.919194    0.160029    6.386086
    0.798507    0.787396    0.144568   -0.442908    1.254514    -3786.765337     2229.203900   24.210652    8.949916    0.160029    6.386086
    0.800995    0.785052    0.151745   -0.460658    1.282700    -3836.566652     2231.979985   24.289129    8.980429    0.160029    6.386086
    0.803483    0.782592    0.159206   -0.478770    1.309759    -3887.064705     2234.523165   24.367366    9.010721    0.160029    6.386086
    0.805970    0.780013    0.166958   -0.497226    1.335565    -3938.203009     2236.831775   24.445351    9.040783    0.160029    6.386086
    0.808458    0.777311    0.175005   -0.516004    1.359997    -3989.920533     2238.904630   24.523073    9.070601    0.160029    6.386086
    0.810945    0.774480    0.183354   -0.535084    1.382938    -4042.151956     2240.741034   24.600519    9.100166    0.160029    6.386086
    0.813433    0.771516    0.192007   -0.554441    1.404277    -4094.827969     2242.340801   24.677676    9.129464    0.160029    6.386086
    0.815920    0.768415    0.200970   -0.574050    1.423912    -4147.875634     2243.704260   24.754530    9.158482    0.160029    6.386086
    0.818408    0.765173    0.210247   -0.593885    1.441747    -4201.218788     2244.832261   24.831067    9.187209    0.160029    6.386086
    0.820896    0.761783    0.219840   -0.613918    1.457699    -4254.778498     2245.726178   24.907274    9.215631    0.160029    6.386086
    0.823383    0.758242    0.229753   -0.634120    1.471692    -4308.473552     2246.387903   24.983134    9.243733    0.160029    6.386086
    0.825871    0.754546    0.239988   -0.654462    1.483664    -4362.220981     2246.819842   25.058634    9.271504    0.160029    6.386086
    0.828358    0.750689    0.250547   -0.674914    1.493566    -4415.936618     2247.024901   25.133756    9.298928    0.160029    6.386086
    0.830846    0.746667    0.261431   -0.695445    1.501359    -4469.535658     2247.006471   25.208486    9.325991    0.160029    6.386086
    0.833333    0.742476    0.272643   -0.716024    1.507022    -4522.933253     2246.768409   25.282805    9.352679    0.160029    6.386086
    0.835821    0.738110    0.284181   -0.736620    1.510543    -4576.045083     2246.315016   25.356698    9.378978    0.160029    6.386086
    0.838308    0.733566    0.296046   -0.757201    1.511927    -4628.787944     2245.651004   25.430146    9.404872    0.160029    6.386086
    0.840796    0.728840    0.308238   -0.777738    1.511191    -4681.080303     2244.781473   25.503131    9.430348    0.160029    6.386086
    0.843284    0.723926    0.320756   -0.798200    1.508365    -4732.842842     2243.711874   25.575636    9.455390    0.160029    6.386086
    0.845771    0.718821    0.333597   -0.818557    1.503493    -4783.998969     2242.447975   25.647640    9.479984    0.160029    6.386086
    0.848259    0.713521    0.346762   -0.838782    1.496631    -4834.475284     2240.995823   25.719125    9.504116    0.160029    6.386086
    0.850746    0.708022    0.360246   -0.858845    1.487845    -4884.202016     2239.361706   25.790071    9.527771    0.160029    6.386086
    0.853234    0.702321    0.374048   -0.878722    1.477213    -4933.113395     2237.552116   25.860459    9.550936    0.160029    6.386086
    0.855721    0.696412    0.388163   -0.898387    1.464822    -4981.147991     2235.573703   25.930266    9.573596    0.160029    6.386086
    0.858209    0.690294    0.402590   -0.917817    1.450767    -5028.248980     2233.433241   25.999474    9.595739    0.160029    6.386086
    0.860697    0.683963    0.417322   -0.936989    1.435149    -5074.364364     2231.137586   26.068061    9.617351    0.160029    6.386086
    0.863184    0.677416    0.432358   -0.955884    1.418077    -5119.447134     2228.693638   26.136004    9.638421    0.160029    6.386086
    0.865672    0.670650    0.447691   -0.974482    1.399664    -5163.455372     2226.108303   26.203284    9.658936    0.160029    6.386086
    0.868159    0.663662    0.463317   -0.992767    1.380024    -5206.352303     2223.388458   26.269876    9.678886    0.160029    6.386086
    0.870647    0.656450    0.479231   -1.010724    1.359276    -5248.106292     2220.540917   26.335761    9.698260    0.160029    6.386086
    0.873134    0.649011    0.495427   -1.028339    1.337540    -5288.690791     2217.572400   26.400914    9.717050    0.160029    6.386086
    0.875622    0.641344    0.511901   -1.045601    1.314934    -5328.084248     2214.489502   26.465313    9.735245    0.160029    6.386086
    0.878109    0.633448    0.528646   -1.062500    1.291577    -5366.269963     2211.298668   26.528936    9.752840    0.160029    6.386086
    0.880597    0.625320    0.545656   -1.079028    1.267585    -5403.235923     2208.006166   26.591758    9.769827    0.160029    6.386086
    0.883085    0.616959    0.562926   -1.095179    1.243070    -5438.974592     2204.618070   26.653758    9.786200    0.160029    6.386086
    0.885572    0.608364    0.580450   -1.110948    1.218143    -5473.482687     2201.140235   26.714912    9.801956    0.160029    6.386086
    0.888060    0.599535    0.598221   -1.126332    1.192909    -5506.760920     2197.578285   26.775196    9.817091    0.160029    6.386086
    0.890547    0.590471    0.616233   -1.141328    1.167470    -5538.813740     2193.937597   26.834587    9.831602    0.160029    6.386086
    0.893035    0.581172    0.634480   -1.155938    1.141920    -5569.649051     2190.223289   26.893062    9.845490    0.160029    6.386086
    0.895522    0.571638    0.652957   -1.170161    1.116350    -5599.277923     2186.440214   26.950597    9.858754    0.160029    6.386086
    0.898010    0.561870    0.671656   -1.184001    1.090844    -5627.714312     2182.592947   27.007169    9.871397    0.160029    6.386086
    0.900498    0.551867    0.690572   -1.197459    1.065482    -5654.974767     2178.685788   27.062753    9.883422    0.160029    6.386086
    0.902985    0.541632    0.709699   -1.210542    1.040336    -5681.078148     2174.722751   27.117328    9.894833    0.160029    6.386086
    0.905473    0.531165    0.729031   -1.223254    1.015473    -5706.045349     2170.707568   27.170870    9.905636    0.160029    6.386086
    0.907960    0.520468    0.748562   -1.235601    0.990954    -5729.899029     2166.643687   27.223355    9.915839    0.160029    6.386086
    0.910448    0.509543    0.768286   -1.247590    0.966835    -5752.663359     2162.534273   27.274762    9.925449    0.160029    6.386086
    0.912935    0.498391    0.788198   -1.259229    0.943165    -5774.363771     2158.382213   27.325066    9.934478    0.160029    6.386086
    0.915423    0.487015    0.808292   -1.270526    0.919989    -5795.026733     2154.190118   27.374246    9.942935    0.160029    6.386086
    0.917910    0.475417    0.828563   -1.281490    0.897345    -5814.679532     2149.960328   27.422280    9.950835    0.160029    6.386086
    0.920398    0.463601    0.849006   -1.292130    0.875270    -5833.350070     2145.694919   27.469145    9.958189    0.160029    6.386086
    0.922886    0.451570    0.869614   -1.302456    0.853791    -5851.066682     2141.395707   27.514820    9.965014    0.160029    6.386086
    0.925373    0.439327    0.890385   -1.312478    0.832935    -5867.857963     2137.064255   27.559283    9.971325    0.160029    6.386086
    0.927861    0.426875    0.911312   -1.322205    0.812723    -5883.752619     2132.701881   27.602514    9.977140    0.160029    6.386086
    0.930348    0.414219    0.932392   -1.331648    0.793173    -5898.779318     2128.309667   27.644492    9.982475    0.160029    6.386086
    0.932836    0.401362    0.953620   -1.340818    0.774298    -5912.966576     2123.888461   27.685197    9.987352    0.160029    6.386086
    0.935323    0.388310    0.974991   -1.349725    0.756109    -5926.342637     2119.438891   27.724608    9.991788    0.160029    6.386086
    0.937811    0.375067    0.996501   -1.358380    0.738614    -5938.935378     2114.961370   27.762707    9.995804    0.160029    6.386086
    0.940299    0.361637    1.018147   -1.366794    0.721818    -5950.772226     2110.456101   27.799475    9.999423    0.160029    6.386086
    0.942786    0.348026    1.039925   -1.374977    0.705722    -5961.880081     2105.923091   27.834894   10.002664    0.160029    6.386086
    0.945274    0.334240    1.061831   -1.382941    0.690327    -5972.285255     2101.362154   27.868945   10.005551    0.160029    6.386086
    0.947761    0.320284    1.083862   -1.390695    0.675628    -5982.013418     2096.772919   27.901611   10.008105    0.160029    6.386086
    0.950249    0.306163    1.106015   -1.398251    0.661619    -5991.089555     2092.154839   27.932877   10.010349    0.160029    6.386086
    0.952736    0.291885    1.128286   -1.405619    0.648292    -5999.537935     2087.507198   27.962725   10.012306    0.160029    6.386086
    0.955224    0.277454    1.150672   -1.412809    0.635634    -6007.382078     2082.829119   27.991140   10.013998    0.160029    6.386086
    0.957711    0.262878    1.173172   -1.419832    0.623629    -6014.644740     2078.119567   28.018107   10.015448    0.160029    6.386086
    0.960199    0.248163    1.195782   -1.426697    0.612254    -6021.347896     2073.377361   28.043612   10.016676    0.160029    6.386086
    0.962687    0.233317    1.218500   -1.433415    0.601480    -6027.512738     2068.601178   28.067643   10.017706    0.160029    6.386086
    0.965174    0.218346    1.241323   -1.439996    0.591269    -6033.159668     2063.789562   28.090185   10.018558    0.160029    6.386086
    0.967662    0.203257    1.264250   -1.446448    0.581565    -6038.308303     2058.940928   28.111226   10.019253    0.160029    6.386086
    0.970149    0.188058    1.287278   -1.452781    0.572289    -6042.977484     2054.053570   28.130756   10.019809    0.160029    6.386086
    0.972637    0.172756    1.310406   -1.459002    0.563327    -6047.185286     2049.125665   28.148764   10.020246    0.160029    6.386086
    0.975124    0.157360    1.333633   -1.465120    0.554503    -6050.949038     2044.155286   28.165240   10.020582    0.160029    6.386086
    0.977612    0.141876    1.356955   -1.471139    0.545538    -6054.285341     2039.140399   28.180174   10.020832    0.160029    6.386086
    0.980100    0.126315    1.380372   -1.477061    0.535984    -6057.210097     2034.078879   28.193560   10.021013    0.160029    6.386086
    0.982587    0.110682    1.403883   -1.482885    0.525089    -6059.738545     2028.968509   28.205388   10.021138    0.160029    6.386086
    0.985075    0.094987    1.427485   -1.488596    0.511573    -6061.885302     2023.806991   28.215653   10.021220    0.160029    6.386086
    0.987562    0.079239    1.451177   -1.494164    0.493197    -6063.664422     2018.591949   28.224348   10.021270    0.160029    6.386086
    0.990050    0.063446    1.474956   -1.499525    0.465986    -6065.089478     2013.320940   28.231469   10.021298    0.160029    6.386086
    0.992537    0.047616    1.498818   -1.504551    0.422762    -6066.173692     2007.991457   28.237012   10.021311    0.160029    6.386086
    0.995025    0.031759    1.522755   -1.508999    0.350392    -6066.930145     2002.600940   28.240974   10.021316    0.160029    6.386086
    0.997512    0.015884    1.546756   -1.512397    0.224586    -6067.372226     1997.146777   28.243352   10.021317    0.160029    6.386086
    1.000000   -0.000000    1.570796   -1.513848    0.000000    -6067.515031     1991.626317   28.244144   10.021317    0.160029    6.386086
