           t           r         psi          cs          qs               p             sig           A           V          Q2           S
    0.000000   -0.000000   -1.570796    0.407628    0.000000       34.644335      134.143833   -0.000000   -0.000000    0.155952    6.493599
    0.002488    0.016153   -1.577400    0.411183   -0.580827       34.684402      128.463309    0.000820   -0.000000    0.155952    6.493599
    0.004975    0.032306   -1.584117    0.421512   -1.125112       34.809316      122.851351    0.003279   -0.000000    0.155952    6.493599
    0.007463    0.048456   -1.591052    0.438225   -1.643748       35.025857      117.305155    0.007377   -0.000002    0.155952    6.493599
    0.009950    0.064605   -1.598307    0.461058   -2.145059       35.342001      111.821983    0.013115   -0.000006    0.155952    6.493599
    0.012438    0.080750   -1.605979    0.489844   -2.635139       35.767382      106.399172    0.020491   -0.000014    0.155952    6.493599
    0.014925    0.096891   -1.614164    0.524480   -3.118069       36.313512      101.034129    0.029506   -0.000030    0.155952    6.493599
    0.017413    0.113026   -1.622954    0.564900   -3.596064       36.993986       95.724337    0.040159   -0.000057    0.155952    6.493599
    0.019900    0.129153   -1.632445    0.611056   -4.069532       37.824673       90.467359    0.052449   -0.000099    0.155952    6.493599
    0.022388    0.145270   -1.642726    0.662885   -4.537096       38.823924       85.260834    0.066375   -0.000163    0.155952    6.493599
    0.024876    0.161375   -1.653890    0.720291   -4.995568       40.012796       80.102491    0.081936   -0.000256    0.155952    6.493599
    0.027363    0.177464   -1.666025    0.783116   -5.439897       41.415270       74.990145    0.099131   -0.000386    0.155952    6.493599
    0.029851    0.193534   -1.679218    0.851117   -5.863101       43.058480       69.921706    0.117958   -0.000564    0.155952    6.493599
    0.032338    0.209579   -1.693548    0.923935   -6.256198       44.972931       64.895184    0.138415   -0.000802    0.155952    6.493599
    0.034826    0.225595   -1.709090    1.001069   -6.608139       47.192695       59.908696    0.160499   -0.001115    0.155952    6.493599
    0.037313    0.241575   -1.725909    1.081848   -6.905767       49.755573       54.960473    0.184207   -0.001520    0.155952    6.493599
    0.039801    0.257511   -1.744056    1.165399   -7.133807       52.703206       50.048872    0.209535   -0.002037    0.155952    6.493599
    0.042289    0.273394   -1.763567    1.250620   -7.274907       56.081108       45.172385    0.236477   -0.002688    0.155952    6.493599
    0.044776    0.289215   -1.784460    1.336152   -7.309744       59.938604       40.329648    0.265028   -0.003499    0.155952    6.493599
    0.047264    0.304962   -1.806727    1.420350   -7.217208       64.328638       35.519459    0.295181   -0.004498    0.155952    6.493599
    0.049751    0.320622   -1.830329    1.501261   -6.974679       69.307419       30.740790    0.326929   -0.005716    0.155952    6.493599
    0.052239    0.336182   -1.855197    1.576607   -6.558420       74.933884       25.992804    0.360260   -0.007187    0.155952    6.493599
    0.054726    0.351626   -1.881220    1.643771   -5.944083       81.268932       21.274874    0.395166   -0.008947    0.155952    6.493599
    0.057214    0.366939   -1.908242    1.699788   -5.107344       88.374417       16.586599    0.431632   -0.011033    0.155952    6.493599
    0.059701    0.382105   -1.936056    1.741359   -4.024676       96.311869       11.927827    0.469645   -0.013484    0.155952    6.493599
    0.062189    0.397109   -1.964402    1.764857   -2.674241      105.140935        7.298677    0.509189   -0.016339    0.155952    6.493599
    0.064677    0.411937   -1.992954    1.766366   -1.036907      114.917548        2.699561    0.550247   -0.019635    0.155952    6.493599
    0.067164    0.426576   -2.021326    1.741723    0.902631      125.691833       -1.868790    0.592800   -0.023407    0.155952    6.493599
    0.069652    0.441017   -2.049059    1.686583    3.154651      137.505788       -6.405297    0.636830   -0.027687    0.155952    6.493599
    0.072139    0.455257   -2.075625    1.596503    5.723134      150.390783      -10.908500    0.682315   -0.032500    0.155952    6.493599
    0.074627    0.469295   -2.100424    1.467050    8.604447      164.364901      -15.376517    0.729234   -0.037866    0.155952    6.493599
    0.077114    0.483141   -2.122785    1.293930   11.785987      179.430164      -19.806997    0.777569   -0.043795    0.155952    6.493599
    0.079602    0.496811   -2.141970    1.073145   15.244780      195.569624      -24.197045    0.827300   -0.050287    0.155952    6.493599
    0.082090    0.510330   -2.157179    0.801175   18.945997      212.744242      -28.543137    0.878410   -0.057332    0.155952    6.493599
    0.084577    0.523734   -2.167562    0.475192   22.841370      230.889414      -32.840997    0.930887   -0.064903    0.155952    6.493599
    0.087065    0.537069   -2.172230    0.093305   26.867462      249.910883      -37.085426    0.984719   -0.072960    0.155952    6.493599
    0.089552    0.550392   -2.170271   -0.345172   30.943794      269.679686      -41.270072    1.039905   -0.081445    0.155952    6.493599
    0.092040    0.563765   -2.160778   -0.839416   34.970930      290.025704      -45.387125    1.096444   -0.090277    0.155952    6.493599
    0.094527    0.577261   -2.142866   -1.386779   38.828756      310.729363      -49.426897    1.154346   -0.099352    0.155952    6.493599
    0.097015    0.590952   -2.115715   -1.982466   42.375435      331.511108      -53.377276    1.213627   -0.108536    0.155952    6.493599
    0.099502    0.604911   -2.078598   -2.619246   45.447791      352.018551      -57.222995    1.274311   -0.117662    0.155952    6.493599
    0.101990    0.619201   -2.030928   -3.287212   47.864117      371.811704      -60.944690    1.336428   -0.126518    0.155952    6.493599
    0.104478    0.633870   -1.972300   -3.973675   49.430568      390.347640      -64.517677    1.400014   -0.134848    0.155952    6.493599
    0.106965    0.648942   -1.902536   -4.663226   49.952070      406.967280      -67.910415    1.465109   -0.142342    0.155952    6.493599
    0.109453    0.664406   -1.821727   -5.338037   49.248135      420.888998      -71.082601    1.531754   -0.148638    0.155952    6.493599
    0.111940    0.680212   -1.730268   -5.978441   47.172834      431.216205      -73.982911    1.599987   -0.153322    0.155952    6.493599
    0.114428    0.696261   -1.628881   -6.563796   43.636833      436.968703      -76.546452    1.669837   -0.155939    0.155952    6.493599
    0.116915    0.712406   -1.518622   -7.073591   38.628076      437.149510      -78.692172    1.741323   -0.156020    0.155952    6.493599
    0.119403    0.728452   -1.400868   -7.488690   32.227076      430.858123      -80.320669    1.814443   -0.153106    0.155952    6.493599
    0.121891    0.744165   -1.277288   -7.792615   24.613208      417.455200      -81.313165    1.889178   -0.146790    0.155952    6.493599
    0.124378    0.759289   -1.149784   -7.972689   16.059953      396.768996      -81.532784    1.965480   -0.136762    0.155952    6.493599
    0.126866    0.773565   -1.020429   -8.020966    6.919169      369.309493      -80.829483    2.043275   -0.122844    0.155952    6.493599
    0.129353    0.786749   -0.891380   -7.934833   -2.403626      336.426266      -79.049920    2.122467   -0.105021    0.155952    6.493599
    0.131841    0.798637   -0.764791   -7.717285  -11.479948      300.325053      -76.052784    2.202932   -0.083450    0.155952    6.493599
    0.134328    0.809077   -0.642724   -7.376837  -19.891936      263.868374      -71.728573    2.284531   -0.058440    0.155952    6.493599
    0.136816    0.817983   -0.527061   -6.927087  -27.265992      230.145060      -66.020612    2.367112   -0.030429    0.155952    6.493599
    0.139303    0.825331   -0.419428   -6.385927  -33.303522      201.892887      -58.942276    2.450518    0.000075    0.155952    6.493599
    0.141791    0.831162   -0.321133   -5.774439  -37.805178      180.948639      -50.584953    2.534593    0.032536    0.155952    6.493599
    0.144279    0.835566   -0.233131   -5.115526  -40.684599      167.916673      -41.113246    2.619185    0.066442    0.155952    6.493599
    0.146766    0.838674   -0.155999   -4.432421  -41.968679      162.164035      -30.747659    2.704158    0.101340    0.155952    6.493599
    0.149254    0.840640   -0.089946   -3.747245  -41.783981      162.111857      -19.738996    2.789387    0.136853    0.155952    6.493599
    0.151741    0.841632   -0.034843   -3.079792  -40.332335      165.683676       -8.340821    2.874765    0.172690    0.155952    6.493599
    0.154229    0.841821    0.009737   -2.446660  -37.861081      170.746863        3.214080    2.960201    0.208644    0.155952    6.493599
    0.156716    0.841371    0.044455   -1.860788  -34.633835      175.434754       14.729662    3.045622    0.244576    0.155952    6.493599
    0.159204    0.840434    0.070157   -1.331363  -30.906275      178.314228       26.054218    3.130972    0.280402    0.155952    6.493599
    0.161692    0.839150    0.087802   -0.864031  -26.909092      178.422029       37.080960    3.216208    0.316079    0.155952    6.493599
    0.164179    0.837639    0.098419   -0.461295  -22.838210      175.217489       47.743832    3.301301    0.351594    0.155952    6.493599
    0.166667    0.836008    0.103052   -0.123028  -18.851043      168.497239       58.010835    3.386234    0.386949    0.155952    6.493599
    0.169154    0.834342    0.102729    0.152992  -15.067062      158.303571       67.876639    3.470999    0.422158    0.155952    6.493599
    0.171642    0.832716    0.098425    0.370554  -11.571026      144.843434       77.355582    3.555597    0.457235    0.155952    6.493599
    0.174129    0.831184    0.091046    0.534549   -8.417594      128.424316       86.475648    3.640034    0.492200    0.155952    6.493599
    0.176617    0.829791    0.081414    0.650558   -5.636406      109.407160       95.273610    3.724322    0.527069    0.155952    6.493599
    0.179104    0.828565    0.070255    0.724509   -3.237088       88.173730      103.791280    3.808476    0.561857    0.155952    6.493599
    0.181592    0.827528    0.058201    0.762405   -1.213867       65.105149      112.072744    3.892516    0.596579    0.155952    6.493599
    0.184080    0.826688    0.045787    0.770110    0.450358       40.568560      120.162377    3.976461    0.631247    0.155952    6.493599
    0.186567    0.826049    0.033454    0.753188    1.780546       14.909445      128.103461    4.060330    0.665872    0.155952    6.493599
    0.189055    0.825605    0.021559    0.716797    2.806653      -11.552288      135.937258    4.144145    0.700467    0.155952    6.493599
    0.191542    0.825348    0.010377    0.665616    3.561328      -38.523800      143.702399    4.227924    0.735040    0.155952    6.493599
    0.194030    0.825265    0.000112    0.603805    4.078134      -65.739372      151.434511    4.311686    0.769604    0.155952    6.493599
    0.196517    0.825339   -0.009092    0.534997    4.390214      -92.959661      159.165989    4.395448    0.804167    0.155952    6.493599
    0.199005    0.825552   -0.017151    0.462303    4.529344     -119.970629      166.925883    4.479224    0.838740    0.155952    6.493599
    0.201493    0.825887   -0.024021    0.388337    4.525288     -146.582395      174.739857    4.563029    0.873332    0.155952    6.493599
    0.203980    0.826322   -0.029701    0.315246    4.405411     -172.628200      182.630189    4.646873    0.907951    0.155952    6.493599
    0.206468    0.826840   -0.034220    0.244749    4.194471     -197.963538      190.615823    4.730765    0.942604    0.155952    6.493599
    0.208955    0.827421   -0.037629    0.178179    3.914549     -222.465475      198.712434    4.814713    0.977300    0.155952    6.493599
    0.211443    0.828050   -0.040002    0.116525    3.585080     -246.032114      206.932535    4.898722    1.012042    0.155952    6.493599
    0.213930    0.828708   -0.041424    0.060477    3.222947     -268.582145      215.285593    4.982798    1.046836    0.155952    6.493599
    0.216418    0.829383   -0.041989    0.010463    2.842610     -290.054402      223.778180    5.066940    1.081685    0.155952    6.493599
    0.218905    0.830060   -0.041796   -0.033308    2.456266     -310.407357      232.414144    5.151152    1.116590    0.155952    6.493599
    0.221393    0.830729   -0.040946   -0.070813    2.074015     -329.618454      241.194804    5.235432    1.151553    0.155952    6.493599
    0.223881    0.831380   -0.039541   -0.102179    1.704040     -347.683267      250.119166    5.319779    1.186573    0.155952    6.493599
    0.226368    0.832004   -0.037677   -0.127654    1.352777     -364.614400      259.184157    5.404191    1.221649    0.155952    6.493599
    0.228856    0.832595   -0.035447   -0.147579    1.025095     -380.440162      268.384876    5.488664    1.256779    0.155952    6.493599
    0.231343    0.833147   -0.032937   -0.162364    0.724463     -395.202984      277.714854    5.573196    1.291961    0.155952    6.493599
    0.233831    0.833657   -0.030227   -0.172466    0.453124     -408.957647      287.166321    5.657781    1.327190    0.155952    6.493599
    0.236318    0.834123   -0.027388   -0.178370    0.212253     -421.769341      296.730471    5.742416    1.362464    0.155952    6.493599
    0.238806    0.834542   -0.024484   -0.180571    0.002122     -433.711629      306.397717    5.827096    1.397778    0.155952    6.493599
    0.241294    0.834914   -0.021572   -0.179566   -0.177750     -444.864368      316.157946    5.911816    1.433128    0.155952    6.493599
    0.243781    0.835239   -0.018698   -0.175836   -0.328456     -455.311669      326.000742    5.996572    1.468509    0.155952    6.493599
    0.246269    0.835518   -0.015903   -0.169843   -0.451565     -465.139936      335.915605    6.081358    1.503918    0.155952    6.493599
    0.248756    0.835753   -0.013221   -0.162018   -0.548997     -474.436057      345.892135    6.166170    1.539351    0.155952    6.493599
    0.251244    0.835946   -0.010677   -0.152763   -0.622919     -483.285764      355.920195    6.251004    1.574803    0.155952    6.493599
    0.253731    0.836099   -0.008291   -0.142439   -0.675642     -491.772218      365.990053    6.335855    1.610270    0.155952    6.493599
    0.256219    0.836215   -0.006079   -0.131375   -0.709541     -499.974815      376.092489    6.420720    1.645749    0.155952    6.493599
    0.258706    0.836296   -0.004049   -0.119856   -0.726985     -507.968226      386.218888    6.505595    1.681238    0.155952    6.493599
    0.261194    0.836347   -0.002208   -0.108134   -0.730279     -515.821669      396.361298    6.590477    1.716732    0.155952    6.493599
    0.263682    0.836369   -0.000556   -0.096422   -0.721622     -523.598401      406.512476    6.675362    1.752229    0.155952    6.493599
    0.266169    0.836366    0.000908   -0.084899   -0.703074     -531.355398      416.665909    6.760248    1.787727    0.155952    6.493599
    0.268657    0.836340    0.002189   -0.073713   -0.676532     -539.143227      426.815819    6.845133    1.823224    0.155952    6.493599
    0.271144    0.836296    0.003292   -0.062982   -0.643719     -547.006053      436.957159    6.930014    1.858718    0.155952    6.493599
    0.273632    0.836235    0.004226   -0.052799   -0.606176     -554.981787      447.085585    7.014890    1.894207    0.155952    6.493599
    0.276119    0.836160    0.005001   -0.043232   -0.565265     -563.102320      457.197437    7.099759    1.929690    0.155952    6.493599
    0.278607    0.836074    0.005627   -0.034327   -0.522168     -571.393849      467.289693    7.184620    1.965167    0.155952    6.493599
    0.281095    0.835979    0.006114   -0.026117   -0.477904     -579.877245      477.359931    7.269471    2.000635    0.155952    6.493599
    0.283582    0.835877    0.006474   -0.018614   -0.433331     -588.568475      487.406284    7.354313    2.036095    0.155952    6.493599
    0.286070    0.835771    0.006719   -0.011821   -0.389164     -597.479027      497.427392    7.439144    2.071546    0.155952    6.493599
    0.288557    0.835661    0.006860   -0.005729   -0.345988     -606.616362      507.422351    7.523964    2.106988    0.155952    6.493599
    0.291045    0.835550    0.006908   -0.000321   -0.304270     -615.984348      517.390671    7.608773    2.142420    0.155952    6.493599
    0.293532    0.835438    0.006874    0.004429   -0.264373     -625.583689      527.332223    7.693570    2.177843    0.155952    6.493599
    0.296020    0.835328    0.006768    0.008550   -0.226571     -635.412342      537.247197    7.778356    2.213257    0.155952    6.493599
    0.298507    0.835220    0.006601    0.012076   -0.191059     -645.465902      547.136057    7.863131    2.248661    0.155952    6.493599
    0.300995    0.835115    0.006381    0.015044   -0.157965     -655.737965      556.999504    7.947895    2.284057    0.155952    6.493599
    0.303483    0.835014    0.006118    0.017492   -0.127360     -666.220470      566.838435    8.032649    2.319444    0.155952    6.493599
    0.305970    0.834917    0.005819    0.019459   -0.099269     -676.904002      576.653909    8.117393    2.354822    0.155952    6.493599
    0.308458    0.834826    0.005491    0.020986   -0.073679     -687.778079      586.447116    8.202127    2.390193    0.155952    6.493599
    0.310945    0.834740    0.005143    0.022112   -0.050543     -698.831398      596.219344    8.286852    2.425556    0.155952    6.493599
    0.313433    0.834660    0.004779    0.022875   -0.029790     -710.052067      605.971959    8.371569    2.460912    0.155952    6.493599
    0.315920    0.834586    0.004405    0.023312   -0.011331     -721.427805      615.706378    8.456278    2.496261    0.155952    6.493599
    0.318408    0.834518    0.004027    0.023461    0.004940     -732.946117      625.424047    8.540980    2.531605    0.155952    6.493599
    0.320896    0.834456    0.003649    0.023354    0.019138     -744.594452      635.126423    8.625675    2.566943    0.155952    6.493599
    0.323383    0.834400    0.003274    0.023025    0.031386     -756.360334      644.814959    8.710364    2.602276    0.155952    6.493599
    0.325871    0.834350    0.002906    0.022505    0.041813     -768.231481      654.491092    8.795048    2.637605    0.155952    6.493599
    0.328358    0.834306    0.002548    0.021821    0.050548     -780.195901      664.156224    8.879727    2.672930    0.155952    6.493599
    0.330846    0.834268    0.002202    0.021001    0.057720     -792.241973      673.811721    8.964402    2.708252    0.155952    6.493599
    0.333333    0.834235    0.001870    0.020068    0.063459     -804.358519      683.458894    9.049073    2.743570    0.155952    6.493599
    0.335821    0.834207    0.001554    0.019046    0.067890     -816.534855      693.099004    9.133741    2.778886    0.155952    6.493599
    0.338308    0.834184    0.001255    0.017955    0.071135     -828.760836      702.733245    9.218407    2.814200    0.155952    6.493599
    0.340796    0.834166    0.000974    0.016813    0.073313     -841.026891      712.362747    9.303070    2.849512    0.155952    6.493599
    0.343284    0.834153    0.000712    0.015638    0.074535     -853.324042      721.988571    9.387732    2.884823    0.155952    6.493599
    0.345771    0.834143    0.000469    0.014443    0.074908     -865.643926      731.611705    9.472393    2.920132    0.155952    6.493599
    0.348259    0.834138    0.000245    0.013244    0.074535     -877.978797      741.233066    9.557053    2.955441    0.155952    6.493599
    0.350746    0.834135    0.000041    0.012051    0.073509     -890.321534      750.853496    9.641713    2.990750    0.155952    6.493599
    0.353234    0.834136   -0.000144    0.010874    0.071920     -902.665633      760.473764    9.726372    3.026059    0.155952    6.493599
    0.355721    0.834140   -0.000310    0.009723    0.069851     -915.005200      770.094569    9.811032    3.061368    0.155952    6.493599
    0.358209    0.834146   -0.000458    0.008605    0.067379     -927.334938      779.716538    9.895692    3.096677    0.155952    6.493599
    0.360697    0.834154   -0.000588    0.007527    0.064574     -939.650131      789.340227    9.980353    3.131987    0.155952    6.493599
    0.363184    0.834165   -0.000702    0.006493    0.061502     -951.946623      798.966129   10.065015    3.167298    0.155952    6.493599
    0.365672    0.834177   -0.000799    0.005508    0.058221     -964.220801      808.594671   10.149678    3.202610    0.155952    6.493599
    0.368159    0.834191   -0.000880    0.004576    0.054787     -976.469564      818.226219   10.234343    3.237923    0.155952    6.493599
    0.370647    0.834205   -0.000947    0.003698    0.051247     -988.690301      827.861080   10.319009    3.273237    0.155952    6.493599
    0.373134    0.834221   -0.001000    0.002877    0.047645    -1000.880866      837.499509   10.403676    3.308552    0.155952    6.493599
    0.375622    0.834238   -0.001040    0.002113    0.044020    -1013.039545      847.141707   10.488345    3.343869    0.155952    6.493599
    0.378109    0.834255   -0.001068    0.001406    0.040406    -1025.165032      856.787827   10.573016    3.379187    0.155952    6.493599
    0.380597    0.834272   -0.001086    0.000757    0.036833    -1037.256397      866.437978   10.657688    3.414506    0.155952    6.493599
    0.383085    0.834290   -0.001093    0.000166    0.033328    -1049.313061      876.092226   10.742363    3.449828    0.155952    6.493599
    0.385572    0.834307   -0.001091   -0.000370    0.029913    -1061.334761      885.750603   10.827039    3.485150    0.155952    6.493599
    0.388060    0.834325   -0.001081   -0.000852    0.026608    -1073.321530      895.413103   10.911717    3.520474    0.155952    6.493599
    0.390547    0.834342   -0.001064   -0.001281    0.023427    -1085.273659      905.079691   10.996396    3.555800    0.155952    6.493599
    0.393035    0.834359   -0.001040   -0.001659    0.020385    -1097.191681      914.750302   11.081078    3.591127    0.155952    6.493599
    0.395522    0.834376   -0.001011   -0.001988    0.017490    -1109.076336      924.424848   11.165761    3.626455    0.155952    6.493599
    0.398010    0.834392   -0.000976   -0.002272    0.014753    -1120.928549      934.103219   11.250445    3.661785    0.155952    6.493599
    0.400498    0.834407   -0.000938   -0.002511    0.012177    -1132.749408      943.785286   11.335132    3.697116    0.155952    6.493599
    0.402985    0.834422   -0.000895   -0.002709    0.009766    -1144.540135      953.470904   11.419820    3.732448    0.155952    6.493599
    0.405473    0.834436   -0.000850   -0.002869    0.007523    -1156.302071      963.159914   11.504509    3.767782    0.155952    6.493599
    0.407960    0.834450   -0.000803   -0.002992    0.005448    -1168.036651      972.852146   11.589200    3.803117    0.155952    6.493599
    0.410448    0.834462   -0.000754   -0.003083    0.003540    -1179.745385      982.547422   11.673892    3.838453    0.155952    6.493599
    0.412935    0.834474   -0.000703   -0.003143    0.001796    -1191.429843      992.245556   11.758585    3.873789    0.155952    6.493599
    0.415423    0.834485   -0.000652   -0.003174    0.000213    -1203.091634     1001.946358   11.843280    3.909127    0.155952    6.493599
    0.417910    0.834495   -0.000601   -0.003180   -0.001214    -1214.732393     1011.649636   11.927975    3.944466    0.155952    6.493599
    0.420398    0.834504   -0.000550   -0.003164   -0.002489    -1226.353770     1021.355195   12.012672    3.979806    0.155952    6.493599
    0.422886    0.834513   -0.000499   -0.003126   -0.003618    -1237.957409     1031.062840   12.097369    4.015146    0.155952    6.493599
    0.425373    0.834520   -0.000449   -0.003071   -0.004608    -1249.544945     1040.772381   12.182067    4.050487    0.155952    6.493599
    0.427861    0.834527   -0.000400   -0.002999   -0.005464    -1261.117989     1050.483625   12.266766    4.085829    0.155952    6.493599
    0.430348    0.834533   -0.000352   -0.002913   -0.006194    -1272.678121     1060.196389   12.351466    4.121171    0.155952    6.493599
    0.432836    0.834539   -0.000306   -0.002816   -0.006806    -1284.226879     1069.910490   12.436166    4.156514    0.155952    6.493599
    0.435323    0.834543   -0.000261   -0.002708   -0.007305    -1295.765757     1079.625753   12.520867    4.191857    0.155952    6.493599
    0.437811    0.834547   -0.000218   -0.002592   -0.007700    -1307.296194     1089.342009   12.605568    4.227200    0.155952    6.493599
    0.440299    0.834550   -0.000177   -0.002470   -0.007998    -1318.819572     1099.059094   12.690269    4.262544    0.155952    6.493599
    0.442786    0.834553   -0.000139   -0.002343   -0.008206    -1330.337212     1108.776854   12.774971    4.297888    0.155952    6.493599
    0.445274    0.834555   -0.000102   -0.002212   -0.008332    -1341.850369     1118.495142   12.859673    4.333232    0.155952    6.493599
    0.447761    0.834556   -0.000067   -0.002079   -0.008381    -1353.360233     1128.213816   12.944375    4.368577    0.155952    6.493599
    0.450249    0.834557   -0.000035   -0.001945   -0.008361    -1364.867923     1137.932746   13.029078    4.403921    0.155952    6.493599
    0.452736    0.834557   -0.000004   -0.001811   -0.008279    -1376.374490     1147.651808   13.113780    4.439265    0.155952    6.493599
    0.455224    0.834557    0.000024   -0.001678   -0.008141    -1387.880914     1157.370887   13.198482    4.474610    0.155952    6.493599
    0.457711    0.834557    0.000050   -0.001547   -0.007952    -1399.388105     1167.089875   13.283185    4.509954    0.155952    6.493599
    0.460199    0.834556    0.000074   -0.001419   -0.007719    -1410.896906     1176.808675   13.367887    4.545299    0.155952    6.493599
    0.462687    0.834554    0.000096   -0.001294   -0.007446    -1422.408091     1186.527194   13.452589    4.580643    0.155952    6.493599
    0.465174    0.834552    0.000116   -0.001174   -0.007140    -1433.922367     1196.245349   13.537291    4.615987    0.155952    6.493599
    0.467662    0.834550    0.000134   -0.001058   -0.006804    -1445.440379     1205.963066   13.621993    4.651331    0.155952    6.493599
    0.470149    0.834548    0.000150   -0.000948   -0.006443    -1456.962709     1215.680275   13.706694    4.686675    0.155952    6.493599
    0.472637    0.834546    0.000164   -0.000843   -0.006061    -1468.489881     1225.396914   13.791395    4.722019    0.155952    6.493599
    0.475124    0.834543    0.000177   -0.000745   -0.005662    -1480.022361     1235.112929   13.876096    4.757362    0.155952    6.493599
    0.477612    0.834540    0.000189   -0.000652   -0.005250    -1491.560563     1244.828272   13.960797    4.792705    0.155952    6.493599
    0.480100    0.834537    0.000198   -0.000566   -0.004827    -1503.104852     1254.542899   14.045498    4.828048    0.155952    6.493599
    0.482587    0.834533    0.000207   -0.000487   -0.004397    -1514.655544     1264.256773   14.130198    4.863390    0.155952    6.493599
    0.485075    0.834530    0.000214   -0.000415   -0.003961    -1526.212913     1273.969861   14.214897    4.898733    0.155952    6.493599
    0.487562    0.834527    0.000220   -0.000349   -0.003523    -1537.777194     1283.682137   14.299597    4.934075    0.155952    6.493599
    0.490050    0.834523    0.000225   -0.000291   -0.003084    -1549.348586     1293.393576   14.384296    4.969417    0.155952    6.493599
    0.492537    0.834519    0.000230   -0.000239   -0.002646    -1560.927254     1303.104159   14.468995    5.004758    0.155952    6.493599
    0.495025    0.834516    0.000233   -0.000195   -0.002210    -1572.513335     1312.813871   14.553693    5.040099    0.155952    6.493599
    0.497512    0.834512    0.000236   -0.000157   -0.001777    -1584.106942     1322.522697   14.638391    5.075440    0.155952    6.493599
    0.500000    0.834508    0.000238   -0.000126   -0.001350    -1595.708165     1332.230627   14.723088    5.110780    0.155952    6.493599
    0.502488    0.834504    0.000240   -0.000102   -0.000927    -1607.317077     1341.937653   14.807785    5.146120    0.155952    6.493599
    0.504975    0.834500    0.000242   -0.000085   -0.000510    -1618.933737     1351.643767   14.892482    5.181460    0.155952    6.493599
    0.507463    0.834496    0.000243   -0.000075   -0.000099    -1630.558192     1361.348963   14.977179    5.216800    0.155952    6.493599
    0.509950    0.834492    0.000244   -0.000071    0.000305    -1642.190482     1371.053238   15.061875    5.252139    0.155952    6.493599
    0.512438    0.834488    0.000245   -0.000073    0.000704    -1653.830645     1380.756586   15.146570    5.287478    0.155952    6.493599
    0.514925    0.834484    0.000247   -0.000082    0.001096    -1665.478716     1390.459004   15.231265    5.322816    0.155952    6.493599
    0.517413    0.834480    0.000248   -0.000097    0.001483    -1677.134735     1400.160486   15.315960    5.358154    0.155952    6.493599
    0.519900    0.834476    0.000250   -0.000118    0.001864    -1688.798748     1409.861027   15.400654    5.393492    0.155952    6.493599
    0.522388    0.834472    0.000252   -0.000146    0.002242    -1700.470808     1419.560621   15.485348    5.428830    0.155952    6.493599
    0.524876    0.834468    0.000254   -0.000179    0.002615    -1712.150985     1429.259260   15.570042    5.464167    0.155952    6.493599
    0.527363    0.834464    0.000258   -0.000218    0.002986    -1723.839360     1438.956933   15.654735    5.499503    0.155952    6.493599
    0.529851    0.834460    0.000261   -0.000264    0.003356    -1735.536037     1448.653629   15.739428    5.534840    0.155952    6.493599
    0.532338    0.834456    0.000266   -0.000315    0.003725    -1747.241139     1458.349333   15.824120    5.570176    0.155952    6.493599
    0.534826    0.834451    0.000272   -0.000372    0.004094    -1758.954815     1468.044027   15.908812    5.605512    0.155952    6.493599
    0.537313    0.834447    0.000278   -0.000434    0.004466    -1770.677243     1477.737691   15.993503    5.640847    0.155952    6.493599
    0.539801    0.834442    0.000286   -0.000503    0.004842    -1782.408630     1487.430299   16.078194    5.676182    0.155952    6.493599
    0.542289    0.834438    0.000294   -0.000577    0.005222    -1794.149219     1497.121824   16.162884    5.711516    0.155952    6.493599
    0.544776    0.834433    0.000304   -0.000658    0.005610    -1805.899289     1506.812232   16.247574    5.746850    0.155952    6.493599
    0.547264    0.834428    0.000316   -0.000745    0.006006    -1817.659159     1516.501486   16.332264    5.782184    0.155952    6.493599
    0.549751    0.834423    0.000329   -0.000837    0.006413    -1829.429192     1526.189542   16.416953    5.817518    0.155952    6.493599
    0.552239    0.834417    0.000343   -0.000937    0.006832    -1841.209798     1535.876353   16.501641    5.852850    0.155952    6.493599
    0.554726    0.834411    0.000359   -0.001042    0.007266    -1853.001434     1545.561865   16.586329    5.888183    0.155952    6.493599
    0.557214    0.834406    0.000377   -0.001155    0.007716    -1864.804613     1555.246016   16.671016    5.923515    0.155952    6.493599
    0.559701    0.834399    0.000396   -0.001274    0.008185    -1876.619902     1564.928740   16.755703    5.958846    0.155952    6.493599
    0.562189    0.834393    0.000418   -0.001401    0.008675    -1888.447929     1574.609962   16.840389    5.994177    0.155952    6.493599
    0.564677    0.834386    0.000441   -0.001535    0.009189    -1900.289386     1584.289602   16.925074    6.029507    0.155952    6.493599
    0.567164    0.834378    0.000467   -0.001678    0.009729    -1912.145030     1593.967569   17.009759    6.064837    0.155952    6.493599
    0.569652    0.834371    0.000496   -0.001828    0.010297    -1924.015692     1603.643766   17.094442    6.100166    0.155952    6.493599
    0.572139    0.834362    0.000527   -0.001987    0.010897    -1935.902275     1613.318085   17.179125    6.135494    0.155952    6.493599
    0.574627    0.834354    0.000560   -0.002156    0.011530    -1947.805764     1622.990411   17.263808    6.170822    0.155952    6.493599
    0.577114    0.834344    0.000596   -0.002334    0.012201    -1959.727228     1632.660616   17.348489    6.206148    0.155952    6.493599
    0.579602    0.834334    0.000635   -0.002523    0.012912    -1971.667822     1642.328565   17.433169    6.241474    0.155952    6.493599
    0.582090    0.834324    0.000678   -0.002722    0.013667    -1983.628799     1651.994109   17.517848    6.276800    0.155952    6.493599
    0.584577    0.834312    0.000723   -0.002933    0.014468    -1995.611506     1661.657089   17.602526    6.312124    0.155952    6.493599
    0.587065    0.834300    0.000773   -0.003156    0.015319    -2007.617400     1671.317332   17.687203    6.347447    0.155952    6.493599
    0.589552    0.834287    0.000825   -0.003392    0.016224    -2019.648043     1680.974654   17.771879    6.382769    0.155952    6.493599
    0.592040    0.834274    0.000882   -0.003642    0.017187    -2031.705118     1690.628855   17.856553    6.418090    0.155952    6.493599
    0.594527    0.834259    0.000943   -0.003907    0.018212    -2043.790427     1700.279721   17.941226    6.453410    0.155952    6.493599
    0.597015    0.834243    0.001009   -0.004187    0.019302    -2055.905907     1709.927023   18.025897    6.488729    0.155952    6.493599
    0.599502    0.834226    0.001079   -0.004484    0.020462    -2068.053627     1719.570516   18.110567    6.524046    0.155952    6.493599
    0.601990    0.834208    0.001154   -0.004799    0.021698    -2080.235805     1729.209936   18.195235    6.559362    0.155952    6.493599
    0.604478    0.834189    0.001234   -0.005132    0.023012    -2092.454811     1738.845002   18.279901    6.594676    0.155952    6.493599
    0.606965    0.834168    0.001319   -0.005486    0.024412    -2104.713176     1748.475413   18.364565    6.629988    0.155952    6.493599
    0.609453    0.834146    0.001411   -0.005861    0.025901    -2117.013604     1758.100849   18.449226    6.665299    0.155952    6.493599
    0.611940    0.834123    0.001509   -0.006258    0.027486    -2129.358977     1767.720965   18.533886    6.700607    0.155952    6.493599
    0.614428    0.834098    0.001613   -0.006679    0.029172    -2141.752372     1777.335396   18.618543    6.735914    0.155952    6.493599
    0.616915    0.834071    0.001725   -0.007126    0.030965    -2154.197063     1786.943751   18.703197    6.771218    0.155952    6.493599
    0.619403    0.834042    0.001844   -0.007601    0.032873    -2166.696542     1796.545615   18.787849    6.806520    0.155952    6.493599
    0.621891    0.834011    0.001971   -0.008104    0.034900    -2179.254521     1806.140543   18.872497    6.841820    0.155952    6.493599
    0.624378    0.833978    0.002106   -0.008638    0.037056    -2191.874953     1815.728064   18.957142    6.877117    0.155952    6.493599
    0.626866    0.833943    0.002250   -0.009205    0.039347    -2204.562042     1825.307675   19.041784    6.912410    0.155952    6.493599
    0.629353    0.833905    0.002403   -0.009806    0.041780    -2217.320254     1834.878841   19.126422    6.947701    0.155952    6.493599
    0.631841    0.833865    0.002567   -0.010444    0.044365    -2230.154337     1844.440992   19.211057    6.982989    0.155952    6.493599
    0.634328    0.833822    0.002741   -0.011122    0.047109    -2243.069332     1853.993524   19.295686    7.018273    0.155952    6.493599
    0.636816    0.833777    0.002926   -0.011841    0.050023    -2256.070592     1863.535793   19.380312    7.053553    0.155952    6.493599
    0.639303    0.833728    0.003124   -0.012604    0.053114    -2269.163796     1873.067114   19.464933    7.088829    0.155952    6.493599
    0.641791    0.833676    0.003334   -0.013414    0.056394    -2282.354970     1882.586762   19.549548    7.124101    0.155952    6.493599
    0.644279    0.833620    0.003557   -0.014274    0.059873    -2295.650499     1892.093964   19.634158    7.159368    0.155952    6.493599
    0.646766    0.833561    0.003795   -0.015186    0.063562    -2309.057153     1901.587902   19.718762    7.194631    0.155952    6.493599
    0.649254    0.833497    0.004048   -0.016154    0.067472    -2322.582104     1911.067705   19.803361    7.229888    0.155952    6.493599
    0.651741    0.833430    0.004317   -0.017181    0.071614    -2336.232943     1920.532450   19.887952    7.265140    0.155952    6.493599
    0.654229    0.833358    0.004604   -0.018271    0.076003    -2350.017706     1929.981159   19.972536    7.300385    0.155952    6.493599
    0.656716    0.833281    0.004908   -0.019427    0.080651    -2363.944892     1939.412795   20.057113    7.335625    0.155952    6.493599
    0.659204    0.833199    0.005232   -0.020653    0.085571    -2378.023488     1948.826255   20.141682    7.370857    0.155952    6.493599
    0.661692    0.833112    0.005576   -0.021954    0.090778    -2392.262989     1958.220376   20.226242    7.406083    0.155952    6.493599
    0.664179    0.833019    0.005941   -0.023333    0.096286    -2406.673424     1967.593921   20.310793    7.441300    0.155952    6.493599
    0.666667    0.832920    0.006330   -0.024795    0.102112    -2421.265378     1976.945584   20.395334    7.476510    0.155952    6.493599
    0.669154    0.832814    0.006743   -0.026344    0.108271    -2436.050014     1986.273979   20.479865    7.511710    0.155952    6.493599
    0.671642    0.832702    0.007181   -0.027987    0.114780    -2451.039103     1995.577644   20.564385    7.546902    0.155952    6.493599
    0.674129    0.832582    0.007647   -0.029728    0.121657    -2466.245043     2004.855029   20.648893    7.582083    0.155952    6.493599
    0.676617    0.832455    0.008142   -0.031572    0.128919    -2481.680883     2014.104498   20.733388    7.617254    0.155952    6.493599
    0.679104    0.832319    0.008668   -0.033525    0.136585    -2497.360351     2023.324321   20.817870    7.652414    0.155952    6.493599
    0.681592    0.832174    0.009226   -0.035593    0.144674    -2513.297873     2032.512671   20.902338    7.687562    0.155952    6.493599
    0.684080    0.832021    0.009819   -0.037783    0.153205    -2529.508598     2041.667622   20.986791    7.722697    0.155952    6.493599
    0.686567    0.831857    0.010447   -0.040101    0.162199    -2546.008419     2050.787139   21.071228    7.757818    0.155952    6.493599
    0.689055    0.831683    0.011115   -0.042554    0.171677    -2562.813992     2059.869079   21.155647    7.792925    0.155952    6.493599
    0.691542    0.831498    0.011823   -0.045149    0.181660    -2579.942757     2068.911182   21.240048    7.828016    0.155952    6.493599
    0.694030    0.831301    0.012574   -0.047894    0.192170    -2597.412950     2077.911070   21.324430    7.863091    0.155952    6.493599
    0.696517    0.831091    0.013371   -0.050796    0.203227    -2615.243624     2086.866239   21.408792    7.898149    0.155952    6.493599
    0.699005    0.830869    0.014216   -0.053863    0.214855    -2633.454653     2095.774057   21.493131    7.933188    0.155952    6.493599
    0.701493    0.830632    0.015112   -0.057104    0.227076    -2652.066745     2104.631759   21.577447    7.968207    0.155952    6.493599
    0.703980    0.830380    0.016062   -0.060528    0.239912    -2671.101443     2113.436440   21.661738    8.003205    0.155952    6.493599
    0.706468    0.830113    0.017069   -0.064144    0.253386    -2690.581123     2122.185055   21.746003    8.038180    0.155952    6.493599
    0.708955    0.829828    0.018135   -0.067960    0.267520    -2710.528991     2130.874411   21.830240    8.073132    0.155952    6.493599
    0.711443    0.829526    0.019265   -0.071987    0.282336    -2730.969069     2139.501164   21.914448    8.108058    0.155952    6.493599
    0.713930    0.829206    0.020462   -0.076234    0.297855    -2751.926177     2148.061817   21.998623    8.142958    0.155952    6.493599
    0.716418    0.828865    0.021729   -0.080713    0.314099    -2773.425902     2156.552715   22.082765    8.177828    0.155952    6.493599
    0.718905    0.828503    0.023071   -0.085432    0.331086    -2795.494571     2164.970043   22.166872    8.212669    0.155952    6.493599
    0.721393    0.828119    0.024491   -0.090404    0.348837    -2818.159199     2173.309824   22.250940    8.247476    0.155952    6.493599
    0.723881    0.827712    0.025993   -0.095639    0.367367    -2841.447441     2181.567916   22.334969    8.282250    0.155952    6.493599
    0.726368    0.827279    0.027582   -0.101148    0.386695    -2865.387522     2189.740011   22.418955    8.316986    0.155952    6.493599
    0.728856    0.826820    0.029262   -0.106943    0.406832    -2890.008160     2197.821636   22.502895    8.351684    0.155952    6.493599
    0.731343    0.826333    0.031039   -0.113035    0.427793    -2915.338478     2205.808151   22.586788    8.386340    0.155952    6.493599
    0.733831    0.825817    0.032916   -0.119437    0.449585    -2941.407896     2213.694756   22.670630    8.420952    0.155952    6.493599
    0.736318    0.825270    0.034899   -0.126159    0.472215    -2968.246014     2221.476484   22.754417    8.455518    0.155952    6.493599
    0.738806    0.824689    0.036993   -0.133215    0.495687    -2995.882476     2229.148214   22.838148    8.490033    0.155952    6.493599
    0.741294    0.824074    0.039204   -0.140615    0.520000    -3024.346818     2236.704672   22.921818    8.524496    0.155952    6.493599
    0.743781    0.823422    0.041538   -0.148371    0.545151    -3053.668302     2244.140434   23.005423    8.558903    0.155952    6.493599
    0.746269    0.822732    0.044000   -0.156495    0.571130    -3083.875726     2251.449942   23.088961    8.593251    0.155952    6.493599
    0.748756    0.822001    0.046596   -0.164999    0.597924    -3114.997226     2258.627504   23.172426    8.627536    0.155952    6.493599
    0.751244    0.821226    0.049332   -0.173893    0.625514    -3147.060049     2265.667313   23.255815    8.661753    0.155952    6.493599
    0.753731    0.820407    0.052216   -0.183188    0.653877    -3180.090321     2272.563454   23.339123    8.695900    0.155952    6.493599
    0.756219    0.819539    0.055253   -0.192895    0.682982    -3214.112785     2279.309922   23.422346    8.729971    0.155952    6.493599
    0.758706    0.818622    0.058450   -0.203024    0.712793    -3249.150534     2285.900638   23.505478    8.763962    0.155952    6.493599
    0.761194    0.817651    0.061814   -0.213583    0.743265    -3285.224722     2292.329467   23.588514    8.797868    0.155952    6.493599
    0.763682    0.816625    0.065352   -0.224581    0.774349    -3322.354267     2298.590239   23.671449    8.831684    0.155952    6.493599
    0.766169    0.815541    0.069072   -0.236025    0.805988    -3360.555538     2304.676773   23.754277    8.865406    0.155952    6.493599
    0.768657    0.814394    0.072980   -0.247922    0.838116    -3399.842038     2310.582899   23.836992    8.899026    0.155952    6.493599
    0.771144    0.813184    0.077084   -0.260278    0.870660    -3440.224080     2316.302486   23.919587    8.932539    0.155952    6.493599
    0.773632    0.811906    0.081391   -0.273097    0.903540    -3481.708460     2321.829472   24.002055    8.965939    0.155952    6.493599
    0.776119    0.810556    0.085909   -0.286381    0.936668    -3524.298138     2327.157891   24.084391    8.999219    0.155952    6.493599
    0.778607    0.809132    0.090646   -0.300133    0.969949    -3567.991916     2332.281909   24.166586    9.032372    0.155952    6.493599
    0.781095    0.807631    0.095608   -0.314353    1.003279    -3612.784138     2337.195853   24.248632    9.065391    0.155952    6.493599
    0.783582    0.806047    0.100804   -0.329039    1.036549    -3658.664407     2341.894248   24.330522    9.098268    0.155952    6.493599
    0.786070    0.804378    0.106240   -0.344187    1.069642    -3705.617314     2346.371852   24.412247    9.130995    0.155952    6.493599
    0.788557    0.802620    0.111926   -0.359794    1.102437    -3753.622212     2350.623691   24.493797    9.163564    0.155952    6.493599
    0.791045    0.800768    0.117867   -0.375852    1.134807    -3802.653011     2354.645097   24.575165    9.195965    0.155952    6.493599
    0.793532    0.798820    0.124070   -0.392352    1.166618    -3852.678027     2358.431741   24.656340    9.228190    0.155952    6.493599
    0.796020    0.796769    0.130544   -0.409284    1.197737    -3903.659864     2361.979668   24.737312    9.260229    0.155952    6.493599
    0.798507    0.794613    0.137295   -0.426634    1.228027    -3955.555360     2365.285337   24.818071    9.292071    0.155952    6.493599
    0.800995    0.792346    0.144330   -0.444389    1.257350    -4008.315583     2368.345643   24.898605    9.323706    0.155952    6.493599
    0.803483    0.789964    0.151654   -0.462531    1.285567    -4061.885893     2371.157959   24.978903    9.355123    0.155952    6.493599
    0.805970    0.787464    0.159274   -0.481041    1.312542    -4116.206059     2373.720153   25.058954    9.386312    0.155952    6.493599
    0.808458    0.784839    0.167197   -0.499899    1.338144    -4171.210456     2376.030623   25.138744    9.417259    0.155952    6.493599
    0.810945    0.782086    0.175426   -0.519081    1.362242    -4226.828316     2378.088308   25.218262    9.447953    0.155952    6.493599
    0.813433    0.779199    0.183968   -0.538565    1.384714    -4282.984055     2379.892717   25.297493    9.478381    0.155952    6.493599
    0.815920    0.776174    0.192827   -0.558323    1.405447    -4339.597663     2381.443930   25.376425    9.508531    0.155952    6.493599
    0.818408    0.773006    0.202007   -0.578328    1.424333    -4396.585152     2382.742617   25.455042    9.538388    0.155952    6.493599
    0.820896    0.769691    0.211512   -0.598551    1.441276    -4453.859068     2383.790036   25.533331    9.567940    0.155952    6.493599
    0.823383    0.766223    0.221345   -0.618961    1.456193    -4511.329051     2384.588034   25.611275    9.597171    0.155952    6.493599
    0.825871    0.762597    0.231509   -0.639528    1.469011    -4568.902438     2385.139042   25.688859    9.626068    0.155952    6.493599
    0.828358    0.758808    0.242006   -0.660219    1.479672    -4626.484908     2385.446059   25.766067    9.654615    0.155952    6.493599
    0.830846    0.754853    0.252839   -0.681002    1.488131    -4683.981147     2385.512643   25.842882    9.682799    0.155952    6.493599
    0.833333    0.750725    0.264007   -0.701843    1.494359    -4741.295534     2385.342884   25.919287    9.710603    0.155952    6.493599
    0.835821    0.746421    0.275513   -0.722709    1.498341    -4798.332834     2384.941380   25.995264    9.738012    0.155952    6.493599
    0.838308    0.741935    0.287355   -0.743568    1.500077    -4854.998883     2384.313209   26.070795    9.765012    0.155952    6.493599
    0.840796    0.737263    0.299535   -0.764386    1.499584    -4911.201262     2383.463892   26.145861    9.791585    0.155952    6.493599
    0.843284    0.732401    0.312050   -0.785130    1.496892    -4966.849942     2382.399361   26.220443    9.817718    0.155952    6.493599
    0.845771    0.727343    0.324899   -0.805770    1.492045    -5021.857900     2381.125912   26.294522    9.843393    0.155952    6.493599
    0.848259    0.722087    0.338080   -0.826274    1.485101    -5076.141686     2379.650167   26.368078    9.868597    0.155952    6.493599
    0.850746    0.716627    0.351592   -0.846612    1.476132    -5129.621942     2377.979030   26.441090    9.893312    0.155952    6.493599
    0.853234    0.710959    0.365430   -0.866758    1.465219    -5182.223864     2376.119639   26.513537    9.917526    0.155952    6.493599
    0.855721    0.705081    0.379593   -0.886682    1.452455    -5233.877597     2374.079322   26.585399    9.941221    0.155952    6.493599
    0.858209    0.698987    0.394075   -0.906362    1.437942    -5284.518573     2371.865551   26.656653    9.964386    0.155952    6.493599
    0.860697    0.692675    0.408873   -0.925772    1.421791    -5334.087769     2369.485893   26.727277    9.987004    0.155952    6.493599
    0.863184    0.686142    0.423982   -0.944891    1.404117    -5382.531906     2366.947972   26.797249   10.009064    0.155952    6.493599
    0.865672    0.679384    0.439397   -0.963699    1.385041    -5429.803575     2364.259419   26.866548   10.030552    0.155952    6.493599
    0.868159    0.672398    0.455114   -0.982179    1.364688    -5475.861298     2361.427834   26.935148   10.051456    0.155952    6.493599
    0.870647    0.665182    0.471126   -1.000313    1.343186    -5520.669524     2358.460748   27.003028   10.071764    0.155952    6.493599
    0.873134    0.657734    0.487428   -1.018089    1.320663    -5564.198568     2355.365585   27.070164   10.091468    0.155952    6.493599
    0.875622    0.650050    0.504015   -1.035494    1.297246    -5606.424495     2352.149628   27.136532   10.110555    0.155952    6.493599
    0.878109    0.642131    0.520879   -1.052518    1.273063    -5647.328957     2348.819990   27.202108   10.129020    0.155952    6.493599
    0.880597    0.633973    0.538016   -1.069152    1.248237    -5686.898980     2345.383582   27.266868   10.146852    0.155952    6.493599
    0.883085    0.625575    0.555418   -1.085390    1.222889    -5725.126723     2341.847096   27.330788   10.164047    0.155952    6.493599
    0.885572    0.616937    0.573079   -1.101228    1.197136    -5762.009202     2338.216975   27.393844   10.180599    0.155952    6.493599
    0.888060    0.608058    0.590992   -1.116662    1.171090    -5797.547989     2334.499400   27.456011   10.196504    0.155952    6.493599
    0.890547    0.598937    0.609152   -1.131691    1.144857    -5831.748898     2330.700274   27.517264   10.211759    0.155952    6.493599
    0.893035    0.589573    0.627551   -1.146315    1.118539    -5864.621649     2326.825207   27.577579   10.226364    0.155952    6.493599
    0.895522    0.579967    0.646183   -1.160535    1.092229    -5896.179532     2322.879508   27.636932   10.240317    0.155952    6.493599
    0.898010    0.570120    0.665042   -1.174354    1.066017    -5926.439070     2318.868177   27.695297   10.253620    0.155952    6.493599
    0.900498    0.560032    0.684120   -1.187777    1.039983    -5955.419675     2314.795900   27.752651   10.266277    0.155952    6.493599
    0.902985    0.549703    0.703412   -1.200808    1.014204    -5983.143322     2310.667049   27.808969   10.278291    0.155952    6.493599
    0.905473    0.539135    0.722912   -1.213453    0.988746    -6009.634219     2306.485674   27.864226   10.289668    0.155952    6.493599
    0.907960    0.528331    0.742613   -1.225719    0.963674    -6034.918500     2302.255513   27.918398   10.300416    0.155952    6.493599
    0.910448    0.517290    0.762509   -1.237613    0.939042    -6059.023925     2297.979989   27.971462   10.310542    0.155952    6.493599
    0.912935    0.506016    0.782594   -1.249145    0.914901    -6081.979598     2293.662212   28.023394   10.320058    0.155952    6.493599
    0.915423    0.494511    0.802862   -1.260323    0.891295    -6103.815707     2289.304992   28.074169   10.328974    0.155952    6.493599
    0.917910    0.482777    0.823308   -1.271157    0.868262    -6124.563271     2284.910835   28.123766   10.337303    0.155952    6.493599
    0.920398    0.470818    0.843927   -1.281656    0.845835    -6144.253915     2280.481960   28.172159   10.345060    0.155952    6.493599
    0.922886    0.458637    0.864712   -1.291832    0.824044    -6162.919663     2276.020297   28.219328   10.352259    0.155952    6.493599
    0.925373    0.446237    0.885660   -1.301693    0.802913    -6180.592745     2271.527502   28.265250   10.358918    0.155952    6.493599
    0.927861    0.433623    0.906764   -1.311253    0.782459    -6197.305422     2267.004962   28.309902   10.365054    0.155952    6.493599
    0.930348    0.420797    0.928020   -1.320520    0.762701    -6213.089840     2262.453805   28.353263   10.370686    0.155952    6.493599
    0.932836    0.407765    0.949424   -1.329507    0.743649    -6227.977882     2257.874908   28.395311   10.375833    0.155952    6.493599
    0.935323    0.394531    0.970970   -1.338225    0.725312    -6242.001056     2253.268906   28.436027   10.380517    0.155952    6.493599
    0.937811    0.381100    0.992656   -1.346686    0.707696    -6255.190384     2248.636203   28.475389   10.384758    0.155952    6.493599
    0.940299    0.367477    1.014476   -1.354899    0.690805    -6267.576314     2243.976978   28.513379   10.388580    0.155952    6.493599
    0.942786    0.353667    1.036426   -1.362877    0.674636    -6279.188640     2239.291196   28.549976   10.392004    0.155952    6.493599
    0.945274    0.339676    1.058504   -1.370631    0.659190    -6290.056438     2234.578616   28.585163   10.395053    0.155952    6.493599
    0.947761    0.325510    1.080706   -1.378172    0.644460    -6300.208013     2229.838798   28.618920   10.397752    0.155952    6.493599
    0.950249    0.311174    1.103027   -1.385510    0.630438    -6309.670852     2225.071116   28.651231   10.400123    0.155952    6.493599
    0.952736    0.296676    1.125465   -1.392657    0.617116    -6318.471598     2220.274759   28.682079   10.402191    0.155952    6.493599
    0.955224    0.282021    1.148018   -1.399624    0.604480    -6326.636017     2215.448748   28.711447   10.403979    0.155952    6.493599
    0.957711    0.267216    1.170681   -1.406421    0.592514    -6334.188985     2210.591936   28.739321   10.405511    0.155952    6.493599
    0.960199    0.252268    1.193454   -1.413058    0.581195    -6341.154478     2205.703019   28.765684   10.406809    0.155952    6.493599
    0.962687    0.237185    1.216332   -1.419546    0.570498    -6347.555568     2200.780543   28.790523   10.407898    0.155952    6.493599
    0.965174    0.221973    1.239313   -1.425895    0.560387    -6353.414423     2195.822913   28.813825   10.408798    0.155952    6.493599
    0.967662    0.206640    1.262396   -1.432113    0.550813    -6358.752318     2190.828396   28.835577   10.409532    0.155952    6.493599
    0.970149    0.191193    1.285579   -1.438211    0.541708    -6363.589645     2185.795134   28.855767   10.410121    0.155952    6.493599
    0.972637    0.175641    1.308859   -1.444198    0.532972    -6367.945931     2180.721145   28.874383   10.410583    0.155952    6.493599
    0.975124    0.159991    1.332236   -1.450080    0.524454    -6371.839858     2175.604333   28.891416   10.410937    0.155952    6.493599
    0.977612    0.144252    1.355706   -1.455864    0.515916    -6375.289291     2170.442496   28.906857   10.411202    0.155952    6.493599
    0.980100    0.128432    1.379269   -1.461554    0.506968    -6378.311309     2165.233329   28.920695   10.411393    0.155952    6.493599
    0.982587    0.112539    1.402923   -1.467149    0.496952    -6380.922246     2159.974435   28.932924   10.411526    0.155952    6.493599
    0.985075    0.096583    1.426667   -1.472639    0.484726    -6383.137737     2154.663329   28.943537   10.411612    0.155952    6.493599
    0.987562    0.080571    1.450498   -1.477999    0.468256    -6384.972783     2149.297447   28.952527   10.411665    0.155952    6.493599
    0.990050    0.064513    1.474415   -1.483172    0.443841    -6386.441837     2143.874151   28.959890   10.411694    0.155952    6.493599
    0.992537    0.048417    1.498412   -1.488041    0.404627    -6387.558939     2138.390738   28.965621   10.411708    0.155952    6.493599
    0.995025    0.032294    1.522485   -1.492376    0.337726    -6388.337943     2132.844448   28.969717   10.411714    0.155952    6.493599
    0.997512    0.016152    1.546621   -1.495717    0.218594    -6388.792972     2127.232467   28.972176   10.411715    0.155952    6.493599
    1.000000   -0.000000    1.570796   -1.497158    0.000000    -6388.939882     2121.551942   28.972996   10.411715    0.155952    6.493599
