           t           r         psi          cs          qs               p             sig           A           V          Q2           S
    0.000000    0.000000   -1.570796   -1.252886    0.000000        5.336496       -2.852460   -0.000000    0.000000    0.124788    6.690248
    0.002488    0.016641   -1.549946   -1.252792   -0.015071        5.336495       -2.852524    0.000870    0.000000    0.124788    6.690248
    0.004975    0.033275   -1.529098   -1.252509   -0.030137        5.336490       -2.852587    0.003480    0.000001    0.124788    6.690248
    0.007463    0.049895   -1.508257   -1.252039   -0.045195        5.336483       -2.852649    0.007829    0.000006    0.124788    6.690248
    0.009950    0.066493   -1.487426   -1.251381   -0.060237        5.336473       -2.852711    0.013914    0.000019    0.124788    6.690248
    0.012438    0.083061   -1.466606   -1.250535   -0.075258        5.336459       -2.852772    0.021733    0.000047    0.124788    6.690248
    0.014925    0.099594   -1.445803   -1.249501   -0.090253        5.336442       -2.852833    0.031284    0.000097    0.124788    6.690248
    0.017413    0.116084   -1.425018   -1.248280   -0.105216        5.336421       -2.852893    0.042561    0.000180    0.124788    6.690248
    0.019900    0.132524   -1.404255   -1.246871   -0.120142        5.336396       -2.852952    0.055559    0.000306    0.124788    6.690248
    0.022388    0.148906   -1.383517   -1.245276   -0.135024        5.336367       -2.853011    0.070274    0.000489    0.124788    6.690248
    0.024876    0.165224   -1.362807   -1.243494   -0.149857        5.336334       -2.853070    0.086698    0.000743    0.124788    6.690248
    0.027363    0.181471   -1.342129   -1.241525   -0.164636        5.336297       -2.853128    0.104826    0.001084    0.124788    6.690248
    0.029851    0.197641   -1.321484   -1.239371   -0.179356        5.336255       -2.853186    0.124648    0.001529    0.124788    6.690248
    0.032338    0.213725   -1.300877   -1.237032   -0.194010        5.336208       -2.853243    0.146156    0.002098    0.124788    6.690248
    0.034826    0.229718   -1.280311   -1.234507   -0.208592        5.336156       -2.853300    0.169342    0.002810    0.124788    6.690248
    0.037313    0.245613   -1.259788   -1.231798   -0.223099        5.336099       -2.853357    0.194195    0.003686    0.124788    6.690248
    0.039801    0.261404   -1.239312   -1.228906   -0.237524        5.336036       -2.853413    0.220704    0.004748    0.124788    6.690248
    0.042289    0.277084   -1.218885   -1.225830   -0.251861        5.335968       -2.853470    0.248859    0.006019    0.124788    6.690248
    0.044776    0.292647   -1.198511   -1.222572   -0.266106        5.335893       -2.853526    0.278648    0.007523    0.124788    6.690248
    0.047264    0.308087   -1.178193   -1.219132   -0.280252        5.335811       -2.853582    0.310058    0.009285    0.124788    6.690248
    0.049751    0.323397   -1.157934   -1.215511   -0.294295        5.335723       -2.853637    0.343075    0.011329    0.124788    6.690248
    0.052239    0.338573   -1.137736   -1.211709   -0.308229        5.335628       -2.853693    0.377687    0.013681    0.124788    6.690248
    0.054726    0.353607   -1.117603   -1.207729   -0.322049        5.335525       -2.853748    0.413878    0.016368    0.124788    6.690248
    0.057214    0.368496   -1.097538   -1.203570   -0.335750        5.335414       -2.853803    0.451633    0.019415    0.124788    6.690248
    0.059701    0.383232   -1.077544   -1.199233   -0.349326        5.335295       -2.853858    0.490937    0.022848    0.124788    6.690248
    0.062189    0.397811   -1.057623   -1.194719   -0.362772        5.335167       -2.853913    0.531775    0.026695    0.124788    6.690248
    0.064677    0.412228   -1.037779   -1.190030   -0.376083        5.335029       -2.853968    0.574128    0.030981    0.124788    6.690248
    0.067164    0.426477   -1.018014   -1.185166   -0.389254        5.334882       -2.854023    0.617980    0.035733    0.124788    6.690248
    0.069652    0.440554   -0.998332   -1.180128   -0.402280        5.334725       -2.854078    0.663313    0.040976    0.124788    6.690248
    0.072139    0.454454   -0.978735   -1.174918   -0.415156        5.334557       -2.854133    0.710109    0.046735    0.124788    6.690248
    0.074627    0.468172   -0.959226   -1.169537   -0.427877        5.334377       -2.854188    0.758349    0.053036    0.124788    6.690248
    0.077114    0.481704   -0.939808   -1.163985   -0.440437        5.334185       -2.854242    0.808013    0.059903    0.124788    6.690248
    0.079602    0.495046   -0.920483   -1.158265   -0.452833        5.333981       -2.854297    0.859083    0.067358    0.124788    6.690248
    0.082090    0.508194   -0.901256   -1.152377   -0.465059        5.333763       -2.854351    0.911538    0.075425    0.124788    6.690248
    0.084577    0.521144   -0.882128   -1.146322   -0.477111        5.333532       -2.854405    0.965357    0.084126    0.124788    6.690248
    0.087065    0.533892   -0.863102   -1.140103   -0.488984        5.333286       -2.854460    1.020520    0.093480    0.124788    6.690248
    0.089552    0.546434   -0.844181   -1.133720   -0.500672        5.333024       -2.854514    1.077005    0.103508    0.124788    6.690248
    0.092040    0.558768   -0.825367   -1.127175   -0.512173        5.332746       -2.854568    1.134791    0.114229    0.124788    6.690248
    0.094527    0.570891   -0.806664   -1.120469   -0.523480        5.332452       -2.854621    1.193856    0.125659    0.124788    6.690248
    0.097015    0.582799   -0.788073   -1.113604   -0.534591        5.332139       -2.854675    1.254177    0.137814    0.124788    6.690248
    0.099502    0.594489   -0.769598   -1.106581   -0.545499        5.331808       -2.854728    1.315731    0.150710    0.124788    6.690248
    0.101990    0.605959   -0.751242   -1.099402   -0.556202        5.331458       -2.854781    1.378497    0.164360    0.124788    6.690248
    0.104478    0.617206   -0.733006   -1.092068   -0.566695        5.331087       -2.854834    1.442451    0.178775    0.124788    6.690248
    0.106965    0.628229   -0.714893   -1.084582   -0.576974        5.330696       -2.854886    1.507569    0.193967    0.124788    6.690248
    0.109453    0.639025   -0.696907   -1.076944   -0.587034        5.330282       -2.854937    1.573827    0.209944    0.124788    6.690248
    0.111940    0.649592   -0.679048   -1.069157   -0.596872        5.329845       -2.854988    1.641203    0.226713    0.124788    6.690248
    0.114428    0.659929   -0.661321   -1.061222   -0.606485        5.329385       -2.855038    1.709672    0.244282    0.124788    6.690248
    0.116915    0.670034   -0.643727   -1.053141   -0.615867        5.328901       -2.855087    1.779209    0.262654    0.124788    6.690248
    0.119403    0.679906   -0.626268   -1.044916   -0.625015        5.328391       -2.855135    1.849791    0.281832    0.124788    6.690248
    0.121891    0.689543   -0.608947   -1.036549   -0.633927        5.327856       -2.855183    1.921393    0.301819    0.124788    6.690248
    0.124378    0.698945   -0.591767   -1.028042   -0.642598        5.327294       -2.855229    1.993990    0.322613    0.124788    6.690248
    0.126866    0.708110   -0.574730   -1.019396   -0.651024        5.326705       -2.855273    2.067558    0.344215    0.124788    6.690248
    0.129353    0.717038   -0.557838   -1.010613   -0.659204        5.326089       -2.855316    2.142072    0.366621    0.124788    6.690248
    0.131841    0.725729   -0.541093   -1.001696   -0.667132        5.325446       -2.855357    2.217507    0.389826    0.124788    6.690248
    0.134328    0.734182   -0.524497   -0.992646   -0.674807        5.324774       -2.855397    2.293839    0.413825    0.124788    6.690248
    0.136816    0.742397   -0.508053   -0.983466   -0.682224        5.324076       -2.855434    2.371042    0.438611    0.124788    6.690248
    0.139303    0.750375   -0.491763   -0.974157   -0.689382        5.323350       -2.855468    2.449092    0.464175    0.124788    6.690248
    0.141791    0.758114   -0.475629   -0.964722   -0.696277        5.322597       -2.855500    2.527963    0.490508    0.124788    6.690248
    0.144279    0.765616   -0.459654   -0.955162   -0.702906        5.321820       -2.855529    2.607631    0.517599    0.124788    6.690248
    0.146766    0.772881   -0.443838   -0.945481   -0.709266        5.321018       -2.855554    2.688072    0.545436    0.124788    6.690248
    0.149254    0.779909   -0.428184   -0.935680   -0.715356        5.320194       -2.855576    2.769259    0.574005    0.124788    6.690248
    0.151741    0.786701   -0.412694   -0.925761   -0.721172        5.319350       -2.855594    2.851169    0.603293    0.124788    6.690248
    0.154229    0.793259   -0.397371   -0.915726   -0.726711        5.318489       -2.855607    2.933777    0.633283    0.124788    6.690248
    0.156716    0.799583   -0.382215   -0.905578   -0.731972        5.317613       -2.855616    3.017059    0.663960    0.124788    6.690248
    0.159204    0.805674   -0.367230   -0.895320   -0.736952        5.316728       -2.855619    3.100990    0.695307    0.124788    6.690248
    0.161692    0.811533   -0.352415   -0.884953   -0.741648        5.315837       -2.855617    3.185545    0.727304    0.124788    6.690248
    0.164179    0.817163   -0.337775   -0.874479   -0.746058        5.314945       -2.855609    3.270702    0.759934    0.124788    6.690248
    0.166667    0.822564   -0.323309   -0.863902   -0.750180        5.314059       -2.855594    3.356435    0.793178    0.124788    6.690248
    0.169154    0.827738   -0.309020   -0.853224   -0.754011        5.313185       -2.855572    3.442720    0.827013    0.124788    6.690248
    0.171642    0.832688   -0.294910   -0.842446   -0.757550        5.312330       -2.855543    3.529535    0.861421    0.124788    6.690248
    0.174129    0.837413   -0.280980   -0.831572   -0.760793        5.311503       -2.855506    3.616856    0.896380    0.124788    6.690248
    0.176617    0.841918   -0.267232   -0.820604   -0.763739        5.310711       -2.855461    3.704660    0.931867    0.124788    6.690248
    0.179104    0.846203   -0.253667   -0.809545   -0.766385        5.309964       -2.855406    3.792923    0.967862    0.124788    6.690248
    0.181592    0.850272   -0.240287   -0.798397   -0.768728        5.309272       -2.855343    3.881623    1.004340    0.124788    6.690248
    0.184080    0.854125   -0.227093   -0.787163   -0.770768        5.308644       -2.855270    3.970737    1.041280    0.124788    6.690248
    0.186567    0.857767   -0.214087   -0.775845   -0.772500        5.308090       -2.855187    4.060243    1.078659    0.124788    6.690248
    0.189055    0.861198   -0.201270   -0.764447   -0.773923        5.307620       -2.855094    4.150118    1.116453    0.124788    6.690248
    0.191542    0.864421   -0.188643   -0.752970   -0.775034        5.307243       -2.854990    4.240342    1.154639    0.124788    6.690248
    0.194030    0.867440   -0.176208   -0.741419   -0.775831        5.306970       -2.854876    4.330892    1.193194    0.124788    6.690248
    0.196517    0.870257   -0.163965   -0.729795   -0.776311        5.306808       -2.854750    4.421747    1.232095    0.124788    6.690248
    0.199005    0.872874   -0.151917   -0.718102   -0.776473        5.306765       -2.854614    4.512886    1.271318    0.124788    6.690248
    0.201493    0.875295   -0.140064   -0.706342   -0.776313        5.306846       -2.854468    4.604288    1.310841    0.124788    6.690248
    0.203980    0.877522   -0.128407   -0.694519   -0.775829        5.307057       -2.854310    4.695933    1.350639    0.124788    6.690248
    0.206468    0.879558   -0.116947   -0.682636   -0.775020        5.307399       -2.854142    4.787802    1.390692    0.124788    6.690248
    0.208955    0.881407   -0.105686   -0.670696   -0.773884        5.307873       -2.853965    4.879873    1.430975    0.124788    6.690248
    0.211443    0.883071   -0.094623   -0.658701   -0.772418        5.308478       -2.853778    4.972128    1.471467    0.124788    6.690248
    0.213930    0.884553   -0.083761   -0.646656   -0.770621        5.309210       -2.853582    5.064547    1.512146    0.124788    6.690248
    0.216418    0.885856   -0.073100   -0.634563   -0.768492        5.310062       -2.853377    5.157112    1.552990    0.124788    6.690248
    0.218905    0.886985   -0.062640   -0.622426   -0.766031        5.311027       -2.853165    5.249805    1.593978    0.124788    6.690248
    0.221393    0.887941   -0.052383   -0.610248   -0.763236        5.312092       -2.852947    5.342606    1.635089    0.124788    6.690248
    0.223881    0.888729   -0.042328   -0.598033   -0.760107        5.313247       -2.852723    5.435498    1.676303    0.124788    6.690248
    0.226368    0.889351   -0.032478   -0.585783   -0.756645        5.314476       -2.852494    5.528464    1.717600    0.124788    6.690248
    0.228856    0.889811   -0.022831   -0.573503   -0.752851        5.315764       -2.852262    5.621486    1.758960    0.124788    6.690248
    0.231343    0.890112   -0.013389   -0.561195   -0.748726        5.317095       -2.852026    5.714549    1.800365    0.124788    6.690248
    0.233831    0.890257   -0.004152   -0.548864   -0.744271        5.318451       -2.851790    5.807634    1.841795    0.124788    6.690248
    0.236318    0.890251    0.004880   -0.536513   -0.739489        5.319815       -2.851552    5.900727    1.883234    0.124788    6.690248
    0.238806    0.890096    0.013706   -0.524145   -0.734383        5.321169       -2.851316    5.993811    1.924663    0.124788    6.690248
    0.241294    0.889796    0.022326   -0.511763   -0.728956        5.322498       -2.851081    6.086872    1.966066    0.124788    6.690248
    0.243781    0.889354    0.030740   -0.499372   -0.723212        5.323785       -2.850848    6.179893    2.007427    0.124788    6.690248
    0.246269    0.888774    0.038947   -0.486974   -0.717155        5.325017       -2.850619    6.272862    2.048730    0.124788    6.690248
    0.248756    0.888059    0.046949   -0.474573   -0.710789        5.326180       -2.850395    6.365762    2.089959    0.124788    6.690248
    0.251244    0.887213    0.054744   -0.462173   -0.704121        5.327263       -2.850175    6.458581    2.131101    0.124788    6.690248
    0.253731    0.886239    0.062332   -0.449776   -0.697156        5.328257       -2.849962    6.551305    2.172141    0.124788    6.690248
    0.256219    0.885141    0.069714   -0.437387   -0.689899        5.329153       -2.849754    6.643920    2.213067    0.124788    6.690248
    0.258706    0.883922    0.076890   -0.425008   -0.682357        5.329946       -2.849554    6.736414    2.253864    0.124788    6.690248
    0.261194    0.882585    0.083861   -0.412642   -0.674537        5.330632       -2.849361    6.828775    2.294521    0.124788    6.690248
    0.263682    0.881135    0.090625   -0.400294   -0.666445        5.331208       -2.849176    6.920989    2.335027    0.124788    6.690248
    0.266169    0.879574    0.097185   -0.387965   -0.658088        5.331674       -2.848999    7.013047    2.375371    0.124788    6.690248
    0.268657    0.877906    0.103539   -0.375660   -0.649475        5.332029       -2.848831    7.104935    2.415541    0.124788    6.690248
    0.271144    0.876135    0.109688   -0.363381   -0.640613        5.332276       -2.848670    7.196644    2.455528    0.124788    6.690248
    0.273632    0.874264    0.115634   -0.351132   -0.631509        5.332417       -2.848519    7.288162    2.495323    0.124788    6.690248
    0.276119    0.872296    0.121376   -0.338914   -0.622172        5.332457       -2.848375    7.379479    2.534916    0.124788    6.690248
    0.278607    0.870235    0.126915   -0.326732   -0.612609        5.332399       -2.848241    7.470586    2.574300    0.124788    6.690248
    0.281095    0.868084    0.132251   -0.314588   -0.602830        5.332248       -2.848114    7.561472    2.613466    0.124788    6.690248
    0.283582    0.865847    0.137386   -0.302485   -0.592842        5.332010       -2.847996    7.652130    2.652408    0.124788    6.690248
    0.286070    0.863527    0.142320   -0.290426   -0.582654        5.331691       -2.847886    7.742548    2.691119    0.124788    6.690248
    0.288557    0.861127    0.147053   -0.278413   -0.572275        5.331296       -2.847784    7.832720    2.729592    0.124788    6.690248
    0.291045    0.858651    0.151587   -0.266449   -0.561714        5.330831       -2.847690    7.922637    2.767821    0.124788    6.690248
    0.293532    0.856102    0.155922   -0.254538   -0.550979        5.330303       -2.847603    8.012291    2.805801    0.124788    6.690248
    0.296020    0.853483    0.160060   -0.242681   -0.540081        5.329716       -2.847523    8.101675    2.843528    0.124788    6.690248
    0.298507    0.850798    0.164000   -0.230881   -0.529028        5.329077       -2.847450    8.190782    2.880997    0.124788    6.690248
    0.300995    0.848050    0.167745   -0.219141   -0.517830        5.328391       -2.847384    8.279604    2.918203    0.124788    6.690248
    0.303483    0.845242    0.171294   -0.207463   -0.506497        5.327663       -2.847324    8.368136    2.955144    0.124788    6.690248
    0.305970    0.842377    0.174650   -0.195851   -0.495038        5.326898       -2.847271    8.456372    2.991815    0.124788    6.690248
    0.308458    0.839459    0.177814   -0.184305   -0.483462        5.326101       -2.847223    8.544305    3.028215    0.124788    6.690248
    0.310945    0.836491    0.180785   -0.172829   -0.471781        5.325276       -2.847181    8.631930    3.064340    0.124788    6.690248
    0.313433    0.833476    0.183567   -0.161426   -0.460004        5.324426       -2.847144    8.719243    3.100189    0.124788    6.690248
    0.315920    0.830416    0.186159   -0.150096   -0.448142        5.323556       -2.847112    8.806237    3.135760    0.124788    6.690248
    0.318408    0.827316    0.188563   -0.138844   -0.436205        5.322669       -2.847085    8.892910    3.171052    0.124788    6.690248
    0.320896    0.824178    0.190781   -0.127671   -0.424204        5.321768       -2.847062    8.979256    3.206063    0.124788    6.690248
    0.323383    0.821006    0.192813   -0.116580   -0.412150        5.320856       -2.847044    9.065273    3.240792    0.124788    6.690248
    0.325871    0.817801    0.194661   -0.105573   -0.400053        5.319935       -2.847030    9.150956    3.275240    0.124788    6.690248
    0.328358    0.814568    0.196327   -0.094651   -0.387926        5.319009       -2.847020    9.236303    3.309406    0.124788    6.690248
    0.330846    0.811309    0.197812   -0.083818   -0.375778        5.318078       -2.847013    9.321310    3.343290    0.124788    6.690248
    0.333333    0.808028    0.199118   -0.073076   -0.363622        5.317145       -2.847010    9.405975    3.376893    0.124788    6.690248
    0.335821    0.804726    0.200245   -0.062427   -0.351470        5.316211       -2.847010    9.490296    3.410214    0.124788    6.690248
    0.338308    0.801408    0.201196   -0.051872   -0.339332        5.315278       -2.847013    9.574270    3.443256    0.124788    6.690248
    0.340796    0.798076    0.201972   -0.041415   -0.327220        5.314348       -2.847019    9.657897    3.476019    0.124788    6.690248
    0.343284    0.794732    0.202575   -0.031058   -0.315148        5.313421       -2.847027    9.741175    3.508504    0.124788    6.690248
    0.345771    0.791380    0.203007   -0.020802   -0.303125        5.312498       -2.847038    9.824103    3.540713    0.124788    6.690248
    0.348259    0.788022    0.203268   -0.010651   -0.291166        5.311580       -2.847052    9.906680    3.572649    0.124788    6.690248
    0.350746    0.784662    0.203362   -0.000605   -0.279281        5.310669       -2.847068    9.988906    3.604311    0.124788    6.690248
    0.353234    0.781301    0.203289    0.009333   -0.267484        5.309764       -2.847086   10.070780    3.635704    0.124788    6.690248
    0.355721    0.777943    0.203052    0.019160   -0.255786        5.308866       -2.847106   10.152303    3.666829    0.124788    6.690248
    0.358209    0.774590    0.202652    0.028874   -0.244200        5.307976       -2.847128   10.233475    3.697688    0.124788    6.690248
    0.360697    0.771244    0.202091    0.038474   -0.232737        5.307094       -2.847151   10.314297    3.728285    0.124788    6.690248
    0.363184    0.767910    0.201372    0.047956   -0.221411        5.306220       -2.847177   10.394769    3.758622    0.124788    6.690248
    0.365672    0.764588    0.200496    0.057320   -0.210234        5.305355       -2.847204   10.474894    3.788702    0.124788    6.690248
    0.368159    0.761282    0.199465    0.066562   -0.199217        5.304498       -2.847232   10.554672    3.818528    0.124788    6.690248
    0.370647    0.757993    0.198281    0.075681   -0.188373        5.303650       -2.847262   10.634105    3.848103    0.124788    6.690248
    0.373134    0.754726    0.196946    0.084674   -0.177714        5.302811       -2.847293   10.713195    3.877432    0.124788    6.690248
    0.375622    0.751481    0.195463    0.093539   -0.167251        5.301981       -2.847325   10.791945    3.906516    0.124788    6.690248
    0.378109    0.748262    0.193834    0.102274   -0.156996        5.301159       -2.847358   10.870357    3.935360    0.124788    6.690248
    0.380597    0.745071    0.192060    0.110877   -0.146960        5.300347       -2.847393   10.948433    3.963968    0.124788    6.690248
    0.383085    0.741909    0.190144    0.119345   -0.137155        5.299543       -2.847428   11.026178    3.992342    0.124788    6.690248
    0.385572    0.738780    0.188088    0.127677   -0.127592        5.298748       -2.847465   11.103593    4.020489    0.124788    6.690248
    0.388060    0.735686    0.185895    0.135869   -0.118281        5.297962       -2.847502   11.180684    4.048410    0.124788    6.690248
    0.390547    0.732629    0.183567    0.143920   -0.109232        5.297184       -2.847540   11.257452    4.076110    0.124788    6.690248
    0.393035    0.729611    0.181105    0.151827   -0.100455        5.296415       -2.847579   11.333903    4.103594    0.124788    6.690248
    0.395522    0.726635    0.178514    0.159588   -0.091960        5.295653       -2.847619   11.410041    4.130866    0.124788    6.690248
    0.398010    0.723702    0.175794    0.167201   -0.083755        5.294900       -2.847659   11.485869    4.157930    0.124788    6.690248
    0.400498    0.720814    0.172949    0.174663   -0.075849        5.294154       -2.847700   11.561393    4.184790    0.124788    6.690248
    0.402985    0.717975    0.169982    0.181972   -0.068250        5.293416       -2.847742   11.636618    4.211451    0.124788    6.690248
    0.405473    0.715184    0.166893    0.189126   -0.060964        5.292685       -2.847784   11.711548    4.237918    0.124788    6.690248
    0.407960    0.712446    0.163687    0.196123   -0.054000        5.291962       -2.847827   11.786190    4.264194    0.124788    6.690248
    0.410448    0.709761    0.160366    0.202959   -0.047363        5.291246       -2.847870   11.860547    4.290286    0.124788    6.690248
    0.412935    0.707132    0.156933    0.209633   -0.041057        5.290536       -2.847914   11.934627    4.316197    0.124788    6.690248
    0.415423    0.704560    0.153390    0.216143   -0.035089        5.289833       -2.847958   12.008435    4.341932    0.124788    6.690248
    0.417910    0.702047    0.149740    0.222485   -0.029462        5.289136       -2.848003   12.081977    4.367497    0.124788    6.690248
    0.420398    0.699595    0.145985    0.228658   -0.024178        5.288446       -2.848048   12.155260    4.392895    0.124788    6.690248
    0.422886    0.697205    0.142130    0.234659   -0.019241        5.287761       -2.848093   12.228289    4.418133    0.124788    6.690248
    0.425373    0.694880    0.138176    0.240486   -0.014651        5.287083       -2.848139   12.301072    4.443214    0.124788    6.690248
    0.427861    0.692621    0.134126    0.246137   -0.010409        5.286410       -2.848185   12.373615    4.468145    0.124788    6.690248
    0.430348    0.690430    0.129984    0.251609   -0.006516        5.285742       -2.848231   12.445925    4.492929    0.124788    6.690248
    0.432836    0.688308    0.125752    0.256899   -0.002968        5.285079       -2.848278   12.518010    4.517572    0.124788    6.690248
    0.435323    0.686256    0.121434    0.262007    0.000235        5.284421       -2.848325   12.589877    4.542080    0.124788    6.690248
    0.437811    0.684276    0.117033    0.266929    0.003097        5.283768       -2.848372   12.661532    4.566457    0.124788    6.690248
    0.440299    0.682370    0.112551    0.271663    0.005622        5.283119       -2.848419   12.732985    4.590709    0.124788    6.690248
    0.442786    0.680538    0.107991    0.276207    0.007815        5.282474       -2.848467   12.804242    4.614840    0.124788    6.690248
    0.445274    0.678783    0.103358    0.280559    0.009683        5.281834       -2.848515   12.875312    4.638857    0.124788    6.690248
    0.447761    0.677104    0.098654    0.284717    0.011233        5.281197       -2.848563   12.946202    4.662764    0.124788    6.690248
    0.450249    0.675505    0.093882    0.288679    0.012471        5.280564       -2.848611   13.016921    4.686567    0.124788    6.690248
    0.452736    0.673985    0.089047    0.292443    0.013409        5.279934       -2.848659   13.087476    4.710270    0.124788    6.690248
    0.455224    0.672545    0.084150    0.296006    0.014055        5.279308       -2.848708   13.157877    4.733880    0.124788    6.690248
    0.457711    0.671187    0.079195    0.299369    0.014422        5.278684       -2.848756   13.228132    4.757402    0.124788    6.690248
    0.460199    0.669912    0.074186    0.302527    0.014519        5.278064       -2.848805   13.298248    4.780841    0.124788    6.690248
    0.462687    0.668721    0.069127    0.305481    0.014361        5.277446       -2.848854   13.368236    4.804203    0.124788    6.690248
    0.465174    0.667613    0.064020    0.308228    0.013962        5.276830       -2.848903   13.438104    4.827493    0.124788    6.690248
    0.467662    0.666591    0.058869    0.310767    0.013334        5.276217       -2.848952   13.507860    4.850716    0.124788    6.690248
    0.470149    0.665655    0.053677    0.313096    0.012495        5.275606       -2.849001   13.577514    4.873878    0.124788    6.690248
    0.472637    0.664806    0.048448    0.315215    0.011459        5.274996       -2.849050   13.647075    4.896984    0.124788    6.690248
    0.475124    0.664044    0.043186    0.317122    0.010243        5.274389       -2.849100   13.716551    4.920041    0.124788    6.690248
    0.477612    0.663369    0.037894    0.318816    0.008865        5.273783       -2.849149   13.785953    4.943053    0.124788    6.690248
    0.480100    0.662783    0.032576    0.320296    0.007343        5.273178       -2.849198   13.855288    4.966025    0.124788    6.690248
    0.482587    0.662285    0.027234    0.321561    0.005695        5.272574       -2.849248   13.924567    4.988965    0.124788    6.690248
    0.485075    0.661876    0.021874    0.322612    0.003939        5.271971       -2.849297   13.993798    5.011876    0.124788    6.690248
    0.487562    0.661557    0.016498    0.323446    0.002095        5.271369       -2.849347   14.062991    5.034764    0.124788    6.690248
    0.490050    0.661327    0.011109    0.324065    0.000183        5.270767       -2.849397   14.132155    5.057636    0.124788    6.690248
    0.492537    0.661187    0.005712    0.324467   -0.001779        5.270166       -2.849446   14.201301    5.080496    0.124788    6.690248
    0.495025    0.661137    0.000311    0.324652   -0.003769        5.269565       -2.849496   14.270436    5.103351    0.124788    6.690248
    0.497512    0.661177   -0.005092    0.324621   -0.005769        5.268964       -2.849545   14.339570    5.126205    0.124788    6.690248
    0.500000    0.661307   -0.010493    0.324373   -0.007757        5.268363       -2.849595   14.408714    5.149064    0.124788    6.690248
    0.502488    0.661526   -0.015888    0.323909   -0.009715        5.267762       -2.849645   14.477876    5.171934    0.124788    6.690248
    0.504975    0.661836   -0.021273    0.323230   -0.011622        5.267160       -2.849694   14.547065    5.194821    0.124788    6.690248
    0.507463    0.662234   -0.026645    0.322335   -0.013459        5.266557       -2.849744   14.616292    5.217729    0.124788    6.690248
    0.509950    0.662722   -0.032001    0.321225   -0.015207        5.265953       -2.849793   14.685564    5.240665    0.124788    6.690248
    0.512438    0.663299   -0.037336    0.319901   -0.016846        5.265348       -2.849843   14.754893    5.263633    0.124788    6.690248
    0.514925    0.663965   -0.042648    0.318365   -0.018358        5.264742       -2.849892   14.824286    5.286641    0.124788    6.690248
    0.517413    0.664718   -0.047932    0.316616   -0.019725        5.264135       -2.849941   14.893754    5.309692    0.124788    6.690248
    0.519900    0.665559   -0.053185    0.314657   -0.020929        5.263526       -2.849991   14.963305    5.332792    0.124788    6.690248
    0.522388    0.666487   -0.058404    0.312488   -0.021954        5.262915       -2.850040   15.032949    5.355948    0.124788    6.690248
    0.524876    0.667502   -0.063585    0.310111   -0.022783        5.262302       -2.850089   15.102694    5.379164    0.124788    6.690248
    0.527363    0.668602   -0.068725    0.307527   -0.023402        5.261686       -2.850138   15.172549    5.402447    0.124788    6.690248
    0.529851    0.669787   -0.073820    0.304738   -0.023794        5.261069       -2.850187   15.242524    5.425800    0.124788    6.690248
    0.532338    0.671057   -0.078867    0.301746   -0.023946        5.260448       -2.850235   15.312628    5.449231    0.124788    6.690248
    0.534826    0.672409   -0.083862    0.298551   -0.023846        5.259825       -2.850284   15.382869    5.472744    0.124788    6.690248
    0.537313    0.673844   -0.088803    0.295157   -0.023480        5.259199       -2.850333   15.453255    5.496345    0.124788    6.690248
    0.539801    0.675361   -0.093685    0.291565   -0.022838        5.258570       -2.850381   15.523796    5.520040    0.124788    6.690248
    0.542289    0.676958   -0.098506    0.287777   -0.021909        5.257937       -2.850429   15.594499    5.543832    0.124788    6.690248
    0.544776    0.678634   -0.103263    0.283795   -0.020683        5.257301       -2.850477   15.665374    5.567729    0.124788    6.690248
    0.547264    0.680388   -0.107951    0.279621   -0.019153        5.256661       -2.850525   15.736428    5.591736    0.124788    6.690248
    0.549751    0.682220   -0.112569    0.275258   -0.017311        5.256016       -2.850573   15.807669    5.615856    0.124788    6.690248
    0.552239    0.684127   -0.117112    0.270707   -0.015150        5.255368       -2.850620   15.879106    5.640097    0.124788    6.690248
    0.554726    0.686108   -0.121578    0.265971   -0.012664        5.254715       -2.850667   15.950746    5.664464    0.124788    6.690248
    0.557214    0.688163   -0.125964    0.261053   -0.009850        5.254057       -2.850714   16.022598    5.688960    0.124788    6.690248
    0.559701    0.690290   -0.130266    0.255953   -0.006704        5.253395       -2.850761   16.094668    5.713593    0.124788    6.690248
    0.562189    0.692486   -0.134482    0.250676   -0.003223        5.252727       -2.850807   16.166964    5.738366    0.124788    6.690248
    0.564677    0.694752   -0.138609    0.245224    0.000595        5.252055       -2.850853   16.239493    5.763286    0.124788    6.690248
    0.567164    0.697085   -0.142644    0.239598    0.004750        5.251376       -2.850899   16.312263    5.788356    0.124788    6.690248
    0.569652    0.699483   -0.146583    0.233801    0.009241        5.250692       -2.850944   16.385280    5.813583    0.124788    6.690248
    0.572139    0.701946   -0.150425    0.227837    0.014069        5.250002       -2.850989   16.458551    5.838972    0.124788    6.690248
    0.574627    0.704470   -0.154166    0.221706    0.019230        5.249306       -2.851034   16.532083    5.864526    0.124788    6.690248
    0.577114    0.707056   -0.157803    0.215412    0.024722        5.248603       -2.851078   16.605882    5.890252    0.124788    6.690248
    0.579602    0.709701   -0.161335    0.208957    0.030541        5.247894       -2.851122   16.679955    5.916155    0.124788    6.690248
    0.582090    0.712402   -0.164758    0.202345    0.036684        5.247178       -2.851165   16.754307    5.942238    0.124788    6.690248
    0.584577    0.715159   -0.168069    0.195576    0.043144        5.246454       -2.851208   16.828945    5.968507    0.124788    6.690248
    0.587065    0.717969   -0.171266    0.188654    0.049916        5.245724       -2.851250   16.903874    5.994967    0.124788    6.690248
    0.589552    0.720831   -0.174347    0.181581    0.056993        5.244986       -2.851292   16.979099    6.021623    0.124788    6.690248
    0.592040    0.723742   -0.177309    0.174360    0.064369        5.244241       -2.851333   17.054626    6.048478    0.124788    6.690248
    0.594527    0.726701   -0.180150    0.166992    0.072035        5.243487       -2.851373   17.130460    6.075538    0.124788    6.690248
    0.597015    0.729706   -0.182867    0.159482    0.079983        5.242726       -2.851413   17.206606    6.102807    0.124788    6.690248
    0.599502    0.732753   -0.185458    0.151830    0.088205        5.241956       -2.851452   17.283069    6.130290    0.124788    6.690248
    0.601990    0.735843   -0.187920    0.144040    0.096690        5.241178       -2.851490   17.359852    6.157991    0.124788    6.690248
    0.604478    0.738971   -0.190251    0.136114    0.105430        5.240392       -2.851527   17.436960    6.185914    0.124788    6.690248
    0.606965    0.742136   -0.192450    0.128054    0.114414        5.239596       -2.851564   17.514398    6.214064    0.124788    6.690248
    0.609453    0.745336   -0.194513    0.119862    0.123632        5.238792       -2.851599   17.592168    6.242445    0.124788    6.690248
    0.611940    0.748569   -0.196439    0.111542    0.133073        5.237980       -2.851633   17.670274    6.271060    0.124788    6.690248
    0.614428    0.751832   -0.198225    0.103095    0.142726        5.237158       -2.851667   17.748721    6.299914    0.124788    6.690248
    0.616915    0.755123   -0.199869    0.094525    0.152579        5.236327       -2.851699   17.827510    6.329011    0.124788    6.690248
    0.619403    0.758440   -0.201370    0.085832    0.162621        5.235487       -2.851730   17.906644    6.358354    0.124788    6.690248
    0.621891    0.761780   -0.202726    0.077020    0.172840        5.234639       -2.851759   17.986126    6.387947    0.124788    6.690248
    0.624378    0.765140   -0.203933    0.068090    0.183223        5.233781       -2.851787   18.065959    6.417793    0.124788    6.690248
    0.626866    0.768520   -0.204991    0.059046    0.193760        5.232915       -2.851814   18.146144    6.447897    0.124788    6.690248
    0.629353    0.771915   -0.205898    0.049890    0.204438        5.232040       -2.851839   18.226684    6.478261    0.124788    6.690248
    0.631841    0.775324   -0.206651    0.040623    0.215245        5.231157       -2.851862   18.307579    6.508889    0.124788    6.690248
    0.634328    0.778744   -0.207249    0.031249    0.226168        5.230266       -2.851884   18.388831    6.539783    0.124788    6.690248
    0.636816    0.782172   -0.207691    0.021769    0.237195        5.229367       -2.851903   18.470442    6.570947    0.124788    6.690248
    0.639303    0.785606   -0.207973    0.012186    0.248314        5.228461       -2.851920   18.552411    6.602383    0.124788    6.690248
    0.641791    0.789044   -0.208096    0.002503    0.259512        5.227549       -2.851936   18.634739    6.634093    0.124788    6.690248
    0.644279    0.792482   -0.208056   -0.007279    0.270778        5.226630       -2.851949   18.717427    6.666081    0.124788    6.690248
    0.646766    0.795918   -0.207853   -0.017157    0.282099        5.225707       -2.851959   18.800475    6.698349    0.124788    6.690248
    0.649254    0.799350   -0.207485   -0.027129    0.293463        5.224779       -2.851967   18.883881    6.730898    0.124788    6.690248
    0.651741    0.802774   -0.206950   -0.037193    0.304859        5.223849       -2.851971   18.967646    6.763731    0.124788    6.690248
    0.654229    0.806188   -0.206246   -0.047345    0.316274        5.222917       -2.851973   19.051769    6.796849    0.124788    6.690248
    0.656716    0.809589   -0.205373   -0.057584    0.327697        5.221985       -2.851972   19.136247    6.830253    0.124788    6.690248
    0.659204    0.812975   -0.204329   -0.067907    0.339117        5.221054       -2.851967   19.221081    6.863946    0.124788    6.690248
    0.661692    0.816342   -0.203112   -0.078313    0.350522        5.220126       -2.851958   19.306268    6.897928    0.124788    6.690248
    0.664179    0.819688   -0.201722   -0.088797    0.361902        5.219204       -2.851946   19.391806    6.932199    0.124788    6.690248
    0.666667    0.823010   -0.200156   -0.099359    0.373245        5.218290       -2.851929   19.477692    6.966761    0.124788    6.690248
    0.669154    0.826305   -0.198414   -0.109996    0.384541        5.217387       -2.851908   19.563925    7.001613    0.124788    6.690248
    0.671642    0.829570   -0.196495   -0.120705    0.395779        5.216497       -2.851882   19.650500    7.036756    0.124788    6.690248
    0.674129    0.832802   -0.194396   -0.131484    0.406950        5.215624       -2.851852   19.737416    7.072190    0.124788    6.690248
    0.676617    0.835999   -0.192118   -0.142331    0.418043        5.214772       -2.851816   19.824667    7.107914    0.124788    6.690248
    0.679104    0.839156   -0.189659   -0.153242    0.429050        5.213945       -2.851774   19.912251    7.143927    0.124788    6.690248
    0.681592    0.842273   -0.187017   -0.164216    0.439960        5.213147       -2.851727   20.000162    7.180227    0.124788    6.690248
    0.684080    0.845344   -0.184192   -0.175250    0.450765        5.212384       -2.851673   20.088397    7.216815    0.124788    6.690248
    0.686567    0.848368   -0.181184   -0.186341    0.461456        5.211661       -2.851613   20.176951    7.253687    0.124788    6.690248
    0.689055    0.851341   -0.177990   -0.197488    0.472025        5.210983       -2.851546   20.265819    7.290842    0.124788    6.690248
    0.691542    0.854260   -0.174610   -0.208687    0.482465        5.210358       -2.851471   20.354994    7.328278    0.124788    6.690248
    0.694030    0.857122   -0.171043   -0.219937    0.492766        5.209793       -2.851389   20.444472    7.365990    0.124788    6.690248
    0.696517    0.859924   -0.167289   -0.231233    0.502923        5.209294       -2.851299   20.534246    7.403977    0.124788    6.690248
    0.699005    0.862663   -0.163346   -0.242575    0.512927        5.208870       -2.851200   20.624310    7.442234    0.124788    6.690248
    0.701493    0.865336   -0.159215   -0.253960    0.522774        5.208529       -2.851093   20.714657    7.480757    0.124788    6.690248
    0.703980    0.867939   -0.154893   -0.265384    0.532456        5.208279       -2.850976   20.805279    7.519543    0.124788    6.690248
    0.706468    0.870470   -0.150381   -0.276847    0.541968        5.208131       -2.850849   20.896170    7.558585    0.124788    6.690248
    0.708955    0.872925   -0.145678   -0.288344    0.551304        5.208094       -2.850713   20.987322    7.597879    0.124788    6.690248
    0.711443    0.875301   -0.140784   -0.299873    0.560459        5.208176       -2.850566   21.078726    7.637419    0.124788    6.690248
    0.713930    0.877594   -0.135697   -0.311433    0.569430        5.208388       -2.850408   21.170375    7.677199    0.124788    6.690248
    0.716418    0.879802   -0.130417   -0.323021    0.578211        5.208740       -2.850240   21.262259    7.717211    0.124788    6.690248
    0.718905    0.881922   -0.124945   -0.334634    0.586799        5.209240       -2.850060   21.354369    7.757449    0.124788    6.690248
    0.721393    0.883949   -0.119279   -0.346269    0.595191        5.209897       -2.849869   21.446696    7.797905    0.124788    6.690248
    0.723881    0.885882   -0.113419   -0.357925    0.603383        5.210721       -2.849666   21.539230    7.838571    0.124788    6.690248
    0.726368    0.887715   -0.107366   -0.369599    0.611373        5.211717       -2.849452   21.631961    7.879438    0.124788    6.690248
    0.728856    0.889447   -0.101117   -0.381289    0.619158        5.212892       -2.849227   21.724879    7.920497    0.124788    6.690248
    0.731343    0.891074   -0.094674   -0.392992    0.626737        5.214250       -2.848989   21.817972    7.961737    0.124788    6.690248
    0.733831    0.892593   -0.088037   -0.404706    0.634107        5.215794       -2.848741   21.911229    8.003149    0.124788    6.690248
    0.736318    0.893999   -0.081204   -0.416429    0.641268        5.217524       -2.848481   22.004640    8.044722    0.124788    6.690248
    0.738806    0.895291   -0.074176   -0.428159    0.648217        5.219438       -2.848211   22.098192    8.086444    0.124788    6.690248
    0.741294    0.896465   -0.066953   -0.439894    0.654953        5.221532       -2.847931   22.191872    8.128303    0.124788    6.690248
    0.743781    0.897517   -0.059534   -0.451631    0.661476        5.223797       -2.847641   22.285669    8.170287    0.124788    6.690248
    0.746269    0.898444   -0.051920   -0.463368    0.667783        5.226223       -2.847342   22.379570    8.212382    0.124788    6.690248
    0.748756    0.899243   -0.044111   -0.475103    0.673875        5.228796       -2.847036   22.473561    8.254575    0.124788    6.690248
    0.751244    0.899911   -0.036106   -0.486835    0.679750        5.231499       -2.846723   22.567628    8.296852    0.124788    6.690248
    0.753731    0.900444   -0.027907   -0.498561    0.685405        5.234313       -2.846404   22.661759    8.339198    0.124788    6.690248
    0.756219    0.900839   -0.019512   -0.510278    0.690841        5.237214       -2.846081   22.755937    8.381597    0.124788    6.690248
    0.758706    0.901092   -0.010922   -0.521987    0.696055        5.240177       -2.845754   22.850150    8.424034    0.124788    6.690248
    0.761194    0.901201   -0.002138   -0.533683    0.701045        5.243176       -2.845426   22.944382    8.466492    0.124788    6.690248
    0.763682    0.901162    0.006841   -0.545366    0.705808        5.246182       -2.845097   23.038618    8.508954    0.124788    6.690248
    0.766169    0.900972    0.016015   -0.557032    0.710342        5.249166       -2.844769   23.132841    8.551402    0.124788    6.690248
    0.768657    0.900628    0.025382   -0.568682    0.714644        5.252098       -2.844444   23.227037    8.593819    0.124788    6.690248
    0.771144    0.900127    0.034943   -0.580311    0.718711        5.254949       -2.844123   23.321188    8.636186    0.124788    6.690248
    0.773632    0.899464    0.044697   -0.591918    0.722538        5.257692       -2.843808   23.415279    8.678485    0.124788    6.690248
    0.776119    0.898638    0.054645   -0.603502    0.726121        5.260302       -2.843500   23.509292    8.720694    0.124788    6.690248
    0.778607    0.897645    0.064785   -0.615060    0.729458        5.262755       -2.843200   23.603209    8.762795    0.124788    6.690248
    0.781095    0.896482    0.075117   -0.626589    0.732542        5.265031       -2.842909   23.697014    8.804767    0.124788    6.690248
    0.783582    0.895146    0.085640   -0.638088    0.735369        5.267114       -2.842630   23.790689    8.846590    0.124788    6.690248
    0.786070    0.893634    0.096355   -0.649554    0.737934        5.268991       -2.842361   23.884214    8.888242    0.124788    6.690248
    0.788557    0.891943    0.107260   -0.660985    0.740233        5.270654       -2.842106   23.977573    8.929701    0.124788    6.690248
    0.791045    0.890070    0.118356   -0.672379    0.742260        5.272097       -2.841863   24.070744    8.970946    0.124788    6.690248
    0.793532    0.888012    0.129640   -0.683733    0.744012        5.273318       -2.841634   24.163711    9.011955    0.124788    6.690248
    0.796020    0.885766    0.141113   -0.695045    0.745483        5.274321       -2.841419   24.256452    9.052705    0.124788    6.690248
    0.798507    0.883330    0.152774   -0.706312    0.746668        5.275111       -2.841219   24.348948    9.093173    0.124788    6.690248
    0.800995    0.880700    0.164623   -0.717531    0.747565        5.275695       -2.841033   24.441180    9.133338    0.124788    6.690248
    0.803483    0.877874    0.176657   -0.728700    0.748168        5.276084       -2.840862   24.533126    9.173175    0.124788    6.690248
    0.805970    0.874850    0.188877   -0.739816    0.748474        5.276291       -2.840704   24.624767    9.212662    0.124788    6.690248
    0.808458    0.871624    0.201281   -0.750876    0.748481        5.276329       -2.840561   24.716081    9.251776    0.124788    6.690248
    0.810945    0.868194    0.213869   -0.761879    0.748186        5.276212       -2.840432   24.807047    9.290493    0.124788    6.690248
    0.813433    0.864559    0.226640   -0.772819    0.747586        5.275958       -2.840316   24.897643    9.328791    0.124788    6.690248
    0.815920    0.860714    0.239592   -0.783696    0.746678        5.275579       -2.840213   24.987849    9.366647    0.124788    6.690248
    0.818408    0.856659    0.252725   -0.794506    0.745463        5.275094       -2.840122   25.077641    9.404037    0.124788    6.690248
    0.820896    0.852391    0.266037   -0.805246    0.743938        5.274515       -2.840043   25.166998    9.440940    0.124788    6.690248
    0.823383    0.847908    0.279527   -0.815913    0.742103        5.273857       -2.839975   25.255898    9.477333    0.124788    6.690248
    0.825871    0.843207    0.293194   -0.826505    0.739957        5.273135       -2.839917   25.344318    9.513193    0.124788    6.690248
    0.828358    0.838287    0.307037   -0.837018    0.737500        5.272360       -2.839870   25.432234    9.548500    0.124788    6.690248
    0.830846    0.833146    0.321053   -0.847450    0.734733        5.271544       -2.839832   25.519625    9.583232    0.124788    6.690248
    0.833333    0.827783    0.335243   -0.857798    0.731657        5.270698       -2.839802   25.606466    9.617368    0.124788    6.690248
    0.835821    0.822195    0.349605   -0.868059    0.728272        5.269831       -2.839781   25.692735    9.650889    0.124788    6.690248
    0.838308    0.816382    0.364136   -0.878229    0.724579        5.268952       -2.839767   25.778408    9.683774    0.124788    6.690248
    0.840796    0.810341    0.378836   -0.888307    0.720580        5.268069       -2.839759   25.863461    9.716005    0.124788    6.690248
    0.843284    0.804071    0.393703   -0.898290    0.716278        5.267186       -2.839758   25.947870    9.747564    0.124788    6.690248
    0.845771    0.797572    0.408735   -0.908174    0.711673        5.266311       -2.839763   26.031612    9.778433    0.124788    6.690248
    0.848259    0.790842    0.423930   -0.917957    0.706769        5.265448       -2.839774   26.114662    9.808596    0.124788    6.690248
    0.850746    0.783880    0.439288   -0.927637    0.701567        5.264601       -2.839789   26.196996    9.838038    0.124788    6.690248
    0.853234    0.776686    0.454806   -0.937209    0.696070        5.263774       -2.839809   26.278591    9.866744    0.124788    6.690248
    0.855721    0.769258    0.470482   -0.946673    0.690282        5.262968       -2.839832   26.359420    9.894701    0.124788    6.690248
    0.858209    0.761597    0.486315   -0.956025    0.684204        5.262186       -2.839859   26.439461    9.921896    0.124788    6.690248
    0.860697    0.753702    0.502303   -0.965263    0.677841        5.261429       -2.839890   26.518688    9.948318    0.124788    6.690248
    0.863184    0.745572    0.518443   -0.974384    0.671195        5.260699       -2.839923   26.597078    9.973956    0.124788    6.690248
    0.865672    0.737208    0.534734   -0.983386    0.664270        5.259997       -2.839959   26.674605    9.998803    0.124788    6.690248
    0.868159    0.728610    0.551174   -0.992266    0.657069        5.259322       -2.839998   26.751246   10.022851    0.124788    6.690248
    0.870647    0.719777    0.567761   -1.001022    0.649596        5.258676       -2.840038   26.826975   10.046093    0.124788    6.690248
    0.873134    0.710711    0.584493   -1.009652    0.641855        5.258057       -2.840081   26.901768   10.068524    0.124788    6.690248
    0.875622    0.701412    0.601366   -1.018153    0.633849        5.257467       -2.840125   26.975601   10.090142    0.124788    6.690248
    0.878109    0.691880    0.618381   -1.026522    0.625583        5.256903       -2.840171   27.048449   10.110943    0.124788    6.690248
    0.880597    0.682116    0.635533   -1.034758    0.617060        5.256367       -2.840218   27.120289   10.130928    0.124788    6.690248
    0.883085    0.672122    0.652822   -1.042859    0.608285        5.255857       -2.840266   27.191095   10.150098    0.124788    6.690248
    0.885572    0.661899    0.670244   -1.050822    0.599262        5.255372       -2.840315   27.260845   10.168454    0.124788    6.690248
    0.888060    0.651447    0.687797   -1.058646    0.589994        5.254912       -2.840365   27.329513   10.186001    0.124788    6.690248
    0.890547    0.640769    0.705480   -1.066327    0.580487        5.254476       -2.840415   27.397077   10.202743    0.124788    6.690248
    0.893035    0.629866    0.723289   -1.073865    0.570745        5.254062       -2.840467   27.463513   10.218689    0.124788    6.690248
    0.895522    0.618740    0.741223   -1.081257    0.560772        5.253671       -2.840519   27.528796   10.233845    0.124788    6.690248
    0.898010    0.607393    0.759278   -1.088501    0.550573        5.253302       -2.840571   27.592905   10.248222    0.124788    6.690248
    0.900498    0.595827    0.777452   -1.095595    0.540152        5.252952       -2.840624   27.655815   10.261831    0.124788    6.690248
    0.902985    0.584046    0.795744   -1.102538    0.529514        5.252622       -2.840677   27.717505   10.274684    0.124788    6.690248
    0.905473    0.572050    0.814149   -1.109328    0.518664        5.252311       -2.840731   27.777952   10.286795    0.124788    6.690248
    0.907960    0.559844    0.832667   -1.115963    0.507607        5.252018       -2.840784   27.837134   10.298180    0.124788    6.690248
    0.910448    0.547429    0.851293   -1.122442    0.496347        5.251741       -2.840838   27.895028   10.308854    0.124788    6.690248
    0.912935    0.534810    0.870026   -1.128762    0.484890        5.251481       -2.840892   27.951613   10.318837    0.124788    6.690248
    0.915423    0.521989    0.888863   -1.134922    0.473239        5.251236       -2.840947   28.006868   10.328146    0.124788    6.690248
    0.917910    0.508970    0.907801   -1.140920    0.461401        5.251006       -2.841001   28.060772   10.336802    0.124788    6.690248
    0.920398    0.495757    0.926837   -1.146756    0.449380        5.250790       -2.841055   28.113305   10.344826    0.124788    6.690248
    0.922886    0.482353    0.945969   -1.152427    0.437181        5.250587       -2.841110   28.164445   10.352239    0.124788    6.690248
    0.925373    0.468762    0.965195   -1.157933    0.424809        5.250397       -2.841164   28.214175   10.359065    0.124788    6.690248
    0.927861    0.454989    0.984510   -1.163271    0.412271        5.250218       -2.841219   28.262473   10.365327    0.124788    6.690248
    0.930348    0.441037    1.003913   -1.168441    0.399569        5.250051       -2.841274   28.309323   10.371050    0.124788    6.690248
    0.932836    0.426912    1.023400   -1.173441    0.386711        5.249895       -2.841329   28.354704   10.376258    0.124788    6.690248
    0.935323    0.412618    1.042970   -1.178270    0.373701        5.249749       -2.841384   28.398599   10.380977    0.124788    6.690248
    0.937811    0.398159    1.062618   -1.182927    0.360544        5.249613       -2.841438   28.440991   10.385233    0.124788    6.690248
    0.940299    0.383541    1.082342   -1.187410    0.347246        5.249486       -2.841494   28.481862   10.389052    0.124788    6.690248
    0.942786    0.368768    1.102140   -1.191719    0.333813        5.249367       -2.841549   28.521197   10.392460    0.124788    6.690248
    0.945274    0.353847    1.122007   -1.195852    0.320249        5.249257       -2.841604   28.558979   10.395484    0.124788    6.690248
    0.947761    0.338781    1.141942   -1.199809    0.306559        5.249155       -2.841659   28.595193   10.398150    0.124788    6.690248
    0.950249    0.323578    1.161942   -1.203588    0.292751        5.249061       -2.841715   28.629825   10.400483    0.124788    6.690248
    0.952736    0.308242    1.182003   -1.207189    0.278828        5.248973       -2.841770   28.662860   10.402511    0.124788    6.690248
    0.955224    0.292779    1.202122   -1.210610    0.264796        5.248893       -2.841826   28.694285   10.404258    0.124788    6.690248
    0.957711    0.277196    1.222297   -1.213851    0.250661        5.248819       -2.841882   28.724086   10.405749    0.124788    6.690248
    0.960199    0.261497    1.242524   -1.216912    0.236429        5.248751       -2.841938   28.752252   10.407010    0.124788    6.690248
    0.962687    0.245690    1.262800   -1.219790    0.222104        5.248688       -2.841995   28.778771   10.408062    0.124788    6.690248
    0.965174    0.229781    1.283123   -1.222486    0.207693        5.248632       -2.842052   28.803631   10.408931    0.124788    6.690248
    0.967662    0.213775    1.303489   -1.225000    0.193201        5.248580       -2.842109   28.826822   10.409636    0.124788    6.690248
    0.970149    0.197680    1.323896   -1.227329    0.178634        5.248534       -2.842166   28.848335   10.410200    0.124788    6.690248
    0.972637    0.181502    1.344340   -1.229474    0.163997        5.248493       -2.842224   28.868161   10.410641    0.124788    6.690248
    0.975124    0.165247    1.364818   -1.231435    0.149295        5.248456       -2.842282   28.886291   10.410979    0.124788    6.690248
    0.977612    0.148923    1.385327   -1.233210    0.134536        5.248423       -2.842341   28.902718   10.411231    0.124788    6.690248
    0.980100    0.132536    1.405864   -1.234800    0.119723        5.248394       -2.842400   28.917434   10.411412    0.124788    6.690248
    0.982587    0.116092    1.426426   -1.236203    0.104863        5.248370       -2.842459   28.930434   10.411537    0.124788    6.690248
    0.985075    0.099599    1.447010   -1.237421    0.089962        5.248349       -2.842519   28.941711   10.411618    0.124788    6.690248
    0.987562    0.083064    1.467612   -1.238451    0.075025        5.248332       -2.842580   28.951262   10.411668    0.124788    6.690248
    0.990050    0.066494    1.488230   -1.239294    0.060057        5.248318       -2.842641   28.959082   10.411696    0.124788    6.690248
    0.992537    0.049895    1.508861   -1.239951    0.045066        5.248308       -2.842703   28.965167   10.411709    0.124788    6.690248
    0.995025    0.033275    1.529501   -1.240420    0.030055        5.248301       -2.842765   28.969516   10.411714    0.124788    6.690248
    0.997512    0.016641    1.550147   -1.240701    0.015031        5.248297       -2.842828   28.972126   10.411715    0.124788    6.690248
    1.000000   -0.000000    1.570796   -1.240795    0.000000        5.248295       -2.842892   28.972996   10.411715    0.124788    6.690248
