           t           r         psi          cs          qs               p             sig           A           V          Q2           S
    0.000000   -0.000000   -1.570796   -1.110613    0.000000       27.789695       -8.861321    0.000000   -0.000000    0.206465    6.201777
    0.002488    0.015427   -1.553661   -1.110972    0.061985       27.788770       -8.907578    0.000748    0.000000    0.206465    6.201777
    0.004975    0.030849   -1.536514   -1.112042    0.122810       27.785913       -8.953214    0.002991    0.000001    0.206465    6.201777
    0.007463    0.046262   -1.519346   -1.113806    0.182378       27.781030       -8.998246    0.006728    0.000004    0.206465    6.201777
    0.009950    0.061661   -1.502145   -1.116249    0.240593       27.774032       -9.042690    0.011959    0.000013    0.206465    6.201777
    0.012438    0.077042   -1.484901   -1.119354    0.297353       27.764831       -9.086562    0.018681    0.000031    0.206465    6.201777
    0.014925    0.092400   -1.467604   -1.123102    0.352561       27.753335       -9.129878    0.026894    0.000064    0.206465    6.201777
    0.017413    0.107731   -1.450245   -1.127473    0.406114       27.739449       -9.172651    0.036593    0.000118    0.206465    6.201777
    0.019900    0.123029   -1.432813   -1.132448    0.457914       27.723070       -9.214895    0.047778    0.000202    0.206465    6.201777
    0.022388    0.138291   -1.415300   -1.138004    0.507859       27.704091       -9.256622    0.060443    0.000323    0.206465    6.201777
    0.024876    0.153510   -1.397698   -1.144117    0.555849       27.682397       -9.297844    0.074586    0.000493    0.206465    6.201777
    0.027363    0.168682   -1.379996   -1.150764    0.601783       27.657867       -9.338572    0.090202    0.000721    0.206465    6.201777
    0.029851    0.183803   -1.362189   -1.157918    0.645563       27.630374       -9.378813    0.107286    0.001020    0.206465    6.201777
    0.032338    0.198866   -1.344267   -1.165553    0.687088       27.599781       -9.418577    0.125833    0.001404    0.206465    6.201777
    0.034826    0.213867   -1.326224   -1.173640    0.726260       27.565945       -9.457870    0.145837    0.001886    0.206465    6.201777
    0.037313    0.228801   -1.308052   -1.182151    0.762982       27.528714       -9.496697    0.167293    0.002482    0.206465    6.201777
    0.039801    0.243661   -1.289747   -1.191055    0.797159       27.487929       -9.535062    0.190192    0.003209    0.206465    6.201777
    0.042289    0.258443   -1.271301   -1.200321    0.828694       27.443422       -9.572969    0.214527    0.004085    0.206465    6.201777
    0.044776    0.273141   -1.252710   -1.209914    0.857496       27.395015       -9.610416    0.240292    0.005126    0.206465    6.201777
    0.047264    0.287748   -1.233968   -1.219803    0.883471       27.342524       -9.647404    0.267477    0.006353    0.206465    6.201777
    0.049751    0.302259   -1.215072   -1.229952    0.906531       27.285755       -9.683928    0.296073    0.007785    0.206465    6.201777
    0.052239    0.316669   -1.196017   -1.240324    0.926588       27.224504       -9.719984    0.326071    0.009444    0.206465    6.201777
    0.054726    0.330970   -1.176801   -1.250882    0.943556       27.158562       -9.755565    0.357461    0.011351    0.206465    6.201777
    0.057214    0.345157   -1.157421   -1.261589    0.957352       27.087708       -9.790660    0.390231    0.013528    0.206465    6.201777
    0.059701    0.359224   -1.137875   -1.272404    0.967895       27.011717       -9.825257    0.424371    0.015997    0.206465    6.201777
    0.062189    0.373163   -1.118161   -1.283288    0.975108       26.930354       -9.859342    0.459868    0.018783    0.206465    6.201777
    0.064677    0.386969   -1.098279   -1.294200    0.978915       26.843378       -9.892897    0.496710    0.021908    0.206465    6.201777
    0.067164    0.400635   -1.078229   -1.305096    0.979245       26.750543       -9.925900    0.534884    0.025397    0.206465    6.201777
    0.069652    0.414154   -1.058011   -1.315934    0.976031       26.651599       -9.958328    0.574375    0.029274    0.206465    6.201777
    0.072139    0.427519   -1.037627   -1.326670    0.969207       26.546291       -9.990153    0.615169    0.033562    0.206465    6.201777
    0.074627    0.440723   -1.017078   -1.337259    0.958713       26.434366      -10.021344    0.657250    0.038287    0.206465    6.201777
    0.077114    0.453761   -0.996367   -1.347655    0.944494       26.315567      -10.051865    0.700604    0.043471    0.206465    6.201777
    0.079602    0.466624   -0.975498   -1.357811    0.926497       26.189645      -10.081677    0.745213    0.049139    0.206465    6.201777
    0.082090    0.479305   -0.954474   -1.367680    0.904677       26.056351      -10.110737    0.791060    0.055314    0.206465    6.201777
    0.084577    0.491799   -0.933300   -1.377215    0.878993       25.915450      -10.138996    0.838128    0.062019    0.206465    6.201777
    0.087065    0.504097   -0.911983   -1.386366    0.849410       25.766716      -10.166401    0.886397    0.069275    0.206465    6.201777
    0.089552    0.516194   -0.890527   -1.395084    0.815899       25.609941      -10.192893    0.935848    0.077105    0.206465    6.201777
    0.092040    0.528082   -0.868940   -1.403320    0.778440       25.444938      -10.218408    0.986462    0.085528    0.206465    6.201777
    0.094527    0.539754   -0.847231   -1.411023    0.737019       25.271545      -10.242879    1.038218    0.094564    0.206465    6.201777
    0.097015    0.551203   -0.825407   -1.418142    0.691631       25.089635      -10.266229    1.091094    0.104230    0.206465    6.201777
    0.099502    0.562424   -0.803478   -1.424628    0.642279       24.899116      -10.288378    1.145070    0.114544    0.206465    6.201777
    0.101990    0.573410   -0.781454   -1.430428    0.588978       24.699942      -10.309239    1.200121    0.125521    0.206465    6.201777
    0.104478    0.584153   -0.759346   -1.435491    0.531752       24.492119      -10.328721    1.256226    0.137173    0.206465    6.201777
    0.106965    0.594649   -0.737167   -1.439767    0.470639       24.275715      -10.346723    1.313360    0.149514    0.206465    6.201777
    0.109453    0.604892   -0.714927   -1.443205    0.405687       24.050861      -10.363143    1.371500    0.162554    0.206465    6.201777
    0.111940    0.614875   -0.692642   -1.445753    0.336961       23.817768      -10.377868    1.430619    0.176299    0.206465    6.201777
    0.114428    0.624593   -0.670324   -1.447363    0.264539       23.576728      -10.390785    1.490694    0.190758    0.206465    6.201777
    0.116915    0.634041   -0.647989   -1.447984    0.188517       23.328125      -10.401771    1.551698    0.205933    0.206465    6.201777
    0.119403    0.643215   -0.625652   -1.447568    0.109007       23.072444      -10.410701    1.613604    0.221827    0.206465    6.201777
    0.121891    0.652109   -0.603330   -1.446068    0.026142       22.810271      -10.417447    1.676386    0.238440    0.206465    6.201777
    0.124378    0.660720   -0.581040   -1.443438   -0.059928       22.542306      -10.421875    1.740016    0.255769    0.206465    6.201777
    0.126866    0.669044   -0.558800   -1.439634   -0.149028       22.269361      -10.423852    1.804467    0.273810    0.206465    6.201777
    0.129353    0.677077   -0.536627   -1.434613   -0.240964       21.992367      -10.423240    1.869711    0.292555    0.206465    6.201777
    0.131841    0.684817   -0.514542   -1.428336   -0.335514       21.712368      -10.419906    1.935719    0.311997    0.206465    6.201777
    0.134328    0.692261   -0.492563   -1.420764   -0.432438       21.430522      -10.413716    2.002463    0.332124    0.206465    6.201777
    0.136816    0.699407   -0.470711   -1.411864   -0.531464       21.148093      -10.404540    2.069915    0.352923    0.206465    6.201777
    0.139303    0.706254   -0.449007   -1.401604   -0.632300       20.866441      -10.392253    2.138044    0.374379    0.206465    6.201777
    0.141791    0.712800   -0.427473   -1.389956   -0.734627       20.587008      -10.376739    2.206823    0.396474    0.206465    6.201777
    0.144279    0.719045   -0.406128   -1.376897   -0.838099       20.311301      -10.357890    2.276222    0.419190    0.206465    6.201777
    0.146766    0.724989   -0.384996   -1.362408   -0.942348       20.040873      -10.335610    2.346211    0.442507    0.206465    6.201777
    0.149254    0.730633   -0.364099   -1.346474   -1.046983       19.777294      -10.309817    2.416762    0.466402    0.206465    6.201777
    0.151741    0.735977   -0.343459   -1.329086   -1.151588       19.522124      -10.280446    2.487846    0.490852    0.206465    6.201777
    0.154229    0.741024   -0.323098   -1.310240   -1.255733       19.276886      -10.247449    2.559433    0.515832    0.206465    6.201777
    0.156716    0.745775   -0.303039   -1.289938   -1.358968       19.043026      -10.210798    2.631495    0.541316    0.206465    6.201777
    0.159204    0.750232   -0.283305   -1.268188   -1.460831       18.821887      -10.170488    2.704003    0.567278    0.206465    6.201777
    0.161692    0.754401   -0.263917   -1.245004   -1.560850       18.614672      -10.126535    2.776930    0.593690    0.206465    6.201777
    0.164179    0.758283   -0.244898   -1.220406   -1.658549       18.422412      -10.078984    2.850246    0.620525    0.206465    6.201777
    0.166667    0.761883   -0.226269   -1.194422   -1.753450       18.245938      -10.027900    2.923925    0.647753    0.206465    6.201777
    0.169154    0.765206   -0.208052   -1.167086   -1.845083       18.085860       -9.973377    2.997940    0.675347    0.206465    6.201777
    0.171642    0.768258   -0.190266   -1.138437   -1.932984       17.942542       -9.915533    3.072263    0.703278    0.206465    6.201777
    0.174129    0.771044   -0.172932   -1.108522   -2.016705       17.816091       -9.854509    3.146870    0.731517    0.206465    6.201777
    0.176617    0.773569   -0.156069   -1.077395   -2.095819       17.706355       -9.790473    3.221734    0.760036    0.206465    6.201777
    0.179104    0.775842   -0.139696   -1.045115   -2.169924       17.612920       -9.723611    3.296830    0.788808    0.206465    6.201777
    0.181592    0.777868   -0.123828   -1.011746   -2.238646       17.535119       -9.654130    3.372134    0.817806    0.206465    6.201777
    0.184080    0.779655   -0.108484   -0.977360   -2.301647       17.472052       -9.582253    3.447624    0.847002    0.206465    6.201777
    0.186567    0.781211   -0.093677   -0.942031   -2.358625       17.422604       -9.508219    3.523275    0.876373    0.206465    6.201777
    0.189055    0.782544   -0.079422   -0.905841   -2.409319       17.385476       -9.432275    3.599066    0.905892    0.206465    6.201777
    0.191542    0.783662   -0.065732   -0.868873   -2.453510       17.359216       -9.354678    3.674976    0.935537    0.206465    6.201777
    0.194030    0.784574   -0.052617   -0.831214   -2.491024       17.342253       -9.275688    3.750984    0.965285    0.206465    6.201777
    0.196517    0.785288   -0.040088   -0.792957   -2.521732       17.332938       -9.195566    3.827071    0.995115    0.206465    6.201777
    0.199005    0.785813   -0.028153   -0.754194   -2.545549       17.329572       -9.114573    3.903218    1.025007    0.206465    6.201777
    0.201493    0.786159   -0.016820   -0.715019   -2.562436       17.330453       -9.032962    3.979407    1.054941    0.206465    6.201777
    0.203980    0.786335   -0.006093   -0.675531   -2.572395       17.333900       -8.950979    4.055622    1.084901    0.206465    6.201777
    0.206468    0.786350    0.004022   -0.635824   -2.575472       17.338286       -8.868860    4.131845    1.114871    0.206465    6.201777
    0.208955    0.786214    0.013524   -0.595997   -2.571750       17.342065       -8.786829    4.208063    1.144834    0.206465    6.201777
    0.211443    0.785936    0.022412   -0.556147   -2.561347       17.343791       -8.705095    4.284260    1.174778    0.206465    6.201777
    0.213930    0.785526    0.030684   -0.516370   -2.544417       17.342137       -8.623852    4.360424    1.204690    0.206465    6.201777
    0.216418    0.784993    0.038345   -0.476761   -2.521144       17.335906       -8.543277    4.436543    1.234559    0.206465    6.201777
    0.218905    0.784346    0.045396   -0.437412   -2.491735       17.324038       -8.463531    4.512604    1.264374    0.206465    6.201777
    0.221393    0.783596    0.051843   -0.398416   -2.456426       17.305617       -8.384756    4.588597    1.294127    0.206465    6.201777
    0.223881    0.782751    0.057691   -0.359862   -2.415469       17.279867       -8.307078    4.664512    1.323810    0.206465    6.201777
    0.226368    0.781820    0.062949   -0.321835   -2.369134       17.246150       -8.230603    4.740342    1.353417    0.206465    6.201777
    0.228856    0.780813    0.067625   -0.284420   -2.317708       17.203962       -8.155424    4.816078    1.382941    0.206465    6.201777
    0.231343    0.779738    0.071728   -0.247697   -2.261487       17.152923       -8.081615    4.891712    1.412377    0.206465    6.201777
    0.233831    0.778604    0.075271   -0.211743   -2.200776       17.092772       -8.009236    4.967240    1.441722    0.206465    6.201777
    0.236318    0.777420    0.078266   -0.176632   -2.135888       17.023352       -7.938330    5.042655    1.470973    0.206465    6.201777
    0.238806    0.776195    0.080726   -0.142433   -2.067140       16.944602       -7.868931    5.117953    1.500126    0.206465    6.201777
    0.241294    0.774935    0.082665   -0.109212   -1.994852       16.856545       -7.801057    5.193131    1.529182    0.206465    6.201777
    0.243781    0.773649    0.084101   -0.077033   -1.919344       16.759279       -7.734714    5.268185    1.558138    0.206465    6.201777
    0.246269    0.772346    0.085048   -0.045954   -1.840939       16.652965       -7.669900    5.343114    1.586994    0.206465    6.201777
    0.248756    0.771031    0.085525   -0.016027   -1.759954       16.537820       -7.606604    5.417916    1.615751    0.206465    6.201777
    0.251244    0.769712    0.085549    0.012696   -1.676708       16.414103       -7.544802    5.492590    1.644409    0.206465    6.201777
    0.253731    0.768397    0.085139    0.040169   -1.591514       16.282111       -7.484469    5.567137    1.672970    0.206465    6.201777
    0.256219    0.767091    0.084316    0.066353   -1.504682       16.142170       -7.425568    5.641556    1.701435    0.206465    6.201777
    0.258706    0.765800    0.083099    0.091209   -1.416516       15.994626       -7.368059    5.715849    1.729806    0.206465    6.201777
    0.261194    0.764532    0.081509    0.114706   -1.327315       15.839843       -7.311896    5.790019    1.758086    0.206465    6.201777
    0.263682    0.763290    0.079567    0.136815   -1.237373       15.678198       -7.257031    5.864066    1.786277    0.206465    6.201777
    0.266169    0.762081    0.077295    0.157513   -1.146977       15.510070       -7.203410    5.937995    1.814382    0.206465    6.201777
    0.268657    0.760909    0.074714    0.176782   -1.056405       15.335845       -7.150976    6.011808    1.842405    0.206465    6.201777
    0.271144    0.759779    0.071847    0.194606   -0.965931       15.155907       -7.099671    6.085510    1.870349    0.206465    6.201777
    0.273632    0.758695    0.068717    0.210977   -0.875818       14.970637       -7.049435    6.159105    1.898218    0.206465    6.201777
    0.276119    0.757662    0.065345    0.225889   -0.786323       14.780413       -7.000206    6.232597    1.926015    0.206465    6.201777
    0.278607    0.756682    0.061755    0.239342   -0.697695       14.585605       -6.951920    6.305991    1.953745    0.206465    6.201777
    0.281095    0.755759    0.057968    0.251340   -0.610170       14.386576       -6.904514    6.379293    1.981411    0.206465    6.201777
    0.283582    0.754895    0.054007    0.261891   -0.523979       14.183681       -6.857923    6.452508    2.009018    0.206465    6.201777
    0.286070    0.754094    0.049895    0.271008   -0.439340       13.977265       -6.812082    6.525643    2.036571    0.206465    6.201777
    0.288557    0.753357    0.045653    0.278709   -0.356464       13.767666       -6.766927    6.598703    2.064073    0.206465    6.201777
    0.291045    0.752686    0.041303    0.285014   -0.275548       13.555211       -6.722393    6.671695    2.091529    0.206465    6.201777
    0.293532    0.752083    0.036866    0.289949   -0.196780       13.340218       -6.678416    6.744625    2.118943    0.206465    6.201777
    0.296020    0.751549    0.032363    0.293544   -0.120337       13.122995       -6.634931    6.817500    2.146321    0.206465    6.201777
    0.298507    0.751085    0.027815    0.295831   -0.046384       12.903843       -6.591876    6.890326    2.173666    0.206465    6.201777
    0.300995    0.750691    0.023242    0.296846    0.024927       12.683054       -6.549188    6.963111    2.200984    0.206465    6.201777
    0.303483    0.750368    0.018663    0.296631    0.093455       12.460911       -6.506805    7.035861    2.228278    0.206465    6.201777
    0.305970    0.750116    0.014096    0.295228    0.159070       12.237690       -6.464666    7.108584    2.255554    0.206465    6.201777
    0.308458    0.749933    0.009559    0.292683    0.221658       12.013661       -6.422710    7.181285    2.282816    0.206465    6.201777
    0.310945    0.749820    0.005071    0.289045    0.281112       11.789086       -6.380878    7.253972    2.310068    0.206465    6.201777
    0.313433    0.749776    0.000646    0.284365    0.337344       11.564223       -6.339113    7.326651    2.337315    0.206465    6.201777
    0.315920    0.749800   -0.003698    0.278697    0.390274       11.339323       -6.297355    7.399330    2.364561    0.206465    6.201777
    0.318408    0.749890   -0.007948    0.272097    0.439837       11.114633       -6.255550    7.472014    2.391811    0.206465    6.201777
    0.320896    0.750045   -0.012089    0.264621    0.485979       10.890394       -6.213642    7.544710    2.419070    0.206465    6.201777
    0.323383    0.750262   -0.016109    0.256327    0.528660       10.666845       -6.171576    7.617423    2.446340    0.206465    6.201777
    0.325871    0.750541   -0.019994    0.247276    0.567851       10.444220       -6.129301    7.690161    2.473627    0.206465    6.201777
    0.328358    0.750879   -0.023735    0.237529    0.603535       10.222751       -6.086764    7.762929    2.500934    0.206465    6.201777
    0.330846    0.751273   -0.027320    0.227145    0.635709       10.002666       -6.043915    7.835732    2.528265    0.206465    6.201777
    0.333333    0.751721   -0.030740    0.216187    0.664377        9.784191       -6.000706    7.908576    2.555624    0.206465    6.201777
    0.335821    0.752220   -0.033987    0.204716    0.689560        9.567547       -5.957087    7.981466    2.583015    0.206465    6.201777
    0.338308    0.752768   -0.037054    0.192794    0.711284        9.352957       -5.913013    8.054407    2.610442    0.206465    6.201777
    0.340796    0.753362   -0.039934    0.180482    0.729591        9.140637       -5.868439    8.127404    2.637906    0.206465    6.201777
    0.343284    0.753999   -0.042621    0.167839    0.744529        8.930804       -5.823322    8.200459    2.665413    0.206465    6.201777
    0.345771    0.754676   -0.045111    0.154926    0.756157        8.723668       -5.777621    8.273579    2.692965    0.206465    6.201777
    0.348259    0.755389   -0.047400    0.141801    0.764543        8.519441       -5.731294    8.346766    2.720565    0.206465    6.201777
    0.350746    0.756137   -0.049486    0.128522    0.769764        8.318328       -5.684304    8.420024    2.748215    0.206465    6.201777
    0.353234    0.756914   -0.051365    0.115143    0.771907        8.120533       -5.636615    8.493356    2.775918    0.206465    6.201777
    0.355721    0.757720   -0.053038    0.101720    0.771062        7.926253       -5.588192    8.566764    2.803677    0.206465    6.201777
    0.358209    0.758549   -0.054504    0.088305    0.767332        7.735682       -5.539002    8.640252    2.831493    0.206465    6.201777
    0.360697    0.759399   -0.055763    0.074948    0.760823        7.549010       -5.489016    8.713821    2.859369    0.206465    6.201777
    0.363184    0.760268   -0.056817    0.061699    0.751648        7.366419       -5.438204    8.787474    2.887307    0.206465    6.201777
    0.365672    0.761151   -0.057668    0.048603    0.739927        7.188084       -5.386541    8.861211    2.915307    0.206465    6.201777
    0.368159    0.762045   -0.058318    0.035705    0.725784        7.014174       -5.334003    8.935035    2.943372    0.206465    6.201777
    0.370647    0.762948   -0.058770    0.023047    0.709348        6.844848       -5.280570    9.008945    2.971502    0.206465    6.201777
    0.373134    0.763856   -0.059030    0.010669    0.690753        6.680256       -5.226222    9.082944    2.999698    0.206465    6.201777
    0.375622    0.764767   -0.059101   -0.001394    0.670137        6.520538       -5.170943    9.157031    3.027961    0.206465    6.201777
    0.378109    0.765678   -0.058989   -0.013104    0.647638        6.365822       -5.114720    9.231206    3.056292    0.206465    6.201777
    0.380597    0.766585   -0.058699   -0.024432    0.623401        6.216224       -5.057542    9.305469    3.084691    0.206465    6.201777
    0.383085    0.767487   -0.058237   -0.035347    0.597571        6.071845       -4.999401    9.379820    3.113157    0.206465    6.201777
    0.385572    0.768380   -0.057611   -0.045822    0.570293        5.932775       -4.940293    9.454258    3.141691    0.206465    6.201777
    0.388060    0.769263   -0.056826   -0.055834    0.541717        5.799085       -4.880215    9.528782    3.170291    0.206465    6.201777
    0.390547    0.770132   -0.055890   -0.065359    0.511989        5.670832       -4.819167    9.603391    3.198959    0.206465    6.201777
    0.393035    0.770986   -0.054812   -0.074380    0.481258        5.548055       -4.757155    9.678083    3.227692    0.206465    6.201777
    0.395522    0.771822   -0.053598   -0.082880    0.449671        5.430775       -4.694183    9.752857    3.256491    0.206465    6.201777
    0.398010    0.772638   -0.052257   -0.090844    0.417376        5.318994       -4.630262    9.827712    3.285353    0.206465    6.201777
    0.400498    0.773433   -0.050798   -0.098261    0.384517        5.212697       -4.565404    9.902644    3.314277    0.206465    6.201777
    0.402985    0.774204   -0.049228   -0.105122    0.351235        5.111848       -4.499625    9.977653    3.343262    0.206465    6.201777
    0.405473    0.774950   -0.047557   -0.111420    0.317673        5.016392       -4.432943   10.052735    3.372307    0.206465    6.201777
    0.407960    0.775670   -0.045793   -0.117151    0.283965        4.926253       -4.365378   10.127888    3.401409    0.206465    6.201777
    0.410448    0.776362   -0.043946   -0.122313    0.250246        4.841337       -4.296953   10.203109    3.430566    0.206465    6.201777
    0.412935    0.777025   -0.042022   -0.126906    0.216645        4.761529       -4.227696   10.278397    3.459777    0.206465    6.201777
    0.415423    0.777658   -0.040033   -0.130932    0.183287        4.686696       -4.157634   10.353747    3.489038    0.206465    6.201777
    0.417910    0.778260   -0.037985   -0.134395    0.150291        4.616685       -4.086798   10.429156    3.518349    0.206465    6.201777
    0.420398    0.778830   -0.035889   -0.137302    0.117772        4.551327       -4.015221   10.504623    3.547706    0.206465    6.201777
    0.422886    0.779367   -0.033752   -0.139661    0.085839        4.490434       -3.942938   10.580143    3.577107    0.206465    6.201777
    0.425373    0.779871   -0.031583   -0.141481    0.054595        4.433802       -3.869985   10.655714    3.606550    0.206465    6.201777
    0.427861    0.780341   -0.029389   -0.142774    0.024137        4.381215       -3.796400   10.731332    3.636031    0.206465    6.201777
    0.430348    0.780777   -0.027180   -0.143553   -0.005444        4.332440       -3.722224   10.806994    3.665549    0.206465    6.201777
    0.432836    0.781180   -0.024963   -0.143832   -0.034065        4.287234       -3.647496   10.882697    3.695100    0.206465    6.201777
    0.435323    0.781548   -0.022745   -0.143627   -0.061650        4.245342       -3.572259   10.958437    3.724682    0.206465    6.201777
    0.437811    0.781881   -0.020533   -0.142955   -0.088127        4.206500       -3.496555   11.034210    3.754292    0.206465    6.201777
    0.440299    0.782181   -0.018336   -0.141834   -0.113434        4.170437       -3.420428   11.110015    3.783927    0.206465    6.201777
    0.442786    0.782447   -0.016159   -0.140284   -0.137515        4.136878       -3.343920   11.185847    3.813585    0.206465    6.201777
    0.445274    0.782680   -0.014010   -0.138323   -0.160322        4.105540       -3.267077   11.261703    3.843263    0.206465    6.201777
    0.447761    0.782880   -0.011893   -0.135973   -0.181812        4.076142       -3.189940   11.337580    3.872958    0.206465    6.201777
    0.450249    0.783047   -0.009816   -0.133255   -0.201951        4.048399       -3.112555   11.413475    3.902668    0.206465    6.201777
    0.452736    0.783183   -0.007784   -0.130192   -0.220711        4.022028       -3.034963   11.489385    3.932390    0.206465    6.201777
    0.455224    0.783287   -0.005801   -0.126805   -0.238071        3.996751       -2.957208   11.565306    3.962121    0.206465    6.201777
    0.457711    0.783362   -0.003873   -0.123116   -0.254017        3.972290       -2.879329   11.641236    3.991860    0.206465    6.201777
    0.460199    0.783407   -0.002004   -0.119151   -0.268540        3.948376       -2.801370   11.717172    4.021603    0.206465    6.201777
    0.462687    0.783424   -0.000198   -0.114930   -0.281639        3.924746       -2.723367   11.793111    4.051349    0.206465    6.201777
    0.465174    0.783414    0.001541   -0.110477   -0.293318        3.901144       -2.645361   11.869050    4.081095    0.206465    6.201777
    0.467662    0.783377    0.003210   -0.105816   -0.303587        3.877326       -2.567386   11.944987    4.110840    0.206465    6.201777
    0.470149    0.783315    0.004805   -0.100970   -0.312460        3.853056       -2.489480   12.020919    4.140580    0.206465    6.201777
    0.472637    0.783229    0.006324   -0.095961   -0.319957        3.828109       -2.411675   12.096843    4.170314    0.206465    6.201777
    0.475124    0.783120    0.007765   -0.090811   -0.326104        3.802275       -2.334002   12.172759    4.200041    0.206465    6.201777
    0.477612    0.782990    0.009126   -0.085543   -0.330929        3.775354       -2.256493   12.248662    4.229759    0.206465    6.201777
    0.480100    0.782839    0.010404   -0.080179   -0.334467        3.747160       -2.179175   12.324553    4.259465    0.206465    6.201777
    0.482587    0.782669    0.011599   -0.074740   -0.336753        3.717520       -2.102075   12.400427    4.289159    0.206465    6.201777
    0.485075    0.782482    0.012710   -0.069245   -0.337828        3.686277       -2.025217   12.476284    4.318839    0.206465    6.201777
    0.487562    0.782278    0.013736   -0.063717   -0.337736        3.653284       -1.948624   12.552123    4.348503    0.206465    6.201777
    0.490050    0.782058    0.014676   -0.058173   -0.336522        3.618411       -1.872315   12.627940    4.378151    0.206465    6.201777
    0.492537    0.781825    0.015531   -0.052633   -0.334236        3.581543       -1.796310   12.703736    4.407782    0.206465    6.201777
    0.495025    0.781580    0.016300   -0.047115   -0.330927        3.542574       -1.720625   12.779509    4.437394    0.206465    6.201777
    0.497512    0.781323    0.016985   -0.041635   -0.326647        3.501417       -1.645274   12.855257    4.466987    0.206465    6.201777
    0.500000    0.781056    0.017585   -0.036211   -0.321451        3.457996       -1.570271   12.930980    4.496559    0.206465    6.201777
    0.502488    0.780781    0.018102   -0.030858   -0.315392        3.412246       -1.495625   13.006676    4.526111    0.206465    6.201777
    0.504975    0.780498    0.018537   -0.025591   -0.308526        3.364118       -1.421347   13.082346    4.555641    0.206465    6.201777
    0.507463    0.780209    0.018892   -0.020423   -0.300909        3.313572       -1.347443   13.157987    4.585150    0.206465    6.201777
    0.509950    0.779915    0.019168   -0.015368   -0.292597        3.260582       -1.273918   13.233601    4.614636    0.206465    6.201777
    0.512438    0.779618    0.019367   -0.010439   -0.283646        3.205133       -1.200778   13.309186    4.644100    0.206465    6.201777
    0.514925    0.779318    0.019491   -0.005645   -0.274112        3.147217       -1.128022   13.384742    4.673541    0.206465    6.201777
    0.517413    0.779017    0.019542   -0.000999   -0.264051        3.086839       -1.055654   13.460268    4.702960    0.206465    6.201777
    0.519900    0.778716    0.019523    0.003491   -0.253516        3.024014       -0.983671   13.535766    4.732355    0.206465    6.201777
    0.522388    0.778415    0.019435    0.007816   -0.242562        2.958764       -0.912072   13.611234    4.761728    0.206465    6.201777
    0.524876    0.778116    0.019282    0.011968   -0.231242        2.891118       -0.840853   13.686674    4.791079    0.206465    6.201777
    0.527363    0.777821    0.019067    0.015941   -0.219607        2.821114       -0.770009   13.762084    4.820407    0.206465    6.201777
    0.529851    0.777528    0.018791    0.019727   -0.207707        2.748799       -0.699535   13.837466    4.849713    0.206465    6.201777
    0.532338    0.777241    0.018459    0.023321   -0.195591        2.674223       -0.629423   13.912820    4.878997    0.206465    6.201777
    0.534826    0.776959    0.018073    0.026720   -0.183307        2.597443       -0.559667   13.988146    4.908260    0.206465    6.201777
    0.537313    0.776684    0.017636    0.029919   -0.170900        2.518521       -0.490256   14.063446    4.937503    0.206465    6.201777
    0.539801    0.776415    0.017151    0.032915   -0.158412        2.437526       -0.421181   14.138719    4.966725    0.206465    6.201777
    0.542289    0.776155    0.016621    0.035706   -0.145887        2.354528       -0.352431   14.213966    4.995927    0.206465    6.201777
    0.544776    0.775903    0.016050    0.038290   -0.133363        2.269604       -0.283996   14.289188    5.025111    0.206465    6.201777
    0.547264    0.775660    0.015441    0.040667   -0.120878        2.182831       -0.215863   14.364387    5.054276    0.206465    6.201777
    0.549751    0.775427    0.014796    0.042837   -0.108468        2.094292       -0.148020   14.439562    5.083423    0.206465    6.201777
    0.552239    0.775203    0.014120    0.044799   -0.096165        2.004071       -0.080454   14.514715    5.112554    0.206465    6.201777
    0.554726    0.774991    0.013415    0.046554   -0.084003        1.912254       -0.013150   14.589848    5.141669    0.206465    6.201777
    0.557214    0.774790    0.012685    0.048105   -0.072008        1.818931        0.053904   14.664960    5.170768    0.206465    6.201777
    0.559701    0.774600    0.011932    0.049453   -0.060208        1.724190        0.120723   14.740053    5.199853    0.206465    6.201777
    0.562189    0.774422    0.011160    0.050601   -0.048628        1.628122        0.187322   14.815128    5.228924    0.206465    6.201777
    0.564677    0.774256    0.010372    0.051551   -0.037291        1.530820        0.253715   14.890186    5.257983    0.206465    6.201777
    0.567164    0.774102    0.009570    0.052308   -0.026215        1.432376        0.319918   14.965230    5.287030    0.206465    6.201777
    0.569652    0.773960    0.008759    0.052874   -0.015420        1.332882        0.385945   15.040258    5.316066    0.206465    6.201777
    0.572139    0.773831    0.007940    0.053255   -0.004920        1.232431        0.451812   15.115274    5.345092    0.206465    6.201777
    0.574627    0.773715    0.007117    0.053453    0.005270        1.131116        0.517534   15.190278    5.374109    0.206465    6.201777
    0.577114    0.773612    0.006292    0.053476    0.015139        1.029028        0.583126   15.265271    5.403118    0.206465    6.201777
    0.579602    0.773521    0.005468    0.053326    0.024678        0.926259        0.648604   15.340255    5.432120    0.206465    6.201777
    0.582090    0.773443    0.004647    0.053009    0.033879        0.822899        0.713982   15.415230    5.461115    0.206465    6.201777
    0.584577    0.773378    0.003833    0.052532    0.042737        0.719039        0.779276   15.490199    5.490106    0.206465    6.201777
    0.587065    0.773325    0.003027    0.051898    0.051248        0.614766        0.844500   15.565162    5.519092    0.206465    6.201777
    0.589552    0.773284    0.002232    0.051115    0.059412        0.510169        0.909670   15.640120    5.548075    0.206465    6.201777
    0.592040    0.773256    0.001451    0.050187    0.067229        0.405331        0.974799   15.715075    5.577055    0.206465    6.201777
    0.594527    0.773239    0.000684    0.049120    0.074701        0.300339        1.039901   15.790028    5.606033    0.206465    6.201777
    0.597015    0.773235   -0.000064    0.047921    0.081832        0.195272        1.104992   15.864980    5.635011    0.206465    6.201777
    0.599502    0.773241   -0.000793    0.046594    0.088628        0.090212        1.170083   15.939932    5.663989    0.206465    6.201777
    0.601990    0.773259   -0.001501    0.045145    0.095097       -0.014762        1.235189   16.014885    5.692968    0.206465    6.201777
    0.604478    0.773288   -0.002186    0.043581    0.101247       -0.119577        1.300322   16.089840    5.721948    0.206465    6.201777
    0.606965    0.773326   -0.002845    0.041907    0.107089       -0.224157        1.365494   16.164799    5.750931    0.206465    6.201777
    0.609453    0.773375   -0.003478    0.040127    0.112635       -0.328431        1.430718   16.239761    5.779917    0.206465    6.201777
    0.611940    0.773434   -0.004083    0.038248    0.117899       -0.432332        1.496005   16.314729    5.808907    0.206465    6.201777
    0.614428    0.773501   -0.004658    0.036274    0.122896       -0.535793        1.561366   16.389704    5.837902    0.206465    6.201777
    0.616915    0.773577   -0.005202    0.034211    0.127642       -0.638753        1.626812   16.464685    5.866902    0.206465    6.201777
    0.619403    0.773661   -0.005713    0.032062    0.132153       -0.741150        1.692353   16.539674    5.895908    0.206465    6.201777
    0.621891    0.773753   -0.006191    0.029833    0.136449       -0.842928        1.757997   16.614671    5.924920    0.206465    6.201777
    0.624378    0.773852   -0.006633    0.027527    0.140550       -0.944035        1.823754   16.689678    5.953940    0.206465    6.201777
    0.626866    0.773958   -0.007040    0.025149    0.144475       -1.044419        1.889632   16.764694    5.982967    0.206465    6.201777
    0.629353    0.774069   -0.007409    0.022701    0.148247       -1.144035        1.955639   16.839721    6.012002    0.206465    6.201777
    0.631841    0.774186   -0.007740    0.020187    0.151887       -1.242839        2.021782   16.914759    6.041046    0.206465    6.201777
    0.634328    0.774308   -0.008031    0.017611    0.155420       -1.340794        2.088067   16.989809    6.070098    0.206465    6.201777
    0.636816    0.774434   -0.008283    0.014974    0.158869       -1.437863        2.154499   17.064871    6.099160    0.206465    6.201777
    0.639303    0.774563   -0.008493    0.012279    0.162259       -1.534016        2.221084   17.139945    6.128232    0.206465    6.201777
    0.641791    0.774696   -0.008661    0.009527    0.165615       -1.629227        2.287826   17.215032    6.157313    0.206465    6.201777
    0.644279    0.774830   -0.008787    0.006720    0.168964       -1.723474        2.354728   17.290132    6.186404    0.206465    6.201777
    0.646766    0.774966   -0.008868    0.003860    0.172332       -1.816738        2.421793   17.365245    6.215505    0.206465    6.201777
    0.649254    0.775104   -0.008905    0.000946    0.175745       -1.909008        2.489022   17.440371    6.244617    0.206465    6.201777
    0.651741    0.775241   -0.008897   -0.002020    0.179231       -2.000275        2.556417   17.515510    6.273739    0.206465    6.201777
    0.654229    0.775378   -0.008843   -0.005040    0.182818       -2.090536        2.623978   17.590663    6.302871    0.206465    6.201777
    0.656716    0.775514   -0.008741   -0.008113    0.186533       -2.179794        2.691704   17.665829    6.332013    0.206465    6.201777
    0.659204    0.775647   -0.008592   -0.011241    0.190404       -2.268057        2.759593   17.741008    6.361166    0.206465    6.201777
    0.661692    0.775778   -0.008394   -0.014425    0.194460       -2.355339        2.827644   17.816200    6.390329    0.206465    6.201777
    0.664179    0.775906   -0.008147   -0.017667    0.198727       -2.441658        2.895853   17.891404    6.419501    0.206465    6.201777
    0.666667    0.776030   -0.007849   -0.020970    0.203235       -2.527040        2.964215   17.966621    6.448683    0.206465    6.201777
    0.669154    0.776148   -0.007500   -0.024335    0.208010       -2.611515        3.032725   18.041849    6.477874    0.206465    6.201777
    0.671642    0.776261   -0.007098   -0.027766    0.213082       -2.695123        3.101376   18.117089    6.507074    0.206465    6.201777
    0.674129    0.776367   -0.006643   -0.031266    0.218476       -2.777906        3.170162   18.192339    6.536282    0.206465    6.201777
    0.676617    0.776465   -0.006133   -0.034840    0.224220       -2.859915        3.239074   18.267599    6.565498    0.206465    6.201777
    0.679104    0.776556   -0.005567   -0.038491    0.230342       -2.941208        3.308103   18.342869    6.594721    0.206465    6.201777
    0.681592    0.776637   -0.004945   -0.042225    0.236866       -3.021850        3.377237   18.418146    6.623951    0.206465    6.201777
    0.684080    0.776708   -0.004264   -0.046046    0.243818       -3.101911        3.446465   18.493431    6.653187    0.206465    6.201777
    0.686567    0.776768   -0.003523   -0.049960    0.251225       -3.181472        3.515775   18.568722    6.682427    0.206465    6.201777
    0.689055    0.776816   -0.002722   -0.053973    0.259109       -3.260619        3.585151   18.644019    6.711672    0.206465    6.201777
    0.691542    0.776852   -0.001858   -0.058090    0.267494       -3.339444        3.654580   18.719320    6.740920    0.206465    6.201777
    0.694030    0.776873   -0.000929   -0.062319    0.276403       -3.418052        3.724043   18.794623    6.770170    0.206465    6.201777
    0.696517    0.776880    0.000066   -0.066666    0.285857       -3.496550        3.793525   18.869928    6.799422    0.206465    6.201777
    0.699005    0.776871    0.001129   -0.071138    0.295878       -3.575056        3.863005   18.945233    6.828673    0.206465    6.201777
    0.701493    0.776845    0.002261   -0.075743    0.306484       -3.653697        3.932463   19.020536    6.857923    0.206465    6.201777
    0.703980    0.776801    0.003466   -0.080488    0.317694       -3.732605        4.001879   19.095835    6.887170    0.206465    6.201777
    0.706468    0.776737    0.004746   -0.085382    0.329524       -3.811922        4.071227   19.171130    6.916413    0.206465    6.201777
    0.708955    0.776654    0.006102   -0.090432    0.341991       -3.891799        4.140485   19.246417    6.945650    0.206465    6.201777
    0.711443    0.776549    0.007537   -0.095647    0.355107       -3.972393        4.209627   19.321695    6.974880    0.206465    6.201777
    0.713930    0.776421    0.009054   -0.101034    0.368887       -4.053869        4.278626   19.396962    7.004101    0.206465    6.201777
    0.716418    0.776269    0.010655   -0.106604    0.383340       -4.136402        4.347452   19.472216    7.033311    0.206465    6.201777
    0.718905    0.776092    0.012344   -0.112365    0.398476       -4.220173        4.416076   19.547453    7.062508    0.206465    6.201777
    0.721393    0.775888    0.014123   -0.118325    0.414302       -4.305371        4.484468   19.622672    7.091690    0.206465    6.201777
    0.723881    0.775656    0.015996   -0.124494    0.430823       -4.392193        4.552593   19.697870    7.120855    0.206465    6.201777
    0.726368    0.775394    0.017965   -0.130880    0.448042       -4.480842        4.620417   19.773044    7.150001    0.206465    6.201777
    0.728856    0.775101    0.020035   -0.137493    0.465961       -4.571527        4.687906   19.848191    7.179124    0.206465    6.201777
    0.731343    0.774775    0.022209   -0.144341    0.484578       -4.664465        4.755022   19.923308    7.208223    0.206465    6.201777
    0.733831    0.774415    0.024490   -0.151433    0.503891       -4.759877        4.821727   19.998391    7.237295    0.206465    6.201777
    0.736318    0.774019    0.026883   -0.158779    0.523893       -4.857990        4.887980   20.073439    7.266337    0.206465    6.201777
    0.738806    0.773585    0.029390   -0.166387    0.544576       -4.959036        4.953741   20.148446    7.295346    0.206465    6.201777
    0.741294    0.773112    0.032018   -0.174265    0.565930       -5.063248        5.018967   20.223409    7.324319    0.206465    6.201777
    0.743781    0.772597    0.034769   -0.182422    0.587942       -5.170865        5.083615   20.298324    7.353252    0.206465    6.201777
    0.746269    0.772038    0.037648   -0.190866    0.610595       -5.282126        5.147639   20.373187    7.382142    0.206465    6.201777
    0.748756    0.771435    0.040659   -0.199605    0.633870       -5.397270        5.210994   20.447994    7.410986    0.206465    6.201777
    0.751244    0.770783    0.043808   -0.208645    0.657747       -5.516539        5.273633   20.522740    7.439779    0.206465    6.201777
    0.753731    0.770083    0.047099   -0.217995    0.682201       -5.640170        5.335507   20.597420    7.468518    0.206465    6.201777
    0.756219    0.769330    0.050536   -0.227661    0.707206       -5.768398        5.396568   20.672030    7.497197    0.206465    6.201777
    0.758706    0.768523    0.054125   -0.237649    0.732731       -5.901456        5.456765   20.746565    7.525814    0.206465    6.201777
    0.761194    0.767660    0.057870   -0.247965    0.758744       -6.039569        5.516050   20.821018    7.554363    0.206465    6.201777
    0.763682    0.766738    0.061777   -0.258615    0.785209       -6.182956        5.574370   20.895385    7.582840    0.206465    6.201777
    0.766169    0.765754    0.065851   -0.269602    0.812089       -6.331826        5.631674   20.969660    7.611238    0.206465    6.201777
    0.768657    0.764707    0.070098   -0.280932    0.839341       -6.486379        5.687911   21.043837    7.639554    0.206465    6.201777
    0.771144    0.763592    0.074521   -0.292608    0.866924       -6.646801        5.743029   21.117908    7.667781    0.206465    6.201777
    0.773632    0.762409    0.079128   -0.304633    0.894790       -6.813266        5.796977   21.191868    7.695914    0.206465    6.201777
    0.776119    0.761152    0.083922   -0.317009    0.922890       -6.985931        5.849703   21.265710    7.723946    0.206465    6.201777
    0.778607    0.759821    0.088911   -0.329738    0.951174       -7.164935        5.901157   21.339427    7.751872    0.206465    6.201777
    0.781095    0.758412    0.094098   -0.342820    0.979588       -7.350398        5.951288   21.413011    7.779685    0.206465    6.201777
    0.783582    0.756921    0.099490   -0.356255    1.008077       -7.542421        6.000047   21.486454    7.807378    0.206465    6.201777
    0.786070    0.755346    0.105092   -0.370043    1.036583       -7.741078        6.047386   21.559749    7.834944    0.206465    6.201777
    0.788557    0.753683    0.110909   -0.384182    1.065047       -7.946422        6.093257   21.632886    7.862375    0.206465    6.201777
    0.791045    0.751930    0.116948   -0.398669    1.093408       -8.158480        6.137616   21.705859    7.889664    0.206465    6.201777
    0.793532    0.750082    0.123212   -0.413502    1.121604       -8.377248        6.180418   21.778657    7.916803    0.206465    6.201777
    0.796020    0.748137    0.129708   -0.428676    1.149572       -8.602698        6.221621   21.851270    7.943784    0.206465    6.201777
    0.798507    0.746090    0.136440   -0.444186    1.177248       -8.834770        6.261186   21.923691    7.970599    0.206465    6.201777
    0.800995    0.743939    0.143415   -0.460027    1.204567       -9.073374        6.299075   21.995908    7.997238    0.206465    6.201777
    0.803483    0.741679    0.150636   -0.476191    1.231465       -9.318388        6.335254   22.067911    8.023692    0.206465    6.201777
    0.805970    0.739307    0.158109   -0.492671    1.257877       -9.569660        6.369690   22.139690    8.049952    0.206465    6.201777
    0.808458    0.736820    0.165839   -0.509459    1.283739       -9.827005        6.402354   22.211234    8.076009    0.206465    6.201777
    0.810945    0.734213    0.173830   -0.526546    1.308986      -10.090208        6.433221   22.282530    8.101852    0.206465    6.201777
    0.813433    0.731482    0.182087   -0.543921    1.333556      -10.359021        6.462266   22.353568    8.127471    0.206465    6.201777
    0.815920    0.728624    0.190614   -0.561574    1.357388      -10.633166        6.489472   22.424335    8.152856    0.206465    6.201777
    0.818408    0.725635    0.199415   -0.579492    1.380420      -10.912336        6.514821   22.494818    8.177996    0.206465    6.201777
    0.820896    0.722510    0.208495   -0.597665    1.402596      -11.196195        6.538302   22.565006    8.202880    0.206465    6.201777
    0.823383    0.719247    0.217857   -0.616078    1.423858      -11.484382        6.559906   22.634884    8.227498    0.206465    6.201777
    0.825871    0.715840    0.227505   -0.634719    1.444153      -11.776508        6.579628   22.704438    8.251836    0.206465    6.201777
    0.828358    0.712286    0.237442   -0.653572    1.463430      -12.072163        6.597466   22.773655    8.275885    0.206465    6.201777
    0.830846    0.708581    0.247672   -0.672623    1.481640      -12.370917        6.613425   22.842521    8.299631    0.206465    6.201777
    0.833333    0.704721    0.258197   -0.691857    1.498739      -12.672320        6.627508   22.911020    8.323064    0.206465    6.201777
    0.835821    0.700702    0.269019   -0.711257    1.514684      -12.975908        6.639728   22.979137    8.346171    0.206465    6.201777
    0.838308    0.696519    0.280143   -0.730809    1.529437      -13.281204        6.650096   23.046856    8.368941    0.206465    6.201777
    0.840796    0.692169    0.291569   -0.750494    1.542963      -13.587721        6.658631   23.114162    8.391360    0.206465    6.201777
    0.843284    0.687649    0.303300   -0.770296    1.555232      -13.894964        6.665353   23.181038    8.413417    0.206465    6.201777
    0.845771    0.682953    0.315337   -0.790198    1.566214      -14.202437        6.670285   23.247468    8.435099    0.206465    6.201777
    0.848259    0.678078    0.327681   -0.810183    1.575887      -14.509642        6.673454   23.313433    8.456395    0.206465    6.201777
    0.850746    0.673021    0.340335   -0.830232    1.584231      -14.816083        6.674891   23.378918    8.477293    0.206465    6.201777
    0.853234    0.667778    0.353298   -0.850329    1.591231      -15.121269        6.674627   23.443903    8.497779    0.206465    6.201777
    0.855721    0.662344    0.366572   -0.870455    1.596872      -15.424720        6.672697   23.508370    8.517844    0.206465    6.201777
    0.858209    0.656718    0.380156   -0.890594    1.601148      -15.725963        6.669139   23.572302    8.537475    0.206465    6.201777
    0.860697    0.650894    0.394051   -0.910727    1.604054      -16.024540        6.663991   23.635679    8.556660    0.206465    6.201777
    0.863184    0.644870    0.408256   -0.930838    1.605587      -16.320011        6.657295   23.698481    8.575391    0.206465    6.201777
    0.865672    0.638643    0.422771   -0.950908    1.605750      -16.611951        6.649093   23.760690    8.593654    0.206465    6.201777
    0.868159    0.632210    0.437595   -0.970921    1.604548      -16.899955        6.639429   23.822285    8.611442    0.206465    6.201777
    0.870647    0.625567    0.452728   -0.990859    1.601989      -17.183643        6.628347   23.883247    8.628744    0.206465    6.201777
    0.873134    0.618713    0.468167   -1.010708    1.598083      -17.462654        6.615895   23.943554    8.645551    0.206465    6.201777
    0.875622    0.611643    0.483912   -1.030449    1.592846      -17.736652        6.602117   24.003187    8.661854    0.206465    6.201777
    0.878109    0.604357    0.499961   -1.050068    1.586291      -18.005329        6.587060   24.062124    8.677648    0.206465    6.201777
    0.880597    0.596851    0.516311   -1.069548    1.578437      -18.268400        6.570771   24.120344    8.692923    0.206465    6.201777
    0.883085    0.589124    0.532961   -1.088875    1.569303      -18.525607        6.553296   24.177825    8.707675    0.206465    6.201777
    0.885572    0.581174    0.549907   -1.108034    1.558912      -18.776719        6.534682   24.234547    8.721898    0.206465    6.201777
    0.888060    0.572999    0.567148   -1.127011    1.547285      -19.021530        6.514975   24.290487    8.735587    0.206465    6.201777
    0.890547    0.564598    0.584680   -1.145791    1.534447      -19.259862        6.494218   24.345624    8.748740    0.206465    6.201777
    0.893035    0.555969    0.602500   -1.164362    1.520421      -19.491561        6.472457   24.399936    8.761353    0.206465    6.201777
    0.895522    0.547112    0.620604   -1.182711    1.505234      -19.716501        6.449734   24.453400    8.773426    0.206465    6.201777
    0.898010    0.538026    0.638990   -1.200824    1.488910      -19.934577        6.426091   24.505994    8.784958    0.206465    6.201777
    0.900498    0.528711    0.657654   -1.218690    1.471476      -20.145710        6.401568   24.557697    8.795949    0.206465    6.201777
    0.902985    0.519166    0.676591   -1.236297    1.452957      -20.349843        6.376205   24.608486    8.806403    0.206465    6.201777
    0.905473    0.509391    0.695798   -1.253635    1.433378      -20.546939        6.350040   24.658338    8.816322    0.206465    6.201777
    0.907960    0.499388    0.715270   -1.270691    1.412764      -20.736984        6.323107   24.707231    8.825710    0.206465    6.201777
    0.910448    0.489157    0.735003   -1.287457    1.391139      -20.919980        6.295441   24.755144    8.834573    0.206465    6.201777
    0.912935    0.478698    0.754993   -1.303921    1.368526      -21.095950        6.267074   24.802055    8.842918    0.206465    6.201777
    0.915423    0.468013    0.775234   -1.320074    1.344948      -21.264930        6.238038   24.847940    8.850753    0.206465    6.201777
    0.917910    0.457104    0.795721   -1.335907    1.320424      -21.426975        6.208360   24.892779    8.858086    0.206465    6.201777
    0.920398    0.445972    0.816451   -1.351411    1.294974      -21.582150        6.178068   24.936549    8.864929    0.206465    6.201777
    0.922886    0.434620    0.837417   -1.366577    1.268616      -21.730536        6.147186   24.979230    8.871293    0.206465    6.201777
    0.925373    0.423050    0.858614   -1.381396    1.241367      -21.872222        6.115738   25.020800    8.877190    0.206465    6.201777
    0.927861    0.411266    0.880038   -1.395860    1.213240      -22.007310        6.083744   25.061238    8.882634    0.206465    6.201777
    0.930348    0.399270    0.901681   -1.409962    1.184248      -22.135910        6.051224   25.100523    8.887641    0.206465    6.201777
    0.932836    0.387066    0.923539   -1.423693    1.154403      -22.258137        6.018195   25.138636    8.892225    0.206465    6.201777
    0.935323    0.374657    0.945607   -1.437045    1.123711      -22.374117        5.984671   25.175555    8.896404    0.206465    6.201777
    0.937811    0.362049    0.967877   -1.450011    1.092180      -22.483979        5.950667   25.211262    8.900194    0.206465    6.201777
    0.940299    0.349244    0.990344   -1.462584    1.059814      -22.587856        5.916195   25.245738    8.903615    0.206465    6.201777
    0.942786    0.336249    1.013002   -1.474755    1.026614      -22.685887        5.881263   25.278963    8.906684    0.206465    6.201777
    0.945274    0.323068    1.035845   -1.486517    0.992580      -22.778212        5.845879   25.310919    8.909422    0.206465    6.201777
    0.947761    0.309707    1.058866   -1.497862    0.957709      -22.864974        5.810051   25.341588    8.911849    0.206465    6.201777
    0.950249    0.296171    1.082059   -1.508783    0.921996      -22.946316        5.773783   25.370954    8.913984    0.206465    6.201777
    0.952736    0.282467    1.105417   -1.519272    0.885433      -23.022383        5.737077   25.399000    8.915848    0.206465    6.201777
    0.955224    0.268600    1.128933   -1.529320    0.848009      -23.093320        5.699935   25.425710    8.917461    0.206465    6.201777
    0.957711    0.254578    1.152601   -1.538920    0.809712      -23.159271        5.662357   25.451067    8.918845    0.206465    6.201777
    0.960199    0.240407    1.176414   -1.548063    0.770527      -23.220378        5.624340   25.475059    8.920019    0.206465    6.201777
    0.962687    0.226094    1.200364   -1.556741    0.730436      -23.276784        5.585882   25.497669    8.921004    0.206465    6.201777
    0.965174    0.211648    1.224444   -1.564944    0.689417      -23.328628        5.546979   25.518886    8.921819    0.206465    6.201777
    0.967662    0.197075    1.248647   -1.572663    0.647448      -23.376049        5.507623   25.538696    8.922484    0.206465    6.201777
    0.970149    0.182383    1.272965   -1.579888    0.604502      -23.419182        5.467809   25.557088    8.923017    0.206465    6.201777
    0.972637    0.167581    1.297391   -1.586608    0.560553      -23.458160        5.427528   25.574051    8.923436    0.206465    6.201777
    0.975124    0.152677    1.321917   -1.592814    0.515567      -23.493113        5.386770   25.589573    8.923758    0.206465    6.201777
    0.977612    0.137680    1.346534   -1.598494    0.469513      -23.524169        5.345524   25.603646    8.923998    0.206465    6.201777
    0.980100    0.122598    1.371235   -1.603636    0.422352      -23.551453        5.303779   25.616262    8.924171    0.206465    6.201777
    0.982587    0.107441    1.396011   -1.608228    0.374046      -23.575086        5.261523   25.627411    8.924291    0.206465    6.201777
    0.985075    0.092217    1.420853   -1.612257    0.324554      -23.595188        5.218742   25.637089    8.924370    0.206465    6.201777
    0.987562    0.076935    1.445753   -1.615709    0.273831      -23.611876        5.175421   25.645287    8.924418    0.206465    6.201777
    0.990050    0.061606    1.470702   -1.618570    0.221829      -23.625263        5.131546   25.652002    8.924444    0.206465    6.201777
    0.992537    0.046238    1.495691   -1.620823    0.168499      -23.635465        5.087100   25.657229    8.924457    0.206465    6.201777
    0.995025    0.030842    1.520709   -1.622455    0.113788      -23.642594        5.042068   25.660965    8.924461    0.206465    6.201777
    0.997512    0.015426    1.545747   -1.623447    0.057641      -23.646769        4.996432   25.663208    8.924462    0.206465    6.201777
    1.000000    0.000000    1.570796   -1.623781    0.000000      -23.648121        4.950175   25.663955    8.924462    0.206465    6.201777
