           t           r         psi          cs          qs               p             sig           A           V          Q2           S
    0.000000   -0.000000   -1.570796    2.505372    0.000000       19.844454        5.292998    0.000000    0.000000    0.139451    7.469631
    0.002488    0.018574   -1.617351    2.505699   -0.040627       19.877861        4.608650    0.001084   -0.000000    0.139451    7.469631
    0.004975    0.037109   -1.663915    2.506252   -0.038235       19.981733        3.933325    0.004336   -0.000004    0.139451    7.469631
    0.007463    0.055562   -1.710487    2.506389    0.007649       20.160225        3.266531    0.009746   -0.000019    0.139451    7.469631
    0.009950    0.073896   -1.757052    2.505457    0.097698       20.417047        2.607772    0.017305   -0.000059    0.139451    7.469631
    0.012438    0.092069   -1.803585    2.502788    0.232755       20.755757        1.956557    0.026994   -0.000144    0.139451    7.469631
    0.014925    0.110043   -1.850047    2.497697    0.413799       21.179807        1.312398    0.038795   -0.000296    0.139451    7.469631
    0.017413    0.127779   -1.896386    2.489477    0.641917       21.692542        0.674817    0.052680   -0.000543    0.139451    7.469631
    0.019900    0.145240   -1.942537    2.477399    0.918269       22.297165        0.043350    0.068620   -0.000917    0.139451    7.469631
    0.022388    0.162391   -1.988423    2.460709    1.244061       22.996696       -0.582454    0.086581   -0.001450    0.139451    7.469631
    0.024876    0.179198   -2.033950    2.438623    1.620505       23.793917       -1.203029    0.106525   -0.002177    0.139451    7.469631
    0.027363    0.195629   -2.079010    2.410333    2.048788       24.691315       -1.818787    0.128409   -0.003137    0.139451    7.469631
    0.029851    0.211654   -2.123480    2.375000    2.530028       25.691019       -2.430119    0.152188   -0.004364    0.139451    7.469631
    0.032338    0.227250   -2.167221    2.331759    3.065235       26.794745       -3.037395    0.177813   -0.005894    0.139451    7.469631
    0.034826    0.242394   -2.210079    2.279717    3.655264       28.003736       -3.640958    0.205233   -0.007761    0.139451    7.469631
    0.037313    0.257069   -2.251881    2.217961    4.300766       29.318711       -4.241126    0.234393   -0.009996    0.139451    7.469631
    0.039801    0.271262   -2.292438    2.145557    5.002130       30.739829       -4.838194    0.265239   -0.012628    0.139451    7.469631
    0.042289    0.284966   -2.331543    2.061558    5.759425       32.266656       -5.432428    0.297713   -0.015679    0.139451    7.469631
    0.044776    0.298180   -2.368972    1.965013    6.572327       33.898156       -6.024071    0.331759   -0.019170    0.139451    7.469631
    0.047264    0.310909   -2.404484    1.854975    7.440044       35.632688       -6.613341    0.367319   -0.023116    0.139451    7.469631
    0.049751    0.323164   -2.437818    1.730516    8.361221       37.468030       -7.200430    0.404337   -0.027529    0.139451    7.469631
    0.052239    0.334964   -2.468699    1.590744    9.333836       39.401407       -7.785509    0.442759   -0.032414    0.139451    7.469631
    0.054726    0.346335   -2.496834    1.434819   10.355071       41.429546       -8.368725    0.482534   -0.037773    0.139451    7.469631
    0.057214    0.357311   -2.521915    1.261980   11.421160       43.548724       -8.950205    0.523612   -0.043605    0.139451    7.469631
    0.059701    0.367933   -2.543623    1.071575   12.527214       45.754839       -9.530053    0.565951   -0.049905    0.139451    7.469631
    0.062189    0.378250   -2.561626    0.863091   13.667003       48.043460      -10.108357    0.609512   -0.056664    0.139451    7.469631
    0.064677    0.388318   -2.575583    0.636196   14.832718       50.409880      -10.685182    0.654262   -0.063873    0.139451    7.469631
    0.067164    0.398201   -2.585153    0.390780   16.014692       52.849136      -11.260576    0.700176   -0.071519    0.139451    7.469631
    0.069652    0.407970   -2.589992    0.127006   17.201113       55.356006      -11.834567    0.747237   -0.079588    0.139451    7.469631
    0.072139    0.417703   -2.589762   -0.154641   18.377722       57.924958      -12.407160    0.795435   -0.088063    0.139451    7.469631
    0.074627    0.427481   -2.584140   -0.453299   19.527559       60.550050      -12.978343    0.844771   -0.096928    0.139451    7.469631
    0.077114    0.437392   -2.572819   -0.767683   20.630773       63.224762      -13.548076    0.895256   -0.106160    0.139451    7.469631
    0.079602    0.447527   -2.555524   -1.096039   21.664578       65.941760      -14.116292    0.946910   -0.115738    0.139451    7.469631
    0.082090    0.457977   -2.532015   -1.436114   22.603410       68.692576      -14.682892    0.999765   -0.125630    0.139451    7.469631
    0.084577    0.468833   -2.502099   -1.785142   23.419370       71.467204      -15.247738    1.053863   -0.135801    0.139451    7.469631
    0.087065    0.480184   -2.465640   -2.139857   24.082997       74.253605      -15.810644    1.109256   -0.146204    0.139451    7.469631
    0.089552    0.492110   -2.422565   -2.496538   24.564421       77.037122      -16.371360    1.166007   -0.156779    0.139451    7.469631
    0.092040    0.504683   -2.372876   -2.851079   24.834857       79.799812      -16.929558    1.224188   -0.167449    0.139451    7.469631
    0.094527    0.517962   -2.316652   -3.199104   24.868374       82.519696      -17.484808    1.283877   -0.178117    0.139451    7.469631
    0.097015    0.531990   -2.254058   -3.536104   24.643764       85.169942      -18.036541    1.345160   -0.188658    0.139451    7.469631
    0.099502    0.546786   -2.185339   -3.857596   24.146321       87.718011      -18.584011    1.408125   -0.198920    0.139451    7.469631
    0.101990    0.562347   -2.110823   -4.159287   23.369270       90.124781      -19.126233    1.472863   -0.208716    0.139451    7.469631
    0.104478    0.578645   -2.030917   -4.437240   22.314635       92.343718      -19.661909    1.539461   -0.217823    0.139451    7.469631
    0.106965    0.595620   -1.946094   -4.687997   20.993392       94.320151      -20.189326    1.608002   -0.225982    0.139451    7.469631
    0.109453    0.613187   -1.856886   -4.908687   19.424847       95.990790      -20.706234    1.678560   -0.232902    0.139451    7.469631
    0.111940    0.631230   -1.763876   -5.097074   17.635335       97.283638      -21.209687    1.751198   -0.238259    0.139451    7.469631
    0.114428    0.649608   -1.667677   -5.251564   15.656396       98.118574      -21.695848    1.825964   -0.241711    0.139451    7.469631
    0.116915    0.668161   -1.568931   -5.371171   13.522710       98.408958      -22.159759    1.902887   -0.242907    0.139451    7.469631
    0.119403    0.686709   -1.468291   -5.455449   11.270035       98.064720      -22.595078    1.981978   -0.241502    0.139451    7.469631
    0.121891    0.705064   -1.366413   -5.504399    8.933431       96.997522      -22.993780    2.063225   -0.237172    0.139451    7.469631
    0.124378    0.723034   -1.263951   -5.518373    6.545929       95.128599      -23.345868    2.146594   -0.229637    0.139451    7.469631
    0.126866    0.740429   -1.161550   -5.497983    4.137769       92.399772      -23.639103    2.232029   -0.218673    0.139451    7.469631
    0.129353    0.757070   -1.059841   -5.444016    1.736253       88.787786      -23.858829    2.319453   -0.204131    0.139451    7.469631
    0.131841    0.772793   -0.959440   -5.357384   -0.633832       84.321310      -23.987971    2.408767   -0.185944    0.139451    7.469631
    0.134328    0.787457   -0.860944   -5.239097   -2.949318       79.098701      -24.007311    2.499857   -0.164134    0.139451    7.469631
    0.136816    0.800945   -0.764932   -5.090269   -5.187437       73.302933      -23.896162    2.592591   -0.138814    0.139451    7.469631
    0.139303    0.813167   -0.671959   -4.912159   -7.324511       67.208414      -23.633535    2.686827   -0.110180    0.139451    7.469631
    0.141791    0.824064   -0.582557   -4.706239   -9.334863       61.173514      -23.199841    2.782412   -0.078497    0.139451    7.469631
    0.144279    0.833607   -0.497226   -4.474283  -11.190267       55.613767      -22.579041    2.879191   -0.044090    0.139451    7.469631
    0.146766    0.841795   -0.416430   -4.218457  -12.860280       50.954689      -21.761021    2.977005   -0.007317    0.139451    7.469631
    0.149254    0.848652   -0.340590   -3.941399  -14.313609       47.569858      -20.743766    3.075697    0.031443    0.139451    7.469631
    0.151741    0.854228   -0.270071   -3.646259  -15.520504       45.717113      -19.534865    3.175114    0.071813    0.139451    7.469631
    0.154229    0.858593   -0.205176   -3.336690  -16.455783       45.489876      -18.151885    3.275110    0.113432    0.139451    7.469631
    0.156716    0.861830   -0.146136   -3.016776  -17.101906       46.798454      -16.621394    3.375550    0.155969    0.139451    7.469631
    0.159204    0.864038   -0.093102   -2.690906  -17.451391       49.387401      -14.976722    3.476306    0.199133    0.139451    7.469631
    0.161692    0.865321   -0.046144   -2.363601  -17.508017       52.883402      -13.254889    3.577265    0.242677    0.139451    7.469631
    0.164179    0.865789   -0.005246   -2.039336  -17.286575       56.859010      -11.493287    3.678325    0.286400    0.139451    7.469631
    0.166667    0.865553    0.029688   -1.722354  -16.811324       60.895017       -9.726727    3.779397    0.330145    0.139451    7.469631
    0.169154    0.864722    0.058830   -1.416526  -16.113551       64.628202       -7.985251    3.880406    0.373795    0.139451    7.469631
    0.171642    0.863403    0.082419   -1.125240  -15.228803       67.778522       -6.292891    3.981289    0.417270    0.139451    7.469631
    0.174129    0.861696    0.100754   -0.851338  -14.194244       70.156750       -4.667306    4.081994    0.460519    0.139451    7.469631
    0.176617    0.859695    0.114179   -0.597097  -13.046469       71.657711       -3.120099    4.182482    0.503513    0.139451    7.469631
    0.179104    0.857490    0.123076   -0.364232  -11.819923       72.245447       -1.657569    4.282723    0.546243    0.139451    7.469631
    0.181592    0.855158    0.127854   -0.153934  -10.545911       71.935673       -0.281663    4.382699    0.588711    0.139451    7.469631
    0.184080    0.852774    0.128941    0.033093   -9.252112       70.779138        1.009042    4.482399    0.630929    0.139451    7.469631
    0.186567    0.850400    0.126771    0.196575   -7.962461       68.847739        2.218432    4.581820    0.672915    0.139451    7.469631
    0.189055    0.848093    0.121781    0.336623   -6.697276       66.223968        3.352090    4.680968    0.714689    0.139451    7.469631
    0.191542    0.845900    0.114403    0.453682   -5.473519       62.993506        4.416675    4.779853    0.756273    0.139451    7.469631
    0.194030    0.843863    0.105059    0.548485   -4.305104       59.240412        5.419456    4.878490    0.797690    0.139451    7.469631
    0.196517    0.842013    0.094152    0.622008   -3.203226       55.044293        6.367960    4.976900    0.838959    0.139451    7.469631
    0.199005    0.840376    0.082068    0.675436   -2.176660       50.478878        7.269734    5.075106    0.880103    0.139451    7.469631
    0.201493    0.838972    0.069167    0.710121   -1.232024       45.611525        8.132180    5.173135    0.921140    0.139451    7.469631
    0.203980    0.837811    0.055785    0.727550   -0.374023       40.503325        8.962455    5.271014    0.962089    0.139451    7.469631
    0.206468    0.836901    0.042227    0.729310    0.394348       35.209551        9.767407    5.368772    1.002968    0.139451    7.469631
    0.208955    0.836242    0.028769    0.717061    1.071617       29.780278       10.553550    5.466438    1.043793    0.139451    7.469631
    0.211443    0.835830    0.015656    0.692501    1.657667       24.261072       11.327045    5.564042    1.084582    0.139451    7.469631
    0.213930    0.835656    0.003100    0.657343    2.153576       18.693679       12.093703    5.661612    1.125350    0.139451    7.469631
    0.216418    0.835710   -0.008718    0.613287    2.561474       13.116657       12.858990    5.759175    1.166115    0.139451    7.469631
    0.218905    0.835975   -0.019647    0.561999    2.884404        7.565941       13.628030    5.856757    1.206891    0.139451    7.469631
    0.221393    0.836434   -0.029568    0.505086    3.126189        2.075311       14.405612    5.954381    1.247695    0.139451    7.469631
    0.223881    0.837067   -0.038392    0.444087    3.291320       -3.323250       15.196187    6.052069    1.288541    0.139451    7.469631
    0.226368    0.837853   -0.046055    0.380449    3.384840       -8.599296       16.003871    6.149840    1.329443    0.139451    7.469631
    0.228856    0.838770   -0.052522    0.315518    3.412245      -13.723795       16.832428    6.247711    1.370415    0.139451    7.469631
    0.231343    0.839796   -0.057780    0.250531    3.379396      -18.669102       17.685265    6.345695    1.411471    0.139451    7.469631
    0.233831    0.840909   -0.061839    0.186606    3.292431      -23.409067       18.565413    6.443805    1.452620    0.139451    7.469631
    0.236318    0.842086   -0.064728    0.124736    3.157691      -27.919242       19.475503    6.542048    1.493872    0.139451    7.469631
    0.238806    0.843305   -0.066492    0.065787    2.981647      -32.177187       20.417751    6.640432    1.535236    0.139451    7.469631
    0.241294    0.844548   -0.067195    0.010498    2.770824      -36.162860       21.393930    6.738959    1.576718    0.139451    7.469631
    0.243781    0.845795   -0.066909   -0.040523    2.531736      -39.859058       22.405354    6.837632    1.618322    0.139451    7.469631
    0.246269    0.847027   -0.065719   -0.086794    2.270809      -43.251886       23.452864    6.936450    1.660050    0.139451    7.469631
    0.248756    0.848230   -0.063715   -0.127956    1.994311      -46.331216       24.536811    7.035410    1.701903    0.139451    7.469631
    0.251244    0.849389   -0.060997   -0.163772    1.708275      -49.091105       25.657060    7.134508    1.743879    0.139451    7.469631
    0.253731    0.850492   -0.057663   -0.194113    1.418426      -51.530119       26.812992    7.233738    1.785975    0.139451    7.469631
    0.256219    0.851528   -0.053817   -0.218961    1.130107      -53.651558       28.003521    7.333094    1.828186    0.139451    7.469631
    0.258706    0.852488   -0.049560   -0.238390    0.848214      -55.463518       29.227122    7.432565    1.870505    0.139451    7.469631
    0.261194    0.853367   -0.044990   -0.252566    0.577131      -56.978805       30.481867    7.532145    1.912924    0.139451    7.469631
    0.263682    0.854158   -0.040205   -0.261728    0.320685      -58.214674       31.765474    7.631821    1.955436    0.139451    7.469631
    0.266169    0.854860   -0.035293   -0.266183    0.082102      -59.192412       33.075358    7.731585    1.998031    0.139451    7.469631
    0.268657    0.855469   -0.030340   -0.266292   -0.136013      -59.936764       34.408696    7.831426    2.040698    0.139451    7.469631
    0.271144    0.855987   -0.025421   -0.262458   -0.331685      -60.475258       35.762494    7.931332    2.083428    0.139451    7.469631
    0.273632    0.856414   -0.020608   -0.255113   -0.503563      -60.837435       37.133651    8.031293    2.126211    0.139451    7.469631
    0.276119    0.856754   -0.015960   -0.244713   -0.650895      -61.054049       38.519029    8.131299    2.169036    0.139451    7.469631
    0.278607    0.857009   -0.011530   -0.231718   -0.773490      -61.156260       39.915514    8.231340    2.211893    0.139451    7.469631
    0.281095    0.857184   -0.007362   -0.216588   -0.871671      -61.174869       41.320080    8.331406    2.254775    0.139451    7.469631
    0.283582    0.857284   -0.003491   -0.199775   -0.946212      -61.139625       42.729834    8.431488    2.297671    0.139451    7.469631
    0.286070    0.857316    0.000055   -0.181712   -0.998277      -61.078619       44.142065    8.531578    2.340575    0.139451    7.469631
    0.288557    0.857284    0.003256   -0.162806   -1.029345      -61.017803       45.554278    8.631667    2.383478    0.139451    7.469631
    0.291045    0.857197    0.006102   -0.143438   -1.041144      -60.980614       46.964219    8.731749    2.426375    0.139451    7.469631
    0.293532    0.857060    0.008586   -0.123954   -1.035582      -60.987729       48.369893    8.831819    2.469261    0.139451    7.469631
    0.296020    0.856880    0.010710   -0.104662   -1.014676      -61.056924       49.769574    8.931869    2.512129    0.139451    7.469631
    0.298507    0.856664    0.012478   -0.085837   -0.980500      -61.203037       51.161806    9.031897    2.554977    0.139451    7.469631
    0.300995    0.856418    0.013904   -0.067711   -0.935127      -61.438024       52.545398    9.131898    2.597800    0.139451    7.469631
    0.303483    0.856149    0.015000   -0.050481   -0.880585      -61.771072       53.919416    9.231868    2.640597    0.139451    7.469631
    0.305970    0.855863    0.015786   -0.034306   -0.818821      -62.208776       55.283167    9.331806    2.683366    0.139451    7.469631
    0.308458    0.855565    0.016283   -0.019310   -0.751667      -62.755351       56.636186    9.431710    2.726105    0.139451    7.469631
    0.310945    0.855260    0.016512   -0.005585   -0.680822      -63.412871       57.978209    9.531578    2.768814    0.139451    7.469631
    0.313433    0.854953    0.016498    0.006810   -0.607831      -64.181513       59.309160    9.631411    2.811492    0.139451    7.469631
    0.315920    0.854648    0.016267    0.017841   -0.534082      -65.059810       60.629126    9.731208    2.854139    0.139451    7.469631
    0.318408    0.854349    0.015844    0.027499   -0.460796      -66.044894       61.938337    9.830970    2.896757    0.139451    7.469631
    0.320896    0.854060    0.015254    0.035798   -0.389027      -67.132731       63.237144    9.930697    2.939345    0.139451    7.469631
    0.323383    0.853783    0.014522    0.042770   -0.319672      -68.318339       64.526002   10.030391    2.981906    0.139451    7.469631
    0.325871    0.853521    0.013672    0.048464   -0.253471      -69.595985       65.805447   10.130054    3.024441    0.139451    7.469631
    0.328358    0.853276    0.012728    0.052938   -0.191019      -70.959365       67.076084   10.229687    3.066950    0.139451    7.469631
    0.330846    0.853049    0.011712    0.056266   -0.132776      -72.401769       68.338567   10.329293    3.109437    0.139451    7.469631
    0.333333    0.852841    0.010644    0.058527   -0.079078      -73.916221       69.593585   10.428873    3.151902    0.139451    7.469631
    0.335821    0.852653    0.009543    0.059805   -0.030150      -75.495601       70.841851   10.528430    3.194349    0.139451    7.469631
    0.338308    0.852486    0.008427    0.060190    0.013882      -77.132754       72.084089   10.627967    3.236778    0.139451    7.469631
    0.340796    0.852340    0.007311    0.059773    0.052981      -78.820581       73.321023   10.727485    3.279192    0.139451    7.469631
    0.343284    0.852215    0.006210    0.058645    0.087183      -80.552116       74.553371   10.826987    3.321592    0.139451    7.469631
    0.345771    0.852109    0.005136    0.056897    0.116592      -82.320591       75.781835   10.926476    3.363982    0.139451    7.469631
    0.348259    0.852023    0.004099    0.054617    0.141364      -84.119490       77.007092   11.025954    3.406362    0.139451    7.469631
    0.350746    0.851957    0.003109    0.051891    0.161701      -85.942593       78.229795   11.125422    3.448735    0.139451    7.469631
    0.353234    0.851908    0.002173    0.048800    0.177838      -87.784012       79.450563   11.224884    3.491102    0.139451    7.469631
    0.355721    0.851875    0.001297    0.045423    0.190040      -89.638218       80.669978   11.324342    3.533465    0.139451    7.469631
    0.358209    0.851859    0.000486    0.041830    0.198591      -91.500059       81.888586   11.423796    3.575826    0.139451    7.469631
    0.360697    0.851857   -0.000257    0.038090    0.203790      -93.364781       83.106888   11.523250    3.618186    0.139451    7.469631
    0.363184    0.851868   -0.000929    0.034263    0.205944      -95.228033       84.325346   11.622704    3.660547    0.139451    7.469631
    0.365672    0.851891   -0.001530    0.030405    0.205362      -97.085877       85.544377   11.722159    3.702909    0.139451    7.469631
    0.368159    0.851925   -0.002059    0.026566    0.202351      -98.934782       86.764353   11.821619    3.745274    0.139451    7.469631
    0.370647    0.851967   -0.002517    0.022791    0.197214     -100.771627       87.985605   11.921082    3.787643    0.139451    7.469631
    0.373134    0.852018   -0.002907    0.019118    0.190248     -102.593693       89.208418   12.020552    3.830016    0.139451    7.469631
    0.375622    0.852075   -0.003229    0.015580    0.181734     -104.398654       90.433037   12.120027    3.872395    0.139451    7.469631
    0.378109    0.852137   -0.003487    0.012205    0.171944     -106.184565       91.659665   12.219509    3.914779    0.139451    7.469631
    0.380597    0.852204   -0.003683    0.009017    0.161133     -107.949848       92.888467   12.318999    3.957170    0.139451    7.469631
    0.383085    0.852274   -0.003823    0.006033    0.149541     -109.693275       94.119568   12.418497    3.999568    0.139451    7.469631
    0.385572    0.852346   -0.003909    0.003267    0.137389     -111.413951       95.353060   12.518004    4.041972    0.139451    7.469631
    0.388060    0.852419   -0.003946    0.000729    0.124883     -113.111292       96.589001   12.617518    4.084384    0.139451    7.469631
    0.390547    0.852492   -0.003938   -0.001575    0.112207     -114.785007       97.827419   12.717042    4.126804    0.139451    7.469631
    0.393035    0.852565   -0.003889   -0.003642    0.099528     -116.435070       99.068313   12.816573    4.169230    0.139451    7.469631
    0.395522    0.852636   -0.003804   -0.005472    0.086997     -118.061703      100.311657   12.916114    4.211664    0.139451    7.469631
    0.398010    0.852706   -0.003687   -0.007070    0.074743     -119.665350      101.557400   13.015662    4.254105    0.139451    7.469631
    0.400498    0.852773   -0.003542   -0.008439    0.062880     -121.246651      102.805474   13.115219    4.296552    0.139451    7.469631
    0.402985    0.852837   -0.003375   -0.009589    0.051503     -122.806421      104.055791   13.214783    4.339006    0.139451    7.469631
    0.405473    0.852898   -0.003187   -0.010528    0.040693     -124.345624      105.308247   13.314354    4.381467    0.139451    7.469631
    0.407960    0.852956   -0.002985   -0.011266    0.030514     -125.865350      106.562727   13.413933    4.423933    0.139451    7.469631
    0.410448    0.853009   -0.002770   -0.011817    0.021015     -127.366795      107.819105   13.513517    4.466405    0.139451    7.469631
    0.412935    0.853059   -0.002546   -0.012192    0.012235     -128.851234      109.077247   13.613108    4.508882    0.139451    7.469631
    0.415423    0.853104   -0.002318   -0.012405    0.004195     -130.320006      110.337013   13.712705    4.551364    0.139451    7.469631
    0.417910    0.853145   -0.002086   -0.012469   -0.003089     -131.774491      111.598258   13.812306    4.593850    0.139451    7.469631
    0.420398    0.853181   -0.001855   -0.012400   -0.009616     -133.216090      112.860836   13.911912    4.636340    0.139451    7.469631
    0.422886    0.853214   -0.001626   -0.012210   -0.015392     -134.646215      114.124600   14.011522    4.678834    0.139451    7.469631
    0.425373    0.853242   -0.001402   -0.011915   -0.020432     -136.066264      115.389406   14.111135    4.721330    0.139451    7.469631
    0.427861    0.853266   -0.001184   -0.011526   -0.024756     -137.477617      116.655110   14.210752    4.763829    0.139451    7.469631
    0.430348    0.853286   -0.000974   -0.011059   -0.028392     -138.881617      117.921573   14.310371    4.806330    0.139451    7.469631
    0.432836    0.853302   -0.000774   -0.010525   -0.031371     -140.279560      119.188661   14.409992    4.848833    0.139451    7.469631
    0.435323    0.853315   -0.000583   -0.009936   -0.033729     -141.672689      120.456245   14.509615    4.891338    0.139451    7.469631
    0.437811    0.853324   -0.000405   -0.009304   -0.035506     -143.062183      121.724205   14.609239    4.933844    0.139451    7.469631
    0.440299    0.853330   -0.000238   -0.008640   -0.036743     -144.449154      122.992425   14.708864    4.976350    0.139451    7.469631
    0.442786    0.853333   -0.000084   -0.007954   -0.037483     -145.834639      124.260798   14.808490    5.018857    0.139451    7.469631
    0.445274    0.853333    0.000058   -0.007255   -0.037769     -147.219596      125.529225   14.908116    5.061364    0.139451    7.469631
    0.447761    0.853331    0.000186   -0.006550   -0.037645     -148.604905      126.797616   15.007741    5.103871    0.139451    7.469631
    0.450249    0.853326    0.000301   -0.005849   -0.037155     -149.991364      128.065889   15.107367    5.146377    0.139451    7.469631
    0.452736    0.853320    0.000403   -0.005156   -0.036342     -151.379690      129.333969   15.206991    5.188883    0.139451    7.469631
    0.455224    0.853311    0.000493   -0.004479   -0.035247     -152.770518      130.601791   15.306615    5.231388    0.139451    7.469631
    0.457711    0.853301    0.000570   -0.003823   -0.033911     -154.164405      131.869297   15.406237    5.273893    0.139451    7.469631
    0.460199    0.853290    0.000635   -0.003192   -0.032372     -155.561828      133.136439   15.505859    5.316396    0.139451    7.469631
    0.462687    0.853278    0.000689   -0.002589   -0.030667     -156.963190      134.403174   15.605479    5.358898    0.139451    7.469631
    0.465174    0.853265    0.000731   -0.002018   -0.028830     -158.368824      135.669468   15.705097    5.401399    0.139451    7.469631
    0.467662    0.853251    0.000764   -0.001481   -0.026893     -159.778992      136.935295   15.804714    5.443898    0.139451    7.469631
    0.470149    0.853236    0.000787   -0.000980   -0.024884     -161.193894      138.200632   15.904330    5.486396    0.139451    7.469631
    0.472637    0.853222    0.000801   -0.000516   -0.022833     -162.613669      139.465466   16.003943    5.528893    0.139451    7.469631
    0.475124    0.853207    0.000806   -0.000091   -0.020762     -164.038399      140.729788   16.103555    5.571388    0.139451    7.469631
    0.477612    0.853192    0.000804    0.000296   -0.018694     -165.468117      141.993595   16.203165    5.613882    0.139451    7.469631
    0.480100    0.853177    0.000795    0.000645   -0.016649     -166.902808      143.256888   16.302773    5.656374    0.139451    7.469631
    0.482587    0.853162    0.000780    0.000956   -0.014644     -168.342414      144.519672   16.402380    5.698864    0.139451    7.469631
    0.485075    0.853148    0.000760    0.001229   -0.012694     -169.786841      145.781958   16.501985    5.741354    0.139451    7.469631
    0.487562    0.853134    0.000735    0.001467   -0.010812     -171.235960      147.043758   16.601588    5.783841    0.139451    7.469631
    0.490050    0.853121    0.000706    0.001669   -0.009009     -172.689615      148.305089   16.701190    5.826328    0.139451    7.469631
    0.492537    0.853108    0.000673    0.001838   -0.007293     -174.147622      149.565970   16.800790    5.868813    0.139451    7.469631
    0.495025    0.853096    0.000638    0.001975   -0.005673     -175.609780      150.826421   16.900389    5.911297    0.139451    7.469631
    0.497512    0.853084    0.000600    0.002082   -0.004153     -177.075866      152.086465   16.999986    5.953780    0.139451    7.469631
    0.500000    0.853073    0.000560    0.002161   -0.002737     -178.545648      153.346127   17.099582    5.996261    0.139451    7.469631
    0.502488    0.853063    0.000520    0.002213   -0.001427     -180.018880      154.605431   17.199177    6.038742    0.139451    7.469631
    0.504975    0.853054    0.000478    0.002241   -0.000225     -181.495311      155.864403   17.298771    6.081221    0.139451    7.469631
    0.507463    0.853045    0.000437    0.002247    0.000869     -182.974686      157.123071   17.398363    6.123700    0.139451    7.469631
    0.509950    0.853038    0.000395    0.002232    0.001856     -184.456746      158.381460   17.497955    6.166178    0.139451    7.469631
    0.512438    0.853031    0.000354    0.002199    0.002739     -185.941236      159.639597   17.597546    6.208655    0.139451    7.469631
    0.514925    0.853025    0.000313    0.002149    0.003520     -187.427900      160.897509   17.697136    6.251132    0.139451    7.469631
    0.517413    0.853019    0.000274    0.002084    0.004203     -188.916492      162.155221   17.796725    6.293608    0.139451    7.469631
    0.519900    0.853014    0.000236    0.002007    0.004791     -190.406768      163.412759   17.896314    6.336083    0.139451    7.469631
    0.522388    0.853010    0.000200    0.001919    0.005290     -191.898494      164.670146   17.995903    6.378558    0.139451    7.469631
    0.524876    0.853007    0.000165    0.001821    0.005703     -193.391447      165.927406   18.095490    6.421033    0.139451    7.469631
    0.527363    0.853004    0.000132    0.001716    0.006037     -194.885412      167.184561   18.195078    6.463507    0.139451    7.469631
    0.529851    0.853002    0.000101    0.001604    0.006296     -196.380189      168.441631   18.294665    6.505981    0.139451    7.469631
    0.532338    0.853000    0.000072    0.001488    0.006487     -197.875586      169.698638   18.394252    6.548455    0.139451    7.469631
    0.534826    0.852999    0.000046    0.001367    0.006615     -199.371429      170.955598   18.493839    6.590929    0.139451    7.469631
    0.537313    0.852999    0.000021    0.001245    0.006686     -200.867553      172.212529   18.593426    6.633403    0.139451    7.469631
    0.539801    0.852999   -0.000000    0.001120    0.006706     -202.363811      173.469446   18.693012    6.675876    0.139451    7.469631
    0.542289    0.852999   -0.000020    0.000996    0.006680     -203.860067      174.726363   18.792599    6.718350    0.139451    7.469631
    0.544776    0.852999   -0.000037    0.000871    0.006613     -205.356200      175.983293   18.892186    6.760824    0.139451    7.469631
    0.547264    0.853000   -0.000053    0.000748    0.006512     -206.852105      177.240247   18.991773    6.803297    0.139451    7.469631
    0.549751    0.853001   -0.000065    0.000627    0.006382     -208.347688      178.497234   19.091359    6.845771    0.139451    7.469631
    0.552239    0.853003   -0.000076    0.000508    0.006227     -209.842871      179.754263   19.190947    6.888245    0.139451    7.469631
    0.554726    0.853004   -0.000084    0.000392    0.006053     -211.337590      181.011339   19.290534    6.930719    0.139451    7.469631
    0.557214    0.853006   -0.000090    0.000279    0.005864     -212.831793      182.268470   19.390121    6.973194    0.139451    7.469631
    0.559701    0.853007   -0.000095    0.000169    0.005666     -214.325442      183.525657   19.489709    7.015668    0.139451    7.469631
    0.562189    0.853009   -0.000097    0.000063    0.005461     -215.818511      184.782905   19.589297    7.058143    0.139451    7.469631
    0.564677    0.853011   -0.000097   -0.000039    0.005255     -217.310986      186.040214   19.688885    7.100618    0.139451    7.469631
    0.567164    0.853013   -0.000095   -0.000137    0.005051     -218.802868      187.297585   19.788473    7.143093    0.139451    7.469631
    0.569652    0.853014   -0.000092   -0.000231    0.004853     -220.294165      188.555017   19.888061    7.185568    0.139451    7.469631
    0.572139    0.853016   -0.000087   -0.000322    0.004663     -221.784898      189.812507   19.987650    7.228043    0.139451    7.469631
    0.574627    0.853018   -0.000080   -0.000409    0.004486     -223.275099      191.070052   20.087239    7.270518    0.139451    7.469631
    0.577114    0.853019   -0.000072   -0.000493    0.004324     -224.764810      192.327649   20.186828    7.312994    0.139451    7.469631
    0.579602    0.853020   -0.000062   -0.000573    0.004180     -226.254081      193.585290   20.286417    7.355470    0.139451    7.469631
    0.582090    0.853021   -0.000050   -0.000651    0.004057     -227.742975      194.842971   20.386006    7.397946    0.139451    7.469631
    0.584577    0.853022   -0.000037   -0.000727    0.003956     -229.231561      196.100684   20.485596    7.440422    0.139451    7.469631
    0.587065    0.853023   -0.000023   -0.000800    0.003881     -230.719917      197.358420   20.585185    7.482898    0.139451    7.469631
    0.589552    0.853023   -0.000008   -0.000872    0.003833     -232.208131      198.616172   20.684775    7.525374    0.139451    7.469631
    0.592040    0.853023    0.000009   -0.000943    0.003815     -233.696298      199.873928   20.784364    7.567850    0.139451    7.469631
    0.594527    0.853023    0.000027   -0.001014    0.003828     -235.184521      201.131678   20.883954    7.610326    0.139451    7.469631
    0.597015    0.853022    0.000047   -0.001085    0.003875     -236.672914      202.389411   20.983543    7.652802    0.139451    7.469631
    0.599502    0.853021    0.000068   -0.001156    0.003957     -238.161595      203.647114   21.083133    7.695278    0.139451    7.469631
    0.601990    0.853019    0.000090   -0.001228    0.004076     -239.650692      204.904773   21.182722    7.737754    0.139451    7.469631
    0.604478    0.853018    0.000113   -0.001303    0.004234     -241.140342      206.162376   21.282311    7.780229    0.139451    7.469631
    0.606965    0.853015    0.000138   -0.001380    0.004432     -242.630689      207.419906   21.381900    7.822705    0.139451    7.469631
    0.609453    0.853012    0.000165   -0.001461    0.004673     -244.121885      208.677348   21.481488    7.865180    0.139451    7.469631
    0.611940    0.853009    0.000193   -0.001546    0.004959     -245.614094      209.934685   21.581076    7.907655    0.139451    7.469631
    0.614428    0.853005    0.000222   -0.001636    0.005290     -247.107485      211.191899   21.680664    7.950129    0.139451    7.469631
    0.616915    0.853001    0.000253   -0.001731    0.005671     -248.602242      212.448972   21.780251    7.992603    0.139451    7.469631
    0.619403    0.852996    0.000286   -0.001834    0.006102     -250.098555      213.705884   21.879838    8.035077    0.139451    7.469631
    0.621891    0.852990    0.000322   -0.001944    0.006586     -251.596627      214.962612   21.979424    8.077550    0.139451    7.469631
    0.624378    0.852984    0.000359   -0.002062    0.007126     -253.096674      216.219137   22.079009    8.120023    0.139451    7.469631
    0.626866    0.852977    0.000398   -0.002191    0.007725     -254.598923      217.475432   22.178594    8.162495    0.139451    7.469631
    0.629353    0.852969    0.000440   -0.002329    0.008384     -256.103615      218.731474   22.278177    8.204966    0.139451    7.469631
    0.631841    0.852961    0.000485   -0.002480    0.009109     -257.611009      219.987236   22.377760    8.247436    0.139451    7.469631
    0.634328    0.852951    0.000532   -0.002644    0.009901     -259.121376      221.242689   22.477342    8.289905    0.139451    7.469631
    0.636816    0.852941    0.000583   -0.002821    0.010765     -260.635007      222.497803   22.576922    8.332374    0.139451    7.469631
    0.639303    0.852929    0.000637   -0.003014    0.011705     -262.152211      223.752546   22.676502    8.374841    0.139451    7.469631
    0.641791    0.852917    0.000695   -0.003224    0.012725     -263.673319      225.006883   22.776080    8.417307    0.139451    7.469631
    0.644279    0.852903    0.000757   -0.003452    0.013831     -265.198684      226.260779   22.875656    8.459772    0.139451    7.469631
    0.646766    0.852889    0.000824   -0.003700    0.015027     -266.728682      227.514193   22.975231    8.502235    0.139451    7.469631
    0.649254    0.852873    0.000895   -0.003969    0.016318     -268.263717      228.767083   23.074804    8.544697    0.139451    7.469631
    0.651741    0.852856    0.000971   -0.004262    0.017712     -269.804220      230.019405   23.174375    8.587158    0.139451    7.469631
    0.654229    0.852837    0.001054   -0.004579    0.019215     -271.350654      231.271110   23.273943    8.629616    0.139451    7.469631
    0.656716    0.852816    0.001142   -0.004923    0.020834     -272.903515      232.522147   23.373510    8.672073    0.139451    7.469631
    0.659204    0.852794    0.001237   -0.005296    0.022576     -274.463336      233.772459   23.473074    8.714527    0.139451    7.469631
    0.661692    0.852770    0.001339   -0.005700    0.024449     -276.030689      235.021987   23.572636    8.756979    0.139451    7.469631
    0.664179    0.852744    0.001449   -0.006137    0.026464     -277.606187      236.270666   23.672194    8.799429    0.139451    7.469631
    0.666667    0.852716    0.001567   -0.006610    0.028629     -279.190489      237.518428   23.771750    8.841876    0.139451    7.469631
    0.669154    0.852686    0.001695   -0.007122    0.030954     -280.784303      238.765199   23.871302    8.884320    0.139451    7.469631
    0.671642    0.852653    0.001832   -0.007676    0.033451     -282.388392      240.010897   23.970850    8.926761    0.139451    7.469631
    0.674129    0.852618    0.001980   -0.008273    0.036131     -284.003572      241.255438   24.070394    8.969198    0.139451    7.469631
    0.676617    0.852580    0.002140   -0.008919    0.039007     -285.630724      242.498728   24.169934    9.011632    0.139451    7.469631
    0.679104    0.852538    0.002312   -0.009616    0.042093     -287.270791      243.740668   24.269470    9.054062    0.139451    7.469631
    0.681592    0.852494    0.002497   -0.010367    0.045402     -288.924789      244.981151   24.369000    9.096487    0.139451    7.469631
    0.684080    0.852446    0.002697   -0.011178    0.048951     -290.593808      246.220062   24.468525    9.138908    0.139451    7.469631
    0.686567    0.852393    0.002913   -0.012051    0.052755     -292.279019      247.457276   24.568044    9.181324    0.139451    7.469631
    0.689055    0.852337    0.003146   -0.012992    0.056831     -293.981679      248.692660   24.667557    9.223734    0.139451    7.469631
    0.691542    0.852276    0.003396   -0.014006    0.061199     -295.703137      249.926070   24.767063    9.266139    0.139451    7.469631
    0.694030    0.852211    0.003667   -0.015097    0.065877     -297.444840      251.157353   24.866562    9.308537    0.139451    7.469631
    0.696517    0.852140    0.003958   -0.016270    0.070885     -299.208340      252.386342   24.966052    9.350929    0.139451    7.469631
    0.699005    0.852064    0.004272   -0.017533    0.076247     -300.995299      253.612859   25.065534    9.393313    0.139451    7.469631
    0.701493    0.851981    0.004610   -0.018891    0.081985     -302.807497      254.836713   25.165007    9.435689    0.139451    7.469631
    0.703980    0.851892    0.004975   -0.020350    0.088122     -304.646839      256.057699   25.264470    9.478056    0.139451    7.469631
    0.706468    0.851796    0.005367   -0.021918    0.094684     -306.515364      257.275596   25.363922    9.520415    0.139451    7.469631
    0.708955    0.851692    0.005790   -0.023601    0.101698     -308.415248      258.490168   25.463362    9.562763    0.139451    7.469631
    0.711443    0.851581    0.006245   -0.025409    0.109192     -310.348816      259.701161   25.562790    9.605100    0.139451    7.469631
    0.713930    0.851460    0.006735   -0.027349    0.117195     -312.318548      260.908304   25.662204    9.647426    0.139451    7.469631
    0.716418    0.851330    0.007262   -0.029430    0.125737     -314.327085      262.111308   25.761604    9.689739    0.139451    7.469631
    0.718905    0.851190    0.007829   -0.031662    0.134850     -316.377241      263.309860   25.860987    9.732039    0.139451    7.469631
    0.721393    0.851039    0.008440   -0.034054    0.144565     -318.472005      264.503629   25.960354    9.774324    0.139451    7.469631
    0.723881    0.850876    0.009096   -0.036617    0.154918     -320.614555      265.692260   26.059703    9.816593    0.139451    7.469631
    0.726368    0.850701    0.009802   -0.039363    0.165942     -322.808257      266.875375   26.159032    9.858845    0.139451    7.469631
    0.728856    0.850512    0.010560   -0.042302    0.177673     -325.056680      268.052568   26.258339    9.901079    0.139451    7.469631
    0.731343    0.850308    0.011375   -0.045447    0.190147     -327.363593      269.223410   26.357624    9.943292    0.139451    7.469631
    0.733831    0.850088    0.012250   -0.048810    0.203400     -329.732980      270.387443   26.456884    9.985485    0.139451    7.469631
    0.736318    0.849852    0.013190   -0.052406    0.217471     -332.169033      271.544179   26.556117   10.027654    0.139451    7.469631
    0.738806    0.849598    0.014199   -0.056248    0.232396     -334.676166      272.693101   26.655322   10.069799    0.139451    7.469631
    0.741294    0.849324    0.015282   -0.060352    0.248211     -337.259008      273.833660   26.754495   10.111916    0.139451    7.469631
    0.743781    0.849029    0.016444   -0.064731    0.264953     -339.922407      274.965274   26.853636   10.154005    0.139451    7.469631
    0.746269    0.848712    0.017690   -0.069402    0.282658     -342.671425      276.087328   26.952741   10.196063    0.139451    7.469631
    0.748756    0.848372    0.019025   -0.074382    0.301359     -345.511335      277.199173   27.051808   10.238087    0.139451    7.469631
    0.751244    0.848005    0.020456   -0.079687    0.321089     -348.447614      278.300121   27.150833   10.280075    0.139451    7.469631
    0.753731    0.847611    0.021988   -0.085335    0.341878     -351.485930      279.389451   27.249814   10.322024    0.139451    7.469631
    0.756219    0.847187    0.023629   -0.091343    0.363752     -354.632129      280.466403   27.348747   10.363931    0.139451    7.469631
    0.758706    0.846732    0.025385   -0.097731    0.386735     -357.892219      281.530180   27.447629   10.405793    0.139451    7.469631
    0.761194    0.846243    0.027264   -0.104515    0.410845     -361.272342      282.579948   27.546456   10.447607    0.139451    7.469631
    0.763682    0.845718    0.029272   -0.111716    0.436098     -364.778754      283.614835   27.645224   10.489368    0.139451    7.469631
    0.766169    0.845155    0.031418   -0.119351    0.462501     -368.417787      284.633932   27.743928   10.531073    0.139451    7.469631
    0.768657    0.844550    0.033710   -0.127441    0.490055     -372.195813      285.636294   27.842564   10.572717    0.139451    7.469631
    0.771144    0.843901    0.036157   -0.136003    0.518756     -376.119202      286.620941   27.941127   10.614297    0.139451    7.469631
    0.773632    0.843206    0.038767   -0.145057    0.548587     -380.194269      287.586858   28.039611   10.655806    0.139451    7.469631
    0.776119    0.842460    0.041551   -0.154620    0.579527     -384.427217      288.533002   28.138012   10.697241    0.139451    7.469631
    0.778607    0.841661    0.044517   -0.164709    0.611541     -388.824080      289.458298   28.236322   10.738594    0.139451    7.469631
    0.781095    0.840805    0.047675   -0.175343    0.644584     -393.390645      290.361648   28.334535   10.779861    0.139451    7.469631
    0.783582    0.839888    0.051036   -0.186536    0.678600     -398.132385      291.241931   28.432646   10.821034    0.139451    7.469631
    0.786070    0.838908    0.054611   -0.198303    0.713519     -403.054369      292.098011   28.530645   10.862107    0.139451    7.469631
    0.788557    0.837859    0.058409   -0.210657    0.749260     -408.161183      292.928737   28.628526   10.903073    0.139451    7.469631
    0.791045    0.836737    0.062443   -0.223611    0.785726     -413.456829      293.732954   28.726281   10.943924    0.139451    7.469631
    0.793532    0.835538    0.066723   -0.237174    0.822806     -418.944639      294.509506   28.823899   10.984650    0.139451    7.469631
    0.796020    0.834258    0.071261   -0.251353    0.860378     -424.627169      295.257245   28.921374   11.025244    0.139451    7.469631
    0.798507    0.832890    0.076068   -0.266154    0.898303     -430.506105      295.975038   29.018693   11.065696    0.139451    7.469631
    0.800995    0.831432    0.081155   -0.281579    0.936428     -436.582162      296.661774   29.115848   11.105996    0.139451    7.469631
    0.803483    0.829876    0.086536   -0.297630    0.974588     -442.854992      297.316375   29.212827   11.146133    0.139451    7.469631
    0.805970    0.828218    0.092220   -0.314301    1.012605     -449.323089      297.937803   29.309619   11.186096    0.139451    7.469631
    0.808458    0.826452    0.098220   -0.331589    1.050292     -455.983711      298.525071   29.406210   11.225872    0.139451    7.469631
    0.810945    0.824572    0.104546   -0.349481    1.087448     -462.832807      299.077254   29.502589   11.265449    0.139451    7.469631
    0.813433    0.822572    0.111211   -0.367967    1.123869     -469.864953      299.593493   29.598741   11.304814    0.139451    7.469631
    0.815920    0.820445    0.118224   -0.387028    1.159341     -477.073310      300.073011   29.694653   11.343951    0.139451    7.469631
    0.818408    0.818186    0.125597   -0.406645    1.193650     -484.449600      300.515120   29.790308   11.382847    0.139451    7.469631
    0.820896    0.815788    0.133340   -0.426793    1.226579     -491.984092      300.919228   29.885692   11.421486    0.139451    7.469631
    0.823383    0.813243    0.141461   -0.447444    1.257914     -499.665621      301.284851   29.980787   11.459850    0.139451    7.469631
    0.825871    0.810546    0.149971   -0.468568    1.287446     -507.481621      301.611616   30.075577   11.497922    0.139451    7.469631
    0.828358    0.807689    0.158877   -0.490130    1.314975     -515.418191      301.899273   30.170042   11.535685    0.139451    7.469631
    0.830846    0.804664    0.168187   -0.512091    1.340310     -523.460176      302.147693   30.264164   11.573119    0.139451    7.469631
    0.833333    0.801465    0.177910   -0.534412    1.363275     -531.591276      302.356879   30.357923   11.610204    0.139451    7.469631
    0.835821    0.798085    0.188049   -0.557047    1.383712     -539.794178      302.526965   30.451297   11.646921    0.139451    7.469631
    0.838308    0.794516    0.198612   -0.579952    1.401482     -548.050706      302.658216   30.544266   11.683248    0.139451    7.469631
    0.840796    0.790750    0.209603   -0.603078    1.416466     -556.341992      302.751030   30.636807   11.719164    0.139451    7.469631
    0.843284    0.786781    0.221025   -0.626376    1.428573     -564.648659      302.805936   30.728897   11.754645    0.139451    7.469631
    0.845771    0.782601    0.232881   -0.649795    1.437732     -572.951015      302.823585   30.820511   11.789668    0.139451    7.469631
    0.848259    0.778202    0.245174   -0.673285    1.443904     -581.229257      302.804753   30.911624   11.824211    0.139451    7.469631
    0.850746    0.773578    0.257902   -0.696792    1.447071     -589.463674      302.750325   31.002211   11.858249    0.139451    7.469631
    0.853234    0.768721    0.271068   -0.720267    1.447248     -597.634850      302.661295   31.092244   11.891757    0.139451    7.469631
    0.855721    0.763625    0.284669   -0.743658    1.444472     -605.723859      302.538751   31.181696   11.924712    0.139451    7.469631
    0.858209    0.758282    0.298703   -0.766917    1.438807     -613.712452      302.383867   31.270539   11.957088    0.139451    7.469631
    0.860697    0.752687    0.313168   -0.789995    1.430342     -621.583226      302.197893   31.358744   11.988861    0.139451    7.469631
    0.863184    0.746832    0.328060   -0.812847    1.419188     -629.319779      301.982141   31.446280   12.020006    0.139451    7.469631
    0.865672    0.740711    0.343374   -0.835431    1.405474     -636.906844      301.737972   31.533117   12.050498    0.139451    7.469631
    0.868159    0.734318    0.359104   -0.857704    1.389349     -644.330397      301.466788   31.619223   12.080313    0.139451    7.469631
    0.870647    0.727649    0.375246   -0.879629    1.370978     -651.577747      301.170017   31.704568   12.109428    0.139451    7.469631
    0.873134    0.720697    0.391791   -0.901172    1.350534     -658.637598      300.849102   31.789117   12.137819    0.139451    7.469631
    0.875622    0.713457    0.408733   -0.922302    1.328204     -665.500091      300.505488   31.872838   12.165466    0.139451    7.469631
    0.878109    0.705925    0.426063   -0.942990    1.304178     -672.156819      300.140613   31.955696   12.192345    0.139451    7.469631
    0.880597    0.698097    0.443774   -0.963212    1.278653     -678.600819      299.755898   32.037658   12.218437    0.139451    7.469631
    0.883085    0.689968    0.461855   -0.982947    1.251823     -684.826553      299.352737   32.118689   12.243724    0.139451    7.469631
    0.885572    0.681536    0.480299   -1.002178    1.223885     -690.829862      298.932489   32.198752   12.268188    0.139451    7.469631
    0.888060    0.672797    0.499096   -1.020891    1.195030     -696.607907      298.496471   32.277814   12.291812    0.139451    7.469631
    0.890547    0.663748    0.518235   -1.039074    1.165444     -702.159101      298.045950   32.355837   12.314584    0.139451    7.469631
    0.893035    0.654388    0.537707   -1.056719    1.135305     -707.483025      297.582139   32.432785   12.336490    0.139451    7.469631
    0.895522    0.644714    0.557501   -1.073823    1.104784     -712.580341      297.106195   32.508623   12.357520    0.139451    7.469631
    0.898010    0.634726    0.577609   -1.090384    1.074042     -717.452696      296.619208   32.583313   12.377667    0.139451    7.469631
    0.900498    0.624422    0.598019   -1.106401    1.043227     -722.102627      296.122209   32.656818   12.396924    0.139451    7.469631
    0.902985    0.613803    0.618722   -1.121878    1.012479     -726.533461      295.616157   32.729102   12.415287    0.139451    7.469631
    0.905473    0.602869    0.639708   -1.136820    0.981923     -730.749220      295.101946   32.800127   12.432755    0.139451    7.469631
    0.907960    0.591619    0.660966   -1.151235    0.951676     -734.754522      294.580404   32.869858   12.449330    0.139451    7.469631
    0.910448    0.580056    0.682487   -1.165130    0.921839     -738.554490      294.052286   32.938257   12.465015    0.139451    7.469631
    0.912935    0.568180    0.704262   -1.178518    0.892505     -742.154669      293.518283   33.005288   12.479815    0.139451    7.469631
    0.915423    0.555995    0.726280   -1.191409    0.863752     -745.560939      292.979020   33.070914   12.493741    0.139451    7.469631
    0.917910    0.543502    0.748534   -1.203817    0.835650     -748.779441      292.435057   33.135099   12.506803    0.139451    7.469631
    0.920398    0.530705    0.771014   -1.215756    0.808257     -751.816510      291.886889   33.197808   12.519014    0.139451    7.469631
    0.922886    0.517606    0.793712   -1.227239    0.781621     -754.678605      291.334952   33.259006   12.530392    0.139451    7.469631
    0.925373    0.504211    0.816618   -1.238283    0.755780     -757.372260      290.779624   33.318657   12.540954    0.139451    7.469631
    0.927861    0.490523    0.839727   -1.248903    0.730765     -759.904027      290.221224   33.376727   12.550721    0.139451    7.469631
    0.930348    0.476547    0.863028   -1.259115    0.706598     -762.280433      289.660018   33.433182   12.559717    0.139451    7.469631
    0.932836    0.462288    0.886516   -1.268936    0.683290     -764.507945      289.096222   33.487988   12.567967    0.139451    7.469631
    0.935323    0.447752    0.910182   -1.278382    0.660850     -766.592931      288.529999   33.541114   12.575498    0.139451    7.469631
    0.937811    0.432946    0.934021   -1.287470    0.639275     -768.541635      287.961469   33.592527   12.582339    0.139451    7.469631
    0.940299    0.417875    0.958026   -1.296215    0.618557     -770.360153      287.390704   33.642196   12.588521    0.139451    7.469631
    0.942786    0.402547    0.982190   -1.304633    0.598682     -772.054416      286.817737   33.690090   12.594075    0.139451    7.469631
    0.945274    0.386969    1.006507   -1.312741    0.579627     -773.630168      286.242558   33.736180   12.599036    0.139451    7.469631
    0.947761    0.371149    1.030972   -1.320554    0.561363     -775.092962      285.665122   33.780437   12.603437    0.139451    7.469631
    0.950249    0.355094    1.055580   -1.328085    0.543852     -776.448149      285.085344   33.822833   12.607314    0.139451    7.469631
    0.952736    0.338814    1.080325   -1.335351    0.527047     -777.700866      284.503110   33.863342   12.610702    0.139451    7.469631
    0.955224    0.322316    1.105203   -1.342363    0.510891     -778.856044      283.918270   33.901937   12.613639    0.139451    7.469631
    0.957711    0.305610    1.130209   -1.349134    0.495313     -779.918394      283.330647   33.938594   12.616160    0.139451    7.469631
    0.960199    0.288706    1.155339   -1.355677    0.480225     -780.892417      282.740032   33.973289   12.618301    0.139451    7.469631
    0.962687    0.271613    1.180588   -1.362000    0.465521     -781.782402      282.146192   34.005999   12.620099    0.139451    7.469631
    0.965174    0.254340    1.205953   -1.368113    0.451068     -782.592428      281.548867   34.036703   12.621589    0.139451    7.469631
    0.967662    0.236900    1.231429   -1.374022    0.436702     -783.326370      280.947773   34.065380   12.622805    0.139451    7.469631
    0.970149    0.219301    1.257013   -1.379732    0.422216     -783.987905      280.342605   34.092012   12.623781    0.139451    7.469631
    0.972637    0.201556    1.282702   -1.385242    0.407348     -784.580518      279.733035   34.116581   12.624549    0.139451    7.469631
    0.975124    0.183674    1.308491   -1.390551    0.391767     -785.107507      279.118717   34.139070   12.625139    0.139451    7.469631
    0.977612    0.165668    1.334377   -1.395649    0.375049     -785.571993      278.499284   34.159464   12.625579    0.139451    7.469631
    0.980100    0.147549    1.360355   -1.400522    0.356649     -785.976927      277.874354   34.177749   12.625898    0.139451    7.469631
    0.982587    0.129330    1.386422   -1.405145    0.335867     -786.325102      277.243528   34.193912   12.626118    0.139451    7.469631
    0.985075    0.111021    1.412572   -1.409485    0.311796     -786.619161      276.606393   34.207943   12.626263    0.139451    7.469631
    0.987562    0.092636    1.438800   -1.413490    0.283255     -786.861612      275.962521   34.219832   12.626351    0.139451    7.469631
    0.990050    0.074186    1.465098   -1.417090    0.248713     -787.054842      275.311473   34.229571   12.626400    0.139451    7.469631
    0.992537    0.055685    1.491459   -1.420190    0.206166     -787.201138      274.652798   34.237153   12.626423    0.139451    7.469631
    0.995025    0.037145    1.517872   -1.422659    0.152997     -787.302722      273.986037   34.242572   12.626431    0.139451    7.469631
    0.997512    0.018579    1.544323   -1.424320    0.085776     -787.361811      273.310721   34.245825   12.626433    0.139451    7.469631
    1.000000   -0.000000    1.570796   -1.424939    0.000000     -787.380811      272.626373   34.246910   12.626434    0.139451    7.469631
