           t           r         psi          cs          qs               p             sig           A           V          Q2           S
    0.000000    0.000000   -1.570796   -0.848602    0.000000    -1467.819315      882.418093    0.000000    0.000000    0.189509    3.586544
    0.009804    0.035157   -1.540892   -0.853852    0.357516    -1468.206634      871.352823    0.003884    0.000001    0.189509    3.586544
    0.019608    0.070282   -1.510678   -0.865350    0.527771    -1469.434712      860.598389    0.015532    0.000016    0.189509    3.586544
    0.029412    0.105343   -1.480002   -0.879895    0.624890    -1471.598330      850.133140    0.034934    0.000083    0.189509    3.586544
    0.039216    0.140305   -1.448778   -0.896341    0.694509    -1474.802736      839.937457    0.062072    0.000264    0.189509    3.586544
    0.049020    0.175132   -1.416949   -0.914348    0.755739    -1479.168436      829.994055    0.096920    0.000646    0.189509    3.586544
    0.058824    0.209786   -1.384459   -0.933903    0.817179    -1484.834179      820.288347    0.139443    0.001344    0.189509    3.586544
    0.068627    0.244225   -1.351253   -0.955140    0.883167    -1491.959988      810.808893    0.189600    0.002498    0.189509    3.586544
    0.078431    0.278407   -1.317267   -0.978273    0.956278    -1500.730433      801.547963    0.247338    0.004274    0.189509    3.586544
    0.088235    0.312286   -1.282431   -1.003571    1.038340    -1511.358182      792.502240    0.312595    0.006861    0.189509    3.586544
    0.098039    0.345811   -1.246663   -1.031345    1.130841    -1524.087751      783.673708    0.385299    0.010477    0.189509    3.586544
    0.107843    0.378930   -1.209869   -1.061946    1.235058    -1539.199261      775.070778    0.465366    0.015359    0.189509    3.586544
    0.117647    0.411584   -1.171945   -1.095762    1.352045    -1557.011850      766.709709    0.552699    0.021770    0.189509    3.586544
    0.127451    0.443712   -1.132768   -1.133208    1.482497    -1577.886098      758.616414    0.647190    0.029991    0.189509    3.586544
    0.137255    0.475246   -1.092205   -1.174717    1.626499    -1602.224400      750.828734    0.748714    0.040322    0.189509    3.586544
    0.147059    0.506109   -1.050104   -1.220711    1.783120    -1630.467575      743.399302    0.857133    0.053078    0.189509    3.586544
    0.156863    0.536222   -1.006302   -1.271566    1.949816    -1663.085049      736.399089    0.972289    0.068585    0.189509    3.586544
    0.166667    0.565492   -0.960622   -1.327547    2.121595    -1700.554555      729.921759    1.094007    0.087174    0.189509    3.586544
    0.176471    0.593821   -0.912882   -1.388711    2.289917    -1743.325552      724.088868    1.222089    0.109177    0.189509    3.586544
    0.186275    0.621099   -0.862904   -1.454776    2.441373    -1791.758363      719.055843    1.356316    0.134916    0.189509    3.586544
    0.196078    0.647207   -0.810528   -1.524938    2.556303    -1846.029145      715.018467    1.496442    0.164691    0.189509    3.586544
    0.205882    0.672015   -0.755634   -1.597646    2.607716    -1905.990160      712.219142    1.642196    0.198770    0.189509    3.586544
    0.215686    0.695385   -0.698174   -1.670359    2.561223    -1970.978286      710.951607    1.793274    0.237372    0.189509    3.586544
    0.225490    0.717173   -0.638210   -1.739313    2.376961    -2039.576138      711.561835    1.949343    0.280642    0.189509    3.586544
    0.235294    0.737234   -0.575961   -1.799411    2.014690    -2109.355026      714.441774    2.110037    0.328639    0.189509    3.586544
    0.245098    0.755430   -0.511845   -1.844332    1.442817    -2176.669865      720.011710    2.274960    0.381311    0.189509    3.586544
    0.254902    0.771641   -0.446520   -1.866993    0.650809    -2236.626079      728.687224    2.443686    0.438480    0.189509    3.586544
    0.264706    0.785773   -0.380893   -1.860451   -0.337948    -2283.369969      740.829015    2.615765    0.499838    0.189509    3.586544
    0.274510    0.797775   -0.316094   -1.819163   -1.458280    -2310.817964      756.679337    2.790732    0.564952    0.189509    3.586544
    0.284314    0.807643   -0.253403   -1.740357   -2.606596    -2313.793071      776.296714    2.968114    0.633290    0.189509    3.586544
    0.294118    0.815433   -0.194133   -1.625067   -3.658608    -2289.301140      799.507664    3.147445    0.704255    0.189509    3.586544
    0.303922    0.821255   -0.139490   -1.478388   -4.497633    -2237.487488      825.894936    3.328277    0.777230    0.189509    3.586544
    0.313725    0.825271   -0.090436   -1.308772   -5.042989    -2161.843456      854.832554    3.510192    0.851629    0.189509    3.586544
    0.323529    0.827677   -0.047600   -1.126523   -5.266702    -2068.533967      885.561483    3.692813    0.926923    0.189509    3.586544
    0.333333    0.828692   -0.011240   -0.942025   -5.192691    -1965.115669      917.284797    3.875808    1.002674    0.189509    3.586544
    0.343137    0.828542    0.018727   -0.764241   -4.881505    -1859.142384      949.256431    4.058894    1.078533    0.189509    3.586544
    0.352941    0.827446    0.042663   -0.599828   -4.409351    -1757.092816      980.844358    4.241839    1.154239    0.189509    3.586544
    0.362745    0.825607    0.061116   -0.452933   -3.849884    -1663.812234     1011.561486    4.424456    1.229609    0.189509    3.586544
    0.372549    0.823208    0.074743   -0.325469   -3.263125    -1582.423748     1041.068370    4.606602    1.304518    0.189509    3.586544
    0.382353    0.820404    0.084235   -0.217650   -2.691584    -1514.544494     1069.157208    4.788170    1.378890    0.189509    3.586544
    0.392157    0.817331    0.090269   -0.128552   -2.161364    -1460.634522     1095.726851    4.969087    1.452681    0.189509    3.586544
    0.401961    0.814098    0.093477   -0.056609   -1.685621    -1420.356179     1120.756102    5.149305    1.525874    0.189509    3.586544
    0.411765    0.810793    0.094429    0.000030   -1.268506    -1392.880125     1144.279581    5.328800    1.598467    0.189509    3.586544
    0.421569    0.807488    0.093632    0.043263   -0.908557    -1377.117215     1166.367950    5.507563    1.670468    0.189509    3.586544
    0.431373    0.804234    0.091523    0.074891   -0.601242    -1371.879667     1187.112800    5.685601    1.741897    0.189509    3.586544
    0.441176    0.801071    0.088482    0.096553   -0.340649    -1375.984852     1206.615669    5.862929    1.812774    0.189509    3.586544
    0.450980    0.798027    0.084833    0.109691   -0.120532    -1388.316849     1224.980410    6.039572    1.883125    0.189509    3.586544
    0.460784    0.795116    0.080853    0.115557    0.065112    -1407.858996     1242.308095    6.215556    1.952976    0.189509    3.586544
    0.470588    0.792348    0.076779    0.115221    0.221760    -1433.707634     1258.693745    6.390913    2.022352    0.189509    3.586544
    0.480392    0.789721    0.072812    0.109590    0.354258    -1465.074345     1274.224358    6.565674    2.091279    0.189509    3.586544
    0.490196    0.787229    0.069125    0.099432    0.466821    -1501.281596     1288.977799    6.739870    2.159780    0.189509    3.586544
    0.500000    0.784859    0.065865    0.085390    0.563078    -1541.754984     1303.022254    6.913529    2.227876    0.189509    3.586544
    0.509804    0.782594    0.063159    0.067998    0.646138    -1586.014003     1316.416066    7.086676    2.295584    0.189509    3.586544
    0.519608    0.780412    0.061117    0.047703    0.718658    -1633.662465     1329.207785    7.259333    2.362919    0.189509    3.586544
    0.529412    0.778289    0.059834    0.024871    0.782915    -1684.379144     1341.436368    7.431515    2.429892    0.189509    3.586544
    0.539216    0.776197    0.059394   -0.000202    0.840852    -1737.908850     1353.131466    7.603231    2.496506    0.189509    3.586544
    0.549020    0.774104    0.059872   -0.027276    0.894132    -1794.053954     1364.313777    7.774486    2.562763    0.189509    3.586544
    0.558824    0.771978    0.061334   -0.056165    0.944164    -1852.666234     1374.995456    7.945275    2.628656    0.189509    3.586544
    0.568627    0.769781    0.063841   -0.086727    0.992129    -1913.638845     1385.180587    8.115588    2.694173    0.189509    3.586544
    0.578431    0.767478    0.067451   -0.118856    1.038998    -1976.898221     1394.865727    8.285404    2.759297    0.189509    3.586544
    0.588235    0.765028    0.072217   -0.152479    1.085530    -2042.395692     1404.040539    8.454696    2.824001    0.189509    3.586544
    0.598039    0.762390    0.078191   -0.187546    1.132283    -2110.098686     1412.688532    8.623426    2.888251    0.189509    3.586544
    0.607843    0.759520    0.085423   -0.224028    1.179601    -2179.981421     1420.787919    8.791549    2.952007    0.189509    3.586544
    0.617647    0.756375    0.093962   -0.261903    1.227623    -2252.015134     1428.312605    8.959008    3.015217    0.189509    3.586544
    0.627451    0.752906    0.103857   -0.301157    1.276270    -2326.157981     1435.233309    9.125738    3.077823    0.189509    3.586544
    0.637255    0.749068    0.115157   -0.341773    1.325254    -2402.344896     1441.518800    9.291661    3.139756    0.189509    3.586544
    0.647059    0.744809    0.127908   -0.383725    1.374085    -2480.477835     1447.137247    9.456691    3.200939    0.189509    3.586544
    0.656863    0.740080    0.142157   -0.426971    1.422090    -2560.416941     1452.057631    9.620729    3.261283    0.189509    3.586544
    0.666667    0.734828    0.157949   -0.471449    1.468436    -2641.973255     1456.251178    9.783665    3.320692    0.189509    3.586544
    0.676471    0.729001    0.175325   -0.517070    1.512175    -2724.903621     1459.692765    9.945378    3.379057    0.189509    3.586544
    0.686275    0.722544    0.194323   -0.563721    1.552285    -2808.908403     1462.362222   10.105736    3.436263    0.189509    3.586544
    0.696078    0.715403    0.214978   -0.611253    1.587728    -2893.632464     1464.245467   10.264592    3.492184    0.189509    3.586544
    0.705882    0.707524    0.237318   -0.659494    1.617510    -2978.669691     1465.335412   10.421790    3.546687    0.189509    3.586544
    0.715686    0.698852    0.261363   -0.708242    1.640737    -3063.571024     1465.632575   10.577161    3.599633    0.189509    3.586544
    0.725490    0.689334    0.287128   -0.757273    1.656673    -3147.855665     1465.145370   10.730523    3.650875    0.189509    3.586544
    0.735294    0.678919    0.314618   -0.806347    1.664787    -3231.024822     1463.890045   10.881685    3.700267    0.189509    3.586544
    0.745098    0.667556    0.343831   -0.855215    1.664782    -3312.577078     1461.890279   11.030441    3.747661    0.189509    3.586544
    0.754902    0.655198    0.374755   -0.903626    1.656614    -3392.024311     1459.176465   11.176579    3.792911    0.189509    3.586544
    0.764706    0.641800    0.407370   -0.951335    1.640494    -3468.907046     1455.784722   11.319871    3.835875    0.189509    3.586544
    0.774510    0.627323    0.441646   -0.998112    1.616871    -3542.808185     1451.755715   11.460085    3.876425    0.189509    3.586544
    0.784314    0.611730    0.477548   -1.043747    1.586402    -3613.364257     1447.133342   11.596979    3.914440    0.189509    3.586544
    0.794118    0.594992    0.515032   -1.088057    1.549912    -3680.273587     1441.963381   11.730301    3.949820    0.189509    3.586544
    0.803922    0.577084    0.554048   -1.130889    1.508352    -3743.301115     1436.292157   11.859796    3.982484    0.189509    3.586544
    0.813725    0.557987    0.594542   -1.172122    1.462743    -3802.279865     1430.165296   11.985204    4.012374    0.189509    3.586544
    0.823529    0.537691    0.636457   -1.211671    1.414138    -3857.109383     1423.626618   12.106261    4.039462    0.189509    3.586544
    0.833333    0.516190    0.679732   -1.249482    1.363574    -3907.751592     1416.717188   12.222700    4.063747    0.189509    3.586544
    0.843137    0.493488    0.724305   -1.285535    1.312042    -3954.224691     1409.474561   12.334257    4.085262    0.189509    3.586544
    0.852941    0.469597    0.770115   -1.319837    1.260456    -3996.595729     1401.932196   12.440666    4.104071    0.189509    3.586544
    0.862745    0.444535    0.817102   -1.352424    1.209639    -4034.972466     1394.119061   12.541667    4.120272    0.189509    3.586544
    0.872549    0.418329    0.865204   -1.383353    1.160307    -4069.495063     1386.059383   12.637004    4.133996    0.189509    3.586544
    0.882353    0.391015    0.914367   -1.412702    1.113067    -4100.328045     1377.772542   12.726429    4.145402    0.189509    3.586544
    0.892157    0.362635    0.964534   -1.440564    1.068411    -4127.652847     1369.273078   12.809700    4.154677    0.189509    3.586544
    0.901961    0.333242    1.015657   -1.467044    1.026711    -4151.661179     1360.570787   12.886588    4.162030    0.189509    3.586544
    0.911765    0.302893    1.067689   -1.492259    0.988213    -4172.549303     1351.670886   12.956876    4.167686    0.189509    3.586544
    0.921569    0.271655    1.120586   -1.516330    0.953007    -4190.513284     1342.574237   13.020360    4.171883    0.189509    3.586544
    0.931373    0.239602    1.174312   -1.539384    0.920949    -4205.745188     1333.277601   13.076850    4.174861    0.189509    3.586544
    0.941176    0.206814    1.228832   -1.561543    0.891475    -4218.430170     1323.773931   13.126176    4.176859    0.189509    3.586544
    0.950980    0.173379    1.284117   -1.582917    0.863117    -4228.744397     1314.052682   13.168185    4.178103    0.189509    3.586544
    0.960784    0.139392    1.340141   -1.603573    0.832200    -4236.853763     1304.100145   13.202745    4.178802    0.189509    3.586544
    0.970588    0.104952    1.396878   -1.623448    0.789227    -4242.913399     1293.899796   13.229744    4.179140    0.189509    3.586544
    0.980392    0.070165    1.454295   -1.642096    0.708437    -4247.068219     1283.432675   13.249094    4.179268    0.189509    3.586544
    0.990196    0.035142    1.512326   -1.657910    0.516802    -4249.455428     1272.677775   13.260730    4.179298    0.189509    3.586544
    1.000000    0.000000    1.570796   -1.665708    0.000000    -4250.213960     1261.612471   13.264613    4.179300    0.189509    3.586544
