           t           r         psi          cs          qs               p             sig           A           V          Q2           S
    0.000000    0.000000   -1.570796   -1.048784    0.000000       26.709048       -8.407374    0.000000   -0.000000    0.198229    6.278651
    0.002488    0.015618   -1.554414   -1.049197    0.070315       26.708141       -8.455523    0.000766    0.000000    0.198229    6.278651
    0.004975    0.031231   -1.538018   -1.050426    0.139465       26.705340       -8.503034    0.003065    0.000001    0.198229    6.278651
    0.007463    0.046837   -1.521597   -1.052456    0.207343       26.700548       -8.549927    0.006896    0.000004    0.198229    6.278651
    0.009950    0.062429   -1.505139   -1.055270    0.273841       26.693676       -8.596220    0.012257    0.000013    0.198229    6.278651
    0.012438    0.078005   -1.488630   -1.058851    0.338848       26.684633       -8.641931    0.019148    0.000031    0.198229    6.278651
    0.014925    0.093560   -1.472059   -1.063179    0.402253       26.673326       -8.687076    0.027567    0.000064    0.198229    6.278651
    0.017413    0.109089   -1.455415   -1.068235    0.463943       26.659654       -8.731671    0.037510    0.000118    0.198229    6.278651
    0.019900    0.124587   -1.438687   -1.073995    0.523806       26.643512       -8.775733    0.048976    0.000201    0.198229    6.278651
    0.022388    0.140052   -1.421863   -1.080437    0.581729       26.624787       -8.819274    0.061962    0.000321    0.198229    6.278651
    0.024876    0.155477   -1.404934   -1.087537    0.637598       26.603359       -8.862309    0.076463    0.000490    0.198229    6.278651
    0.027363    0.170859   -1.387889   -1.095267    0.691301       26.579101       -8.904849    0.092475    0.000717    0.198229    6.278651
    0.029851    0.186192   -1.370718   -1.103602    0.742723       26.551877       -8.946905    0.109995    0.001015    0.198229    6.278651
    0.032338    0.201471   -1.353412   -1.112511    0.791753       26.521541       -8.988487    0.129017    0.001398    0.198229    6.278651
    0.034826    0.216692   -1.335963   -1.121964    0.838278       26.487940       -9.029603    0.149536    0.001879    0.198229    6.278651
    0.037313    0.231849   -1.318363   -1.131931    0.882188       26.450912       -9.070261    0.171545    0.002475    0.198229    6.278651
    0.039801    0.246937   -1.300603   -1.142377    0.923371       26.410283       -9.110466    0.195038    0.003203    0.198229    6.278651
    0.042289    0.261951   -1.282676   -1.153270    0.961720       26.365870       -9.150221    0.220008    0.004079    0.198229    6.278651
    0.044776    0.276885   -1.264576   -1.164572    0.997125       26.317480       -9.189530    0.246448    0.005122    0.198229    6.278651
    0.047264    0.291733   -1.246296   -1.176248    1.029480       26.264909       -9.228391    0.274349    0.006353    0.198229    6.278651
    0.049751    0.306490   -1.227832   -1.188259    1.058682       26.207942       -9.266804    0.303703    0.007792    0.198229    6.278651
    0.052239    0.321149   -1.209177   -1.200565    1.084627       26.146354       -9.304764    0.334500    0.009461    0.198229    6.278651
    0.054726    0.335704   -1.190328   -1.213125    1.107214       26.079908       -9.342266    0.366731    0.011381    0.198229    6.278651
    0.057214    0.350150   -1.171281   -1.225898    1.126346       26.008358       -9.379300    0.400385    0.013575    0.198229    6.278651
    0.059701    0.364479   -1.152034   -1.238841    1.141925       25.931445       -9.415856    0.435450    0.016069    0.198229    6.278651
    0.062189    0.378686   -1.132583   -1.251908    1.153858       25.848901       -9.451918    0.471916    0.018885    0.198229    6.278651
    0.064677    0.392763   -1.112927   -1.265054    1.162055       25.760449       -9.487470    0.509770    0.022048    0.198229    6.278651
    0.067164    0.406703   -1.093066   -1.278233    1.166428       25.665803       -9.522491    0.548999    0.025585    0.198229    6.278651
    0.069652    0.420500   -1.072999   -1.291395    1.166893       25.564668       -9.556957    0.589588    0.029520    0.198229    6.278651
    0.072139    0.434147   -1.052727   -1.304493    1.163369       25.456744       -9.590839    0.631525    0.033879    0.198229    6.278651
    0.074627    0.447636   -1.032251   -1.317476    1.155780       25.341725       -9.624107    0.674792    0.038688    0.198229    6.278651
    0.077114    0.460960   -1.011574   -1.330293    1.144053       25.219301       -9.656722    0.719376    0.043973    0.198229    6.278651
    0.079602    0.474112   -0.990698   -1.342892    1.128120       25.089165       -9.688644    0.765259    0.049759    0.198229    6.278651
    0.082090    0.487084   -0.969627   -1.355219    1.107917       24.951009       -9.719826    0.812423    0.056072    0.198229    6.278651
    0.084577    0.499870   -0.948367   -1.367221    1.083389       24.804534       -9.750218    0.860852    0.062936    0.198229    6.278651
    0.087065    0.512461   -0.926921   -1.378843    1.054482       24.649447       -9.779762    0.910525    0.070376    0.198229    6.278651
    0.089552    0.524850   -0.905298   -1.390029    1.021153       24.485473       -9.808396    0.961425    0.078414    0.198229    6.278651
    0.092040    0.537030   -0.883503   -1.400722    0.983363       24.312356       -9.836049    1.013530    0.087074    0.198229    6.278651
    0.094527    0.548993   -0.861546   -1.410866    0.941083       24.129865       -9.862646    1.066820    0.096377    0.198229    6.278651
    0.097015    0.560732   -0.839435   -1.420403    0.894292       23.937805       -9.888104    1.121272    0.106343    0.198229    6.278651
    0.099502    0.572239   -0.817181   -1.429274    0.842978       23.736017       -9.912333    1.176866    0.116991    0.198229    6.278651
    0.101990    0.583508   -0.794793   -1.437421    0.787141       23.524396       -9.935236    1.233577    0.128338    0.198229    6.278651
    0.104478    0.594531   -0.772284   -1.444786    0.726791       23.302892       -9.956708    1.291382    0.140399    0.198229    6.278651
    0.106965    0.605302   -0.749666   -1.451308    0.661953       23.071525       -9.976637    1.350256    0.153189    0.198229    6.278651
    0.109453    0.615814   -0.726954   -1.456929    0.592665       22.830394       -9.994902    1.410175    0.166719    0.198229    6.278651
    0.111940    0.626060   -0.704161   -1.461590    0.518980       22.579687      -10.011377    1.471112    0.180999    0.198229    6.278651
    0.114428    0.636034   -0.681303   -1.465233    0.440971       22.319694      -10.025924    1.533042    0.196037    0.198229    6.278651
    0.116915    0.645731   -0.658397   -1.467799    0.358726       22.050819      -10.038404    1.595937    0.211837    0.198229    6.278651
    0.119403    0.655145   -0.635460   -1.469231    0.272357       21.773587      -10.048665    1.659769    0.228403    0.198229    6.278651
    0.121891    0.664270   -0.612509   -1.469473    0.181995       21.488659      -10.056554    1.724511    0.245736    0.198229    6.278651
    0.124378    0.673102   -0.589564   -1.468471    0.087799       21.196839      -10.061911    1.790135    0.263832    0.198229    6.278651
    0.126866    0.681637   -0.566645   -1.466171   -0.010049       20.899081      -10.064572    1.856610    0.282689    0.198229    6.278651
    0.129353    0.689869   -0.543772   -1.462522   -0.111340       20.596495      -10.064371    1.923909    0.302299    0.198229    6.278651
    0.131841    0.697797   -0.520967   -1.457475   -0.215835       20.290347      -10.061139    1.992000    0.322653    0.198229    6.278651
    0.134328    0.705416   -0.498252   -1.450985   -0.323262       19.982061      -10.054710    2.060854    0.343739    0.198229    6.278651
    0.136816    0.712724   -0.475650   -1.443010   -0.433322       19.673208      -10.044921    2.130440    0.365544    0.198229    6.278651
    0.139303    0.719719   -0.453185   -1.433510   -0.545680       19.365500      -10.031612    2.200729    0.388050    0.198229    6.278651
    0.141791    0.726400   -0.430880   -1.422451   -0.659970       19.060770      -10.014634    2.271688    0.411239    0.198229    6.278651
    0.144279    0.732766   -0.408760   -1.409803   -0.775790       18.760950       -9.993846    2.343288    0.435091    0.198229    6.278651
    0.146766    0.738816   -0.386850   -1.395541   -0.892709       18.468047       -9.969121    2.415496    0.459583    0.198229    6.278651
    0.149254    0.744551   -0.365176   -1.379646   -1.010264       18.184102       -9.940350    2.488283    0.484690    0.198229    6.278651
    0.151741    0.749971   -0.343763   -1.362105   -1.127961       17.911159       -9.907443    2.561618    0.510388    0.198229    6.278651
    0.154229    0.755079   -0.322636   -1.342913   -1.245282       17.651214       -9.870331    2.635469    0.536648    0.198229    6.278651
    0.156716    0.759876   -0.301823   -1.322068   -1.361684       17.406174       -9.828972    2.709806    0.563442    0.198229    6.278651
    0.159204    0.764366   -0.281347   -1.299580   -1.476606       17.177803       -9.783352    2.784598    0.590740    0.198229    6.278651
    0.161692    0.768551   -0.261236   -1.275465   -1.589474       16.967681       -9.733486    2.859816    0.618513    0.198229    6.278651
    0.164179    0.772435   -0.241514   -1.249745   -1.699705       16.777147       -9.679421    2.935431    0.646728    0.198229    6.278651
    0.166667    0.776023   -0.222206   -1.222454   -1.806715       16.607266       -9.621236    3.011411    0.675355    0.198229    6.278651
    0.169154    0.779321   -0.203336   -1.193629   -1.909924       16.458787       -9.559045    3.087730    0.704362    0.198229    6.278651
    0.171642    0.782333   -0.184928   -1.163321   -2.008767       16.332118       -9.492994    3.164358    0.733718    0.198229    6.278651
    0.174129    0.785067   -0.167005   -1.131585   -2.102696       16.227305       -9.423259    3.241268    0.763390    0.198229    6.278651
    0.176617    0.787528   -0.149588   -1.098485   -2.191189       16.144028       -9.350050    3.318433    0.793349    0.198229    6.278651
    0.179104    0.789725   -0.132698   -1.064093   -2.273760       16.081599       -9.273601    3.395826    0.823563    0.198229    6.278651
    0.181592    0.791664   -0.116355   -1.028487   -2.349961       16.038984       -9.194175    3.473422    0.854004    0.198229    6.278651
    0.184080    0.793354   -0.100577   -0.991752   -2.419389       16.014825       -9.112052    3.551196    0.884642    0.198229    6.278651
    0.186567    0.794803   -0.085381   -0.953981   -2.481692       16.007480       -9.027533    3.629125    0.915449    0.198229    6.278651
    0.189055    0.796020   -0.070782   -0.915269   -2.536571       16.015060       -8.940929    3.707183    0.946400    0.198229    6.278651
    0.191542    0.797015   -0.056795   -0.875718   -2.583784       16.035486       -8.852561    3.785351    0.977468    0.198229    6.278651
    0.194030    0.797797   -0.043431   -0.835433   -2.623148       16.066541       -8.762754    3.863605    1.008630    0.198229    6.278651
    0.196517    0.798375   -0.030702   -0.794523   -2.654539       16.105921       -8.671831    3.941926    1.039862    0.198229    6.278651
    0.199005    0.798759   -0.018615   -0.753100   -2.677889       16.151293       -8.580111    4.020295    1.071144    0.198229    6.278651
    0.201493    0.798960   -0.007179   -0.711275   -2.693190       16.200345       -8.487905    4.098691    1.102456    0.198229    6.278651
    0.203980    0.798987    0.003601   -0.669162   -2.700486       16.250832       -8.395508    4.177099    1.133779    0.198229    6.278651
    0.206468    0.798851    0.013723   -0.626875   -2.699874       16.300614       -8.303205    4.255502    1.165097    0.198229    6.278651
    0.208955    0.798562    0.023183   -0.584528   -2.691497       16.347696       -8.211259    4.333883    1.196394    0.198229    6.278651
    0.211443    0.798130    0.031982   -0.542233   -2.675545       16.390248       -8.119914    4.412230    1.227656    0.198229    6.278651
    0.213930    0.797566    0.040121   -0.500100   -2.652242       16.426626       -8.029393    4.490527    1.258871    0.198229    6.278651
    0.216418    0.796880    0.047605   -0.458238   -2.621850       16.455386       -7.939897    4.568762    1.290027    0.198229    6.278651
    0.218905    0.796083    0.054437   -0.416753   -2.584659       16.475285       -7.851603    4.646925    1.321114    0.198229    6.278651
    0.221393    0.795184    0.060625   -0.375746   -2.540987       16.485287       -7.764666    4.725005    1.352124    0.198229    6.278651
    0.223881    0.794194    0.066178   -0.335319   -2.491169       16.484551       -7.679217    4.802992    1.383050    0.198229    6.278651
    0.226368    0.793122    0.071103   -0.295565   -2.435559       16.472429       -7.595368    4.880877    1.413884    0.198229    6.278651
    0.228856    0.791978    0.075414   -0.256577   -2.374524       16.448448       -7.513208    4.958654    1.444623    0.198229    6.278651
    0.231343    0.790771    0.079122   -0.218441   -2.308440       16.412298       -7.432805    5.036315    1.475261    0.198229    6.278651
    0.233831    0.789512    0.082242   -0.181241   -2.237689       16.363818       -7.354211    5.113856    1.505795    0.198229    6.278651
    0.236318    0.788208    0.084789   -0.145054   -2.162656       16.302976       -7.277460    5.191270    1.536223    0.198229    6.278651
    0.238806    0.786869    0.086779   -0.109953   -2.083730       16.229857       -7.202570    5.268555    1.566544    0.198229    6.278651
    0.241294    0.785504    0.088230   -0.076008   -2.001296       16.144643       -7.129544    5.345707    1.596755    0.198229    6.278651
    0.243781    0.784120    0.089160   -0.043282   -1.915738       16.047600       -7.058372    5.422724    1.626858    0.198229    6.278651
    0.246269    0.782725    0.089588   -0.011833   -1.827433       15.939063       -6.989035    5.499604    1.656853    0.198229    6.278651
    0.248756    0.781327    0.089536    0.018286   -1.736758       15.819424       -6.921502    5.576348    1.686740    0.198229    6.278651
    0.251244    0.779934    0.089024    0.047026   -1.644077       15.689117       -6.855732    5.652954    1.716522    0.198229    6.278651
    0.253731    0.778552    0.088075    0.074343   -1.549752       15.548610       -6.791678    5.729424    1.746200    0.198229    6.278651
    0.256219    0.777189    0.086710    0.100201   -1.454133       15.398395       -6.729288    5.805760    1.775776    0.198229    6.278651
    0.258706    0.775849    0.084953    0.124567   -1.357564       15.238980       -6.668500    5.881963    1.805253    0.198229    6.278651
    0.261194    0.774540    0.082827    0.147412   -1.260379       15.070883       -6.609252    5.958036    1.834635    0.198229    6.278651
    0.263682    0.773267    0.080356    0.168716   -1.162902       14.894624       -6.551475    6.033982    1.863924    0.198229    6.278651
    0.266169    0.772034    0.077565    0.188460   -1.065446       14.710722       -6.495099    6.109805    1.893125    0.198229    6.278651
    0.268657    0.770848    0.074477    0.206634   -0.968316       14.519692       -6.440050    6.185509    1.922241    0.198229    6.278651
    0.271144    0.769712    0.071118    0.223230   -0.871804       14.322039       -6.386253    6.261099    1.951277    0.198229    6.278651
    0.273632    0.768629    0.067512    0.238247   -0.776192       14.118259       -6.333633    6.336581    1.980236    0.198229    6.278651
    0.276119    0.767605    0.063684    0.251690   -0.681751       13.908834       -6.282111    6.411959    2.009123    0.198229    6.278651
    0.278607    0.766643    0.059658    0.263566   -0.588740       13.694234       -6.231610    6.487239    2.037943    0.198229    6.278651
    0.281095    0.765744    0.055459    0.273889   -0.497404       13.474914       -6.182052    6.562428    2.066699    0.198229    6.278651
    0.283582    0.764912    0.051111    0.282678   -0.407979       13.251315       -6.133360    6.637533    2.095398    0.198229    6.278651
    0.286070    0.764149    0.046637    0.289956   -0.320687       13.023862       -6.085456    6.712559    2.124043    0.198229    6.278651
    0.288557    0.763456    0.042061    0.295749   -0.235735       12.792968       -6.038263    6.787513    2.152640    0.198229    6.278651
    0.291045    0.762836    0.037406    0.300091   -0.153321       12.559029       -5.991705    6.862403    2.181193    0.198229    6.278651
    0.293532    0.762288    0.032695    0.303017   -0.073625       12.322429       -5.945707    6.937236    2.209708    0.198229    6.278651
    0.296020    0.761815    0.027948    0.304567    0.003184       12.083539       -5.900194    7.012019    2.238189    0.198229    6.278651
    0.298507    0.761415    0.023188    0.304785    0.076951       11.842717       -5.855094    7.086758    2.266641    0.198229    6.278651
    0.300995    0.761090    0.018434    0.303718    0.147535       11.600311       -5.810333    7.161463    2.295069    0.198229    6.278651
    0.303483    0.760839    0.013707    0.301417    0.214812       11.356656       -5.765842    7.236139    2.323478    0.198229    6.278651
    0.305970    0.760662    0.009025    0.297936    0.278667       11.112080       -5.721551    7.310794    2.351872    0.198229    6.278651
    0.308458    0.760557    0.004406    0.293329    0.339004       10.866901       -5.677390    7.385435    2.380258    0.198229    6.278651
    0.310945    0.760524   -0.000132    0.287657    0.395739       10.621427       -5.633293    7.460069    2.408639    0.198229    6.278651
    0.313433    0.760561   -0.004574    0.280980    0.448802       10.375961       -5.589195    7.534704    2.437020    0.198229    6.278651
    0.315920    0.760666   -0.008904    0.273359    0.498139       10.130800       -5.545030    7.609346    2.465406    0.198229    6.278651
    0.318408    0.760838   -0.013109    0.264860    0.543707        9.886232       -5.500736    7.684001    2.493801    0.198229    6.278651
    0.320896    0.761075   -0.017174    0.255547    0.585479        9.642542       -5.456252    7.758676    2.522210    0.198229    6.278651
    0.323383    0.761374   -0.021087    0.245488    0.623440        9.400011       -5.411517    7.833378    2.550637    0.198229    6.278651
    0.325871    0.761733   -0.024838    0.234747    0.657589        9.158913       -5.366474    7.908112    2.579086    0.198229    6.278651
    0.328358    0.762149   -0.028417    0.223393    0.687937        8.919520       -5.321064    7.982884    2.607562    0.198229    6.278651
    0.330846    0.762619   -0.031814    0.211493    0.714508        8.682101       -5.275234    8.057699    2.636067    0.198229    6.278651
    0.333333    0.763141   -0.035021    0.199113    0.737337        8.446919       -5.228929    8.132563    2.664608    0.198229    6.278651
    0.335821    0.763712   -0.038031    0.186320    0.756472        8.214237       -5.182099    8.207481    2.693185    0.198229    6.278651
    0.338308    0.764328   -0.040839    0.173180    0.771969        7.984313       -5.134691    8.282457    2.721805    0.198229    6.278651
    0.340796    0.764986   -0.043439    0.159757    0.783899        7.757401       -5.086660    8.357496    2.750468    0.198229    6.278651
    0.343284    0.765683   -0.045828    0.146115    0.792338        7.533752       -5.037959    8.432601    2.779180    0.198229    6.278651
    0.345771    0.766416   -0.048003    0.132316    0.797377        7.313613       -4.988542    8.507777    2.807942    0.198229    6.278651
    0.348259    0.767181   -0.049961    0.118420    0.799111        7.097229       -4.938370    8.583025    2.836758    0.198229    6.278651
    0.350746    0.767975   -0.051702    0.104485    0.797645        6.884835       -4.887401    8.658351    2.865629    0.198229    6.278651
    0.353234    0.768794   -0.053225    0.090569    0.793095        6.676665       -4.835599    8.733755    2.894559    0.198229    6.278651
    0.355721    0.769636   -0.054531    0.076726    0.785579        6.472944       -4.782929    8.809242    2.923550    0.198229    6.278651
    0.358209    0.770496   -0.055622    0.063007    0.775226        6.273891       -4.729358    8.884811    2.952602    0.198229    6.278651
    0.360697    0.771371   -0.056500    0.049464    0.762169        6.079717       -4.674856    8.960466    2.981719    0.198229    6.278651
    0.363184    0.772259   -0.057168    0.036142    0.746548        5.890623       -4.619397    9.036207    3.010901    0.198229    6.278651
    0.365672    0.773155   -0.057631    0.023087    0.728507        5.706799       -4.562955    9.112036    3.040149    0.198229    6.278651
    0.368159    0.774057   -0.057891    0.010340    0.708194        5.528425       -4.505511    9.187953    3.069465    0.198229    6.278651
    0.370647    0.774961   -0.057955   -0.002058    0.685763        5.355668       -4.447044    9.263959    3.098849    0.198229    6.278651
    0.373134    0.775865   -0.057829   -0.014072    0.661369        5.188680       -4.387542    9.340054    3.128302    0.198229    6.278651
    0.375622    0.776766   -0.057518   -0.025668    0.635171        5.027598       -4.326990    9.416237    3.157824    0.198229    6.278651
    0.378109    0.777660   -0.057029   -0.036815    0.607329        4.872544       -4.265381    9.492508    3.187415    0.198229    6.278651
    0.380597    0.778545   -0.056370   -0.047485    0.578005        4.723620       -4.202710    9.568866    3.217075    0.198229    6.278651
    0.383085    0.779419   -0.055549   -0.057654    0.547364        4.580911       -4.138973    9.645311    3.246803    0.198229    6.278651
    0.385572    0.780279   -0.054572   -0.067299    0.515567        4.444480       -4.074173    9.721841    3.276598    0.198229    6.278651
    0.388060    0.781122   -0.053449   -0.076400    0.482777        4.314371       -4.008315    9.798455    3.306461    0.198229    6.278651
    0.390547    0.781947   -0.052189   -0.084942    0.449157        4.190605       -3.941405    9.875150    3.336389    0.198229    6.278651
    0.393035    0.782751   -0.050799   -0.092911    0.414867        4.073180       -3.873457    9.951925    3.366382    0.198229    6.278651
    0.395522    0.783532   -0.049289   -0.100295    0.380065        3.962071       -3.804485   10.028779    3.396438    0.198229    6.278651
    0.398010    0.784289   -0.047669   -0.107087    0.344906        3.857228       -3.734506   10.105707    3.426555    0.198229    6.278651
    0.400498    0.785020   -0.045947   -0.113282    0.309543        3.758580       -3.663544   10.182709    3.456732    0.198229    6.278651
    0.402985    0.785724   -0.044134   -0.118875    0.274123        3.666029       -3.591621   10.259781    3.486966    0.198229    6.278651
    0.405473    0.786398   -0.042237   -0.123866    0.238791        3.579454       -3.518767   10.336921    3.517256    0.198229    6.278651
    0.407960    0.787042   -0.040268   -0.128258    0.203686        3.498709       -3.445010   10.414125    3.547600    0.198229    6.278651
    0.410448    0.787655   -0.038234   -0.132054    0.168941        3.423627       -3.370385   10.491391    3.577994    0.198229    6.278651
    0.412935    0.788236   -0.036146   -0.135261    0.134684        3.354018       -3.294927   10.568716    3.608437    0.198229    6.278651
    0.415423    0.788784   -0.034012   -0.137886    0.101037        3.289670       -3.218675   10.646096    3.638926    0.198229    6.278651
    0.417910    0.789298   -0.031841   -0.139941    0.068114        3.230351       -3.141668   10.723528    3.669458    0.198229    6.278651
    0.420398    0.789778   -0.029643   -0.141437    0.036023        3.175810       -3.063949   10.801009    3.700031    0.198229    6.278651
    0.422886    0.790224   -0.027426   -0.142389    0.004865        3.125779       -2.985563   10.878535    3.730641    0.198229    6.278651
    0.425373    0.790635   -0.025198   -0.142812   -0.025266        3.079976       -2.906554   10.956103    3.761287    0.198229    6.278651
    0.427861    0.791011   -0.022968   -0.142722   -0.054286        3.038103       -2.826969   11.033710    3.791965    0.198229    6.278651
    0.430348    0.791352   -0.020743   -0.142139   -0.082116        2.999851       -2.746856   11.111353    3.822672    0.198229    6.278651
    0.432836    0.791659   -0.018530   -0.141082   -0.108688        2.964902       -2.666264   11.189027    3.853406    0.198229    6.278651
    0.435323    0.791931   -0.016338   -0.139571   -0.133939        2.932930       -2.585241   11.266729    3.884164    0.198229    6.278651
    0.437811    0.792169   -0.014173   -0.137629   -0.157817        2.903604       -2.503837   11.344456    3.914942    0.198229    6.278651
    0.440299    0.792374   -0.012041   -0.135278   -0.180276        2.876588       -2.422100   11.422206    3.945739    0.198229    6.278651
    0.442786    0.792546   -0.009949   -0.132541   -0.201277        2.851548       -2.340081   11.499973    3.976551    0.198229    6.278651
    0.445274    0.792685   -0.007903   -0.129441   -0.220793        2.828148       -2.257828   11.577756    4.007376    0.198229    6.278651
    0.447761    0.792793   -0.005907   -0.126004   -0.238800        2.806056       -2.175387   11.655551    4.038211    0.198229    6.278651
    0.450249    0.792870   -0.003968   -0.122254   -0.255285        2.784945       -2.092807   11.733355    4.069053    0.198229    6.278651
    0.452736    0.792917   -0.002090   -0.118216   -0.270240        2.764496       -2.010132   11.811165    4.099901    0.198229    6.278651
    0.455224    0.792935   -0.000277   -0.113915   -0.283665        2.744395       -1.927408   11.888979    4.130751    0.198229    6.278651
    0.457711    0.792926    0.001467   -0.109376   -0.295566        2.724342       -1.844677   11.966792    4.161601    0.198229    6.278651
    0.460199    0.792890    0.003138   -0.104625   -0.305956        2.704046       -1.761981   12.044604    4.192450    0.198229    6.278651
    0.462687    0.792828    0.004734   -0.099684   -0.314854        2.683227       -1.679359   12.122411    4.223295    0.198229    6.278651
    0.465174    0.792742    0.006251   -0.094581   -0.322284        2.661624       -1.596849   12.200210    4.254133    0.198229    6.278651
    0.467662    0.792633    0.007688   -0.089338   -0.328276        2.638985       -1.514486   12.278000    4.284964    0.198229    6.278651
    0.470149    0.792503    0.009042   -0.083979   -0.332865        2.615077       -1.432305   12.355778    4.315786    0.198229    6.278651
    0.472637    0.792351    0.010311   -0.078528   -0.336088        2.589681       -1.350337   12.433543    4.346596    0.198229    6.278651
    0.475124    0.792181    0.011494   -0.073007   -0.337991        2.562597       -1.268610   12.511291    4.377393    0.198229    6.278651
    0.477612    0.791993    0.012591   -0.067438   -0.338618        2.533638       -1.187153   12.589022    4.408175    0.198229    6.278651
    0.480100    0.791788    0.013601   -0.061843   -0.338021        2.502638       -1.105990   12.666734    4.438942    0.198229    6.278651
    0.482587    0.791569    0.014523   -0.056242   -0.336251        2.469445       -1.025143   12.744425    4.469692    0.198229    6.278651
    0.485075    0.791335    0.015358   -0.050654   -0.333364        2.433925       -0.944633   12.822093    4.500424    0.198229    6.278651
    0.487562    0.791089    0.016105   -0.045100   -0.329417        2.395961       -0.864478   12.899738    4.531137    0.198229    6.278651
    0.490050    0.790832    0.016767   -0.039595   -0.324470        2.355450       -0.784693   12.977359    4.561831    0.198229    6.278651
    0.492537    0.790566    0.017342   -0.034159   -0.318582        2.312309       -0.705292   13.054953    4.592503    0.198229    6.278651
    0.495025    0.790291    0.017834   -0.028806   -0.311815        2.266467       -0.626288   13.132521    4.623154    0.198229    6.278651
    0.497512    0.790009    0.018243   -0.023552   -0.304231        2.217870       -0.547688   13.210062    4.653784    0.198229    6.278651
    0.500000    0.789722    0.018570   -0.018411   -0.295892        2.166475       -0.469501   13.287575    4.684391    0.198229    6.278651
    0.502488    0.789430    0.018819   -0.013397   -0.286860        2.112257       -0.391732   13.365059    4.714976    0.198229    6.278651
    0.504975    0.789134    0.018989   -0.008521   -0.277198        2.055201       -0.314384   13.442515    4.745537    0.198229    6.278651
    0.507463    0.788837    0.019085   -0.003796   -0.266967        1.995305       -0.237460   13.519941    4.776076    0.198229    6.278651
    0.509950    0.788539    0.019109    0.000770   -0.256227        1.932579       -0.160960   13.597339    4.806592    0.198229    6.278651
    0.512438    0.788240    0.019062    0.005165   -0.245040        1.867043       -0.084882   13.674706    4.837084    0.198229    6.278651
    0.514925    0.787944    0.018948    0.009383   -0.233463        1.798728       -0.009223   13.752045    4.867554    0.198229    6.278651
    0.517413    0.787649    0.018770    0.013416   -0.221554        1.727673        0.066021   13.829355    4.898000    0.198229    6.278651
    0.519900    0.787358    0.018530    0.017257   -0.209368        1.653926        0.140857   13.906636    4.928424    0.198229    6.278651
    0.522388    0.787070    0.018232    0.020901   -0.196961        1.577545        0.215291   13.983888    4.958826    0.198229    6.278651
    0.524876    0.786788    0.017879    0.024342   -0.184383        1.498591        0.289331   14.061113    4.989207    0.198229    6.278651
    0.527363    0.786512    0.017473    0.027578   -0.171685        1.417135        0.362987   14.138310    5.019565    0.198229    6.278651
    0.529851    0.786243    0.017018    0.030606   -0.158916        1.333254        0.436269   14.215481    5.049903    0.198229    6.278651
    0.532338    0.785981    0.016518    0.033422   -0.146122        1.247027        0.509189   14.292625    5.080221    0.198229    6.278651
    0.534826    0.785727    0.015975    0.036027   -0.133346        1.158540        0.581758   14.369744    5.110519    0.198229    6.278651
    0.537313    0.785482    0.015394    0.038419   -0.120630        1.067884        0.653990   14.446839    5.140799    0.198229    6.278651
    0.539801    0.785247    0.014776    0.040598   -0.108014        0.975152        0.725897   14.523910    5.171059    0.198229    6.278651
    0.542289    0.785021    0.014127    0.042565   -0.095533        0.880440        0.797495   14.600958    5.201303    0.198229    6.278651
    0.544776    0.784805    0.013448    0.044322   -0.083223        0.783847        0.868797   14.677985    5.231530    0.198229    6.278651
    0.547264    0.784601    0.012743    0.045871   -0.071114        0.685475        0.939819   14.754991    5.261740    0.198229    6.278651
    0.549751    0.784407    0.012016    0.047215   -0.059238        0.585426        1.010577   14.831977    5.291936    0.198229    6.278651
    0.552239    0.784226    0.011269    0.048356   -0.047620        0.483806        1.081086   14.908945    5.322118    0.198229    6.278651
    0.554726    0.784056    0.010506    0.049298   -0.036285        0.380718        1.151362   14.985896    5.352286    0.198229    6.278651
    0.557214    0.783898    0.009730    0.050045   -0.025255        0.276269        1.221423   15.062831    5.382442    0.198229    6.278651
    0.559701    0.783752    0.008944    0.050602   -0.014550        0.170565        1.291283   15.139751    5.412587    0.198229    6.278651
    0.562189    0.783618    0.008151    0.050974   -0.004187        0.063712        1.360960   15.216657    5.442721    0.198229    6.278651
    0.564677    0.783497    0.007353    0.051166    0.005819       -0.044183        1.430470   15.293551    5.472845    0.198229    6.278651
    0.567164    0.783388    0.006553    0.051183    0.015456       -0.153017        1.499830   15.370433    5.502961    0.198229    6.278651
    0.569652    0.783292    0.005755    0.051032    0.024713       -0.262683        1.569057   15.447305    5.533069    0.198229    6.278651
    0.572139    0.783209    0.004960    0.050718    0.033582       -0.373080        1.638166   15.524169    5.563170    0.198229    6.278651
    0.574627    0.783137    0.004171    0.050248    0.042058       -0.484103        1.707175   15.601025    5.593265    0.198229    6.278651
    0.577114    0.783078    0.003391    0.049627    0.050136       -0.595654        1.776099   15.677874    5.623356    0.198229    6.278651
    0.579602    0.783031    0.002622    0.048863    0.057815       -0.707632        1.844955   15.754719    5.653442    0.198229    6.278651
    0.582090    0.782996    0.001866    0.047962    0.065095       -0.819940        1.913757   15.831559    5.683526    0.198229    6.278651
    0.584577    0.782973    0.001125    0.046931    0.071979       -0.932483        1.982521   15.908396    5.713607    0.198229    6.278651
    0.587065    0.782961    0.000400    0.045775    0.078470       -1.045167        2.051263   15.985232    5.743687    0.198229    6.278651
    0.589552    0.782960   -0.000305    0.044503    0.084576       -1.157902        2.119996   16.062067    5.773766    0.198229    6.278651
    0.592040    0.782971   -0.000989    0.043119    0.090302       -1.270598        2.188736   16.138903    5.803846    0.198229    6.278651
    0.594527    0.782991   -0.001651    0.041632    0.095659       -1.383171        2.257495   16.215740    5.833927    0.198229    6.278651
    0.597015    0.783022   -0.002289    0.040047    0.100658       -1.495536        2.326288   16.292580    5.864010    0.198229    6.278651
    0.599502    0.783063   -0.002902    0.038369    0.105311       -1.607614        2.395128   16.369423    5.894095    0.198229    6.278651
    0.601990    0.783113   -0.003487    0.036607    0.109632       -1.719327        2.464026   16.446270    5.924184    0.198229    6.278651
    0.604478    0.783171   -0.004045    0.034764    0.113637       -1.830600        2.532994   16.523123    5.954277    0.198229    6.278651
    0.606965    0.783239   -0.004573    0.032847    0.117341       -1.941362        2.602045   16.599982    5.984375    0.198229    6.278651
    0.609453    0.783314   -0.005070    0.030862    0.120764       -2.051546        2.671189   16.676848    6.014479    0.198229    6.278651
    0.611940    0.783397   -0.005536    0.028812    0.123924       -2.161087        2.740436   16.753722    6.044588    0.198229    6.278651
    0.614428    0.783487   -0.005970    0.026704    0.126840       -2.269925        2.809795   16.830604    6.074704    0.198229    6.278651
    0.616915    0.783583   -0.006370    0.024541    0.129536       -2.378002        2.879277   16.907496    6.104827    0.198229    6.278651
    0.619403    0.783686   -0.006736    0.022329    0.132032       -2.485266        2.948888   16.984397    6.134957    0.198229    6.278651
    0.621891    0.783793   -0.007068    0.020070    0.134351       -2.591666        3.018638   17.061309    6.165096    0.198229    6.278651
    0.624378    0.783906   -0.007363    0.017768    0.136518       -2.697159        3.088532   17.138231    6.195243    0.198229    6.278651
    0.626866    0.784023   -0.007622    0.015427    0.138557       -2.801702        3.158577   17.215165    6.225399    0.198229    6.278651
    0.629353    0.784144   -0.007845    0.013049    0.140493       -2.905259        3.228780   17.292110    6.255564    0.198229    6.278651
    0.631841    0.784268   -0.008030    0.010636    0.142353       -3.007799        3.299144   17.369068    6.285738    0.198229    6.278651
    0.634328    0.784395   -0.008177    0.008192    0.144163       -3.109292        3.369673   17.446037    6.315922    0.198229    6.278651
    0.636816    0.784523   -0.008286    0.005716    0.145949       -3.209717        3.440372   17.523019    6.346115    0.198229    6.278651
    0.639303    0.784653   -0.008355    0.003210    0.147739       -3.309055        3.511243   17.600014    6.376319    0.198229    6.278651
    0.641791    0.784784   -0.008386    0.000676    0.149562       -3.407293        3.582287   17.677022    6.406533    0.198229    6.278651
    0.644279    0.784915   -0.008376   -0.001887    0.151444       -3.504423        3.653506   17.754043    6.436756    0.198229    6.278651
    0.646766    0.785046   -0.008327   -0.004479    0.153414       -3.600442        3.724900   17.831076    6.466990    0.198229    6.278651
    0.649254    0.785175   -0.008236   -0.007100    0.155501       -3.695352        3.796467   17.908122    6.497234    0.198229    6.278651
    0.651741    0.785303   -0.008105   -0.009752    0.157733       -3.789162        3.868207   17.985181    6.527488    0.198229    6.278651
    0.654229    0.785428   -0.007931   -0.012435    0.160139       -3.881885        3.940117   18.062252    6.557751    0.198229    6.278651
    0.656716    0.785550   -0.007716   -0.015152    0.162747       -3.973541        4.012194   18.139335    6.588024    0.198229    6.278651
    0.659204    0.785669   -0.007458   -0.017905    0.165585       -4.064155        4.084434   18.216431    6.618307    0.198229    6.278651
    0.661692    0.785783   -0.007157   -0.020698    0.168683       -4.153759        4.156831   18.293537    6.648598    0.198229    6.278651
    0.664179    0.785892   -0.006811   -0.023532    0.172068       -4.242390        4.229379   18.370655    6.678899    0.198229    6.278651
    0.666667    0.785995   -0.006421   -0.026412    0.175768       -4.330093        4.302071   18.447783    6.709207    0.198229    6.278651
    0.669154    0.786092   -0.005986   -0.029342    0.179810       -4.416918        4.374900   18.524920    6.739523    0.198229    6.278651
    0.671642    0.786182   -0.005504   -0.032326    0.184222       -4.502922        4.447856   18.602067    6.769847    0.198229    6.278651
    0.674129    0.786264   -0.004976   -0.035369    0.189031       -4.588169        4.520929   18.679223    6.800177    0.198229    6.278651
    0.676617    0.786337   -0.004399   -0.038477    0.194262       -4.672732        4.594108   18.756386    6.830514    0.198229    6.278651
    0.679104    0.786401   -0.003774   -0.041655    0.199941       -4.756687        4.667381   18.833556    6.860855    0.198229    6.278651
    0.681592    0.786455   -0.003098   -0.044909    0.206094       -4.840121        4.740734   18.910731    6.891202    0.198229    6.278651
    0.684080    0.786498   -0.002370   -0.048246    0.212743       -4.923126        4.814153   18.987911    6.921552    0.198229    6.278651
    0.686567    0.786529   -0.001590   -0.051672    0.219914       -5.005803        4.887623   19.065095    6.951905    0.198229    6.278651
    0.689055    0.786547   -0.000756   -0.055195    0.227628       -5.088260        4.961127   19.142282    6.982260    0.198229    6.278651
    0.691542    0.786552    0.000135   -0.058821    0.235907       -5.170612        5.034647   19.219469    7.012616    0.198229    6.278651
    0.694030    0.786543    0.001082   -0.062560    0.244771       -5.252984        5.108164   19.296656    7.042972    0.198229    6.278651
    0.696517    0.786518    0.002089   -0.066418    0.254241       -5.335506        5.181658   19.373842    7.073326    0.198229    6.278651
    0.699005    0.786477    0.003158   -0.070404    0.264335       -5.418320        5.255107   19.451024    7.103678    0.198229    6.278651
    0.701493    0.786419    0.004289   -0.074527    0.275070       -5.501572        5.328488   19.528202    7.134026    0.198229    6.278651
    0.703980    0.786343    0.005486   -0.078796    0.286462       -5.585418        5.401778   19.605373    7.164368    0.198229    6.278651
    0.706468    0.786247    0.006751   -0.083219    0.298525       -5.670022        5.474950   19.682536    7.194704    0.198229    6.278651
    0.708955    0.786131    0.008087   -0.087805    0.311274       -5.755557        5.547978   19.759688    7.225031    0.198229    6.278651
    0.711443    0.785994    0.009495   -0.092564    0.324718       -5.842203        5.620834   19.836828    7.255349    0.198229    6.278651
    0.713930    0.785834    0.010979   -0.097506    0.338869       -5.930147        5.693489   19.913953    7.285654    0.198229    6.278651
    0.716418    0.785651    0.012542   -0.102640    0.353735       -6.019586        5.765911   19.991061    7.315946    0.198229    6.278651
    0.718905    0.785442    0.014186   -0.107976    0.369321       -6.110723        5.838068   20.068150    7.346222    0.198229    6.278651
    0.721393    0.785207    0.015916   -0.113523    0.385633       -6.203769        5.909926   20.145218    7.376480    0.198229    6.278651
    0.723881    0.784945    0.017734   -0.119291    0.402673       -6.298942        5.981451   20.222261    7.406718    0.198229    6.278651
    0.726368    0.784653    0.019643   -0.125290    0.420442       -6.396468        6.052606   20.299276    7.436934    0.198229    6.278651
    0.728856    0.784331    0.021649   -0.131529    0.438937       -6.496576        6.123352   20.376262    7.467125    0.198229    6.278651
    0.731343    0.783976    0.023753   -0.138018    0.458156       -6.599505        6.193650   20.453215    7.497288    0.198229    6.278651
    0.733831    0.783588    0.025961   -0.144767    0.478092       -6.705496        6.263460   20.530131    7.527422    0.198229    6.278651
    0.736318    0.783165    0.028277   -0.151785    0.498736       -6.814797        6.332739   20.607007    7.557522    0.198229    6.278651
    0.738806    0.782704    0.030704   -0.159081    0.520077       -6.927658        6.401444   20.683840    7.587587    0.198229    6.278651
    0.741294    0.782205    0.033247   -0.166664    0.542102       -7.044334        6.469530   20.760626    7.617613    0.198229    6.278651
    0.743781    0.781665    0.035912   -0.174543    0.564794       -7.165080        6.536951   20.837361    7.647596    0.198229    6.278651
    0.746269    0.781083    0.038701   -0.182725    0.588135       -7.290153        6.603659   20.914041    7.677533    0.198229    6.278651
    0.748756    0.780456    0.041621   -0.191220    0.612102       -7.419812        6.669607   20.990661    7.707420    0.198229    6.278651
    0.751244    0.779783    0.044676   -0.200035    0.636672       -7.554310        6.734745   21.067218    7.737254    0.198229    6.278651
    0.753731    0.779060    0.047871   -0.209176    0.661818       -7.693903        6.799022   21.143706    7.767031    0.198229    6.278651
    0.756219    0.778287    0.051212   -0.218651    0.687508       -7.838839        6.862388   21.220121    7.796746    0.198229    6.278651
    0.758706    0.777461    0.054703   -0.228467    0.713710       -7.989362        6.924789   21.296457    7.826394    0.198229    6.278651
    0.761194    0.776578    0.058350   -0.238628    0.740389       -8.145708        6.986174   21.372710    7.855972    0.198229    6.278651
    0.763682    0.775638    0.062159   -0.249140    0.767505       -8.308104        7.046488   21.448873    7.885474    0.198229    6.278651
    0.766169    0.774637    0.066135   -0.260008    0.795018       -8.476769        7.105679   21.524941    7.914895    0.198229    6.278651
    0.768657    0.773573    0.070283   -0.271236    0.822882       -8.651906        7.163693   21.600908    7.944230    0.198229    6.278651
    0.771144    0.772443    0.074609   -0.282826    0.851052       -8.833705        7.220476   21.676767    7.973473    0.198229    6.278651
    0.773632    0.771243    0.079119   -0.294782    0.879477       -9.022339        7.275974   21.752512    8.002619    0.198229    6.278651
    0.776119    0.769973    0.083819   -0.307105    0.908106       -9.217963        7.330134   21.828135    8.031660    0.198229    6.278651
    0.778607    0.768627    0.088714   -0.319796    0.936884       -9.420713        7.382903   21.903630    8.060592    0.198229    6.278651
    0.781095    0.767204    0.093811   -0.332856    0.965754       -9.630699        7.434229   21.978990    8.089407    0.198229    6.278651
    0.783582    0.765700    0.099114   -0.346283    0.994659       -9.848010        7.484061   22.054206    8.118098    0.198229    6.278651
    0.786070    0.764112    0.104629   -0.360077    1.023536      -10.072708        7.532349   22.129270    8.146658    0.198229    6.278651
    0.788557    0.762437    0.110363   -0.374235    1.052324      -10.304826        7.579045   22.204174    8.175079    0.198229    6.278651
    0.791045    0.760671    0.116321   -0.388754    1.080960      -10.544369        7.624103   22.278909    8.203354    0.198229    6.278651
    0.793532    0.758810    0.122509   -0.403629    1.109378      -10.791311        7.667476   22.353466    8.231475    0.198229    6.278651
    0.796020    0.756852    0.128931   -0.418856    1.137512      -11.045591        7.709124   22.427836    8.259433    0.198229    6.278651
    0.798507    0.754793    0.135594   -0.434429    1.165296      -11.307118        7.749005   22.502009    8.287219    0.198229    6.278651
    0.800995    0.752628    0.142503   -0.450341    1.192664      -11.575766        7.787082   22.575974    8.314825    0.198229    6.278651
    0.803483    0.750355    0.149663   -0.466584    1.219547      -11.851372        7.823320   22.649722    8.342240    0.198229    6.278651
    0.805970    0.747969    0.157080   -0.483149    1.245880      -12.133741        7.857688   22.723242    8.369457    0.198229    6.278651
    0.808458    0.745467    0.164757   -0.500027    1.271597      -12.422639        7.890156   22.796521    8.396463    0.198229    6.278651
    0.810945    0.742845    0.172701   -0.517209    1.296632      -12.717802        7.920700   22.869549    8.423250    0.198229    6.278651
    0.813433    0.740098    0.180915   -0.534681    1.320921      -13.018926        7.949299   22.942314    8.449806    0.198229    6.278651
    0.815920    0.737223    0.189404   -0.552433    1.344403      -13.325679        7.975934   23.014803    8.476121    0.198229    6.278651
    0.818408    0.734216    0.198172   -0.570452    1.367017      -13.637693        8.000591   23.087003    8.502184    0.198229    6.278651
    0.820896    0.731072    0.207224   -0.588723    1.388705      -13.954571        8.023262   23.158902    8.527984    0.198229    6.278651
    0.823383    0.727787    0.216564   -0.607234    1.409410      -14.275888        8.043938   23.230485    8.553508    0.198229    6.278651
    0.825871    0.724358    0.226194   -0.625968    1.429081      -14.601192        8.062619   23.301739    8.578745    0.198229    6.278651
    0.828358    0.720780    0.236118   -0.644911    1.447668      -14.930007        8.079307   23.372649    8.603682    0.198229    6.278651
    0.830846    0.717050    0.246340   -0.664047    1.465124      -15.261835        8.094007   23.443200    8.628309    0.198229    6.278651
    0.833333    0.713162    0.256862   -0.683358    1.481406      -15.596163        8.106730   23.513377    8.652612    0.198229    6.278651
    0.835821    0.709113    0.267687   -0.702829    1.496475      -15.932459        8.117491   23.583166    8.676578    0.198229    6.278651
    0.838308    0.704898    0.278817   -0.722441    1.510296      -16.270183        8.126306   23.652548    8.700196    0.198229    6.278651
    0.840796    0.700514    0.290254   -0.742177    1.522837      -16.608782        8.133198   23.721509    8.723452    0.198229    6.278651
    0.843284    0.695957    0.302001   -0.762020    1.534071      -16.947703        8.138192   23.790031    8.746334    0.198229    6.278651
    0.845771    0.691222    0.314058   -0.781950    1.543975      -17.286390        8.141316   23.858098    8.768828    0.198229    6.278651
    0.848259    0.686306    0.326427   -0.801950    1.552530      -17.624287        8.142603   23.925690    8.790923    0.198229    6.278651
    0.850746    0.681204    0.339109   -0.822002    1.559721      -17.960847        8.142087   23.992792    8.812606    0.198229    6.278651
    0.853234    0.675914    0.352104   -0.842087    1.565537      -18.295529        8.139807   24.059383    8.833864    0.198229    6.278651
    0.855721    0.670430    0.365413   -0.862186    1.569973      -18.627805        8.135801   24.125446    8.854685    0.198229    6.278651
    0.858209    0.664750    0.379036   -0.882283    1.573024      -18.957162        8.130113   24.190961    8.875057    0.198229    6.278651
    0.860697    0.658870    0.392973   -0.902358    1.574693      -19.283105        8.122787   24.255909    8.894968    0.198229    6.278651
    0.863184    0.652787    0.407223   -0.922393    1.574984      -19.605158        8.113870   24.320270    8.914407    0.198229    6.278651
    0.865672    0.646498    0.421786   -0.942373    1.573906      -19.922870        8.103408   24.384023    8.933363    0.198229    6.278651
    0.868159    0.639998    0.436660   -0.962278    1.571469      -20.235810        8.091452   24.447150    8.951825    0.198229    6.278651
    0.870647    0.633286    0.451844   -0.982092    1.567689      -20.543578        8.078050   24.509628    8.969783    0.198229    6.278651
    0.873134    0.626358    0.467337   -1.001798    1.562583      -20.845798        8.063253   24.571437    8.987229    0.198229    6.278651
    0.875622    0.619213    0.483137   -1.021381    1.556170      -21.142124        8.047113   24.632555    9.004153    0.198229    6.278651
    0.878109    0.611846    0.499241   -1.040824    1.548472      -21.432239        8.029679   24.692961    9.020547    0.198229    6.278651
    0.880597    0.604257    0.515648   -1.060113    1.539514      -21.715856        8.011003   24.752634    9.036404    0.198229    6.278651
    0.883085    0.596442    0.532355   -1.079233    1.529322      -21.992718        7.991135   24.811550    9.051717    0.198229    6.278651
    0.885572    0.588401    0.549359   -1.098168    1.517922      -22.262599        7.970125   24.869689    9.066481    0.198229    6.278651
    0.888060    0.580132    0.566658   -1.116906    1.505343      -22.525301        7.948023   24.927027    9.080692    0.198229    6.278651
    0.890547    0.571632    0.584247   -1.135433    1.491614      -22.780656        7.924876   24.983543    9.094345    0.198229    6.278651
    0.893035    0.562902    0.602124   -1.153737    1.476764      -23.028527        7.900731   25.039213    9.107439    0.198229    6.278651
    0.895522    0.553940    0.620285   -1.171805    1.460824      -23.268801        7.875635   25.094015    9.119971    0.198229    6.278651
    0.898010    0.544745    0.638727   -1.189625    1.443824      -23.501394        7.849632   25.147926    9.131942    0.198229    6.278651
    0.900498    0.535317    0.657444   -1.207186    1.425794      -23.726247        7.822763   25.200924    9.143352    0.198229    6.278651
    0.902985    0.525656    0.676434   -1.224478    1.406762      -23.943325        7.795071   25.252984    9.154203    0.198229    6.278651
    0.905473    0.515762    0.695692   -1.241490    1.386759      -24.152617        7.766594   25.304085    9.164498    0.198229    6.278651
    0.907960    0.505636    0.715213   -1.258213    1.365811      -24.354131        7.737371   25.354204    9.174243    0.198229    6.278651
    0.910448    0.495278    0.734993   -1.274636    1.343945      -24.547898        7.707435   25.403318    9.183442    0.198229    6.278651
    0.912935    0.484689    0.755027   -1.290752    1.321187      -24.733966        7.676822   25.451404    9.192103    0.198229    6.278651
    0.915423    0.473871    0.775311   -1.306550    1.297561      -24.912399        7.645561   25.498440    9.200234    0.198229    6.278651
    0.917910    0.462826    0.795839   -1.322025    1.273090      -25.083279        7.613683   25.544403    9.207845    0.198229    6.278651
    0.920398    0.451555    0.816605   -1.337166    1.247793      -25.246699        7.581214   25.589270    9.214946    0.198229    6.278651
    0.922886    0.440060    0.837606   -1.351967    1.221691      -25.402766        7.548181   25.633021    9.221550    0.198229    6.278651
    0.925373    0.428345    0.858835   -1.366421    1.194798      -25.551598        7.514605   25.675633    9.227669    0.198229    6.278651
    0.927861    0.416412    0.880287   -1.380520    1.167131      -25.693323        7.480508   25.717085    9.233318    0.198229    6.278651
    0.930348    0.404265    0.901956   -1.394257    1.138701      -25.828076        7.445908   25.757355    9.238512    0.198229    6.278651
    0.932836    0.391907    0.923838   -1.407626    1.109519      -25.956001        7.410824   25.796422    9.243268    0.198229    6.278651
    0.935323    0.379341    0.945925   -1.420619    1.079591      -26.077247        7.375268   25.834267    9.247603    0.198229    6.278651
    0.937811    0.366574    0.968212   -1.433232    1.048924      -26.191966        7.339254   25.870868    9.251536    0.198229    6.278651
    0.940299    0.353608    0.990693   -1.445456    1.017519      -26.300318        7.302793   25.906207    9.255084    0.198229    6.278651
    0.942786    0.340448    1.013361   -1.457286    0.985377      -26.402461        7.265894   25.940264    9.258268    0.198229    6.278651
    0.945274    0.327101    1.036212   -1.468714    0.952494      -26.498559        7.228563   25.973020    9.261108    0.198229    6.278651
    0.947761    0.313571    1.059238   -1.479735    0.918866      -26.588774        7.190806   26.004457    9.263624    0.198229    6.278651
    0.950249    0.299865    1.082432   -1.490341    0.884484      -26.673270        7.152626   26.034558    9.265839    0.198229    6.278651
    0.952736    0.285988    1.105789   -1.500526    0.849336      -26.752212        7.114025   26.063306    9.267772    0.198229    6.278651
    0.955224    0.271947    1.129302   -1.510282    0.813410      -26.825761        7.075003   26.090683    9.269445    0.198229    6.278651
    0.957711    0.257748    1.152964   -1.519602    0.776688      -26.894078        7.035559   26.116675    9.270880    0.198229    6.278651
    0.960199    0.243400    1.176768   -1.528479    0.739150      -26.957324        6.995688   26.141266    9.272097    0.198229    6.278651
    0.962687    0.228908    1.200707   -1.536904    0.700775      -27.015654        6.955386   26.164442    9.273119    0.198229    6.278651
    0.965174    0.214280    1.224774   -1.544870    0.661536      -27.069224        6.914648   26.186189    9.273964    0.198229    6.278651
    0.967662    0.199525    1.248961   -1.552366    0.621404      -27.118184        6.873466   26.206494    9.274653    0.198229    6.278651
    0.970149    0.184649    1.273263   -1.559385    0.580350      -27.162683        6.831830   26.225346    9.275206    0.198229    6.278651
    0.972637    0.169663    1.297669   -1.565916    0.538337      -27.202866        6.789732   26.242732    9.275640    0.198229    6.278651
    0.975124    0.154573    1.322175   -1.571949    0.495329      -27.238874        6.747159   26.258642    9.275974    0.198229    6.278651
    0.977612    0.139389    1.346770   -1.577473    0.451284      -27.270846        6.704099   26.273066    9.276223    0.198229    6.278651
    0.980100    0.124120    1.371447   -1.582476    0.406159      -27.298915        6.660539   26.285997    9.276402    0.198229    6.278651
    0.982587    0.108774    1.396199   -1.586946    0.359908      -27.323213        6.616464   26.297424    9.276526    0.198229    6.278651
    0.985075    0.093361    1.421016   -1.590871    0.312479      -27.343868        6.571860   26.307343    9.276608    0.198229    6.278651
    0.987562    0.077890    1.445890   -1.594236    0.263821      -27.361004        6.526709   26.315746    9.276657    0.198229    6.278651
    0.990050    0.062370    1.470812   -1.597026    0.213877      -27.374744        6.480995   26.322629    9.276685    0.198229    6.278651
    0.992537    0.046812    1.495774   -1.599226    0.162588      -27.385207        6.434701   26.327986    9.276698    0.198229    6.278651
    0.995025    0.031224    1.520764   -1.600820    0.109889      -27.392516        6.387807   26.331815    9.276703    0.198229    6.278651
    0.997512    0.015617    1.545775   -1.601791    0.055717      -27.396792        6.340296   26.334114    9.276704    0.198229    6.278651
    1.000000    0.000000    1.570796   -1.602118    0.000000      -27.398177        6.292147   26.334880    9.276704    0.198229    6.278651
