           t           r         psi          cs          qs               p             sig           A           V          Q2           S
    0.000000   -0.000000   -1.570796   -1.214296    0.000000        4.819982       -2.655642    0.000000    0.000000    0.085895    6.616369
    0.002488    0.016458   -1.550811   -1.214213   -0.013410        4.819981       -2.655711    0.000851    0.000000    0.085895    6.616369
    0.004975    0.032908   -1.530829   -1.213965   -0.026817        4.819976       -2.655780    0.003404    0.000001    0.085895    6.616369
    0.007463    0.049346   -1.510852   -1.213551   -0.040217        4.819969       -2.655849    0.007657    0.000006    0.085895    6.616369
    0.009950    0.065764   -1.490883   -1.212972   -0.053605        4.819959       -2.655916    0.013609    0.000018    0.085895    6.616369
    0.012438    0.082156   -1.470925   -1.212227   -0.066977        4.819945       -2.655983    0.021258    0.000044    0.085895    6.616369
    0.014925    0.098516   -1.450981   -1.211317   -0.080328        4.819928       -2.656050    0.030600    0.000090    0.085895    6.616369
    0.017413    0.114835   -1.431053   -1.210242   -0.093653        4.819907       -2.656116    0.041632    0.000167    0.085895    6.616369
    0.019900    0.131110   -1.411144   -1.209002   -0.106949        4.819882       -2.656182    0.054349    0.000284    0.085895    6.616369
    0.022388    0.147332   -1.391256   -1.207598   -0.120210        4.819853       -2.656247    0.068747    0.000454    0.085895    6.616369
    0.024876    0.163496   -1.371394   -1.206029   -0.133433        4.819820       -2.656312    0.084819    0.000690    0.085895    6.616369
    0.027363    0.179595   -1.351558   -1.204296   -0.146612        4.819782       -2.656376    0.102560    0.001006    0.085895    6.616369
    0.029851    0.195623   -1.331752   -1.202399   -0.159744        4.819740       -2.656440    0.121961    0.001421    0.085895    6.616369
    0.032338    0.211574   -1.311979   -1.200339   -0.172823        4.819693       -2.656504    0.143017    0.001949    0.085895    6.616369
    0.034826    0.227442   -1.292241   -1.198115   -0.185846        4.819640       -2.656568    0.165717    0.002612    0.085895    6.616369
    0.037313    0.243221   -1.272542   -1.195729   -0.198807        4.819582       -2.656631    0.190054    0.003427    0.085895    6.616369
    0.039801    0.258904   -1.252882   -1.193181   -0.211703        4.819519       -2.656694    0.216018    0.004416    0.085895    6.616369
    0.042289    0.274486   -1.233266   -1.190471   -0.224530        4.819449       -2.656757    0.243599    0.005601    0.085895    6.616369
    0.044776    0.289962   -1.213696   -1.187600   -0.237282        4.819373       -2.656821    0.272785    0.007004    0.085895    6.616369
    0.047264    0.305325   -1.194174   -1.184568   -0.249955        4.819290       -2.656884    0.303566    0.008649    0.085895    6.616369
    0.049751    0.320570   -1.174704   -1.181376   -0.262545        4.819200       -2.656947    0.335930    0.010558    0.085895    6.616369
    0.052239    0.335692   -1.155288   -1.178025   -0.275049        4.819102       -2.657010    0.369864    0.012757    0.085895    6.616369
    0.054726    0.350685   -1.135928   -1.174515   -0.287460        4.818997       -2.657073    0.405355    0.015270    0.085895    6.616369
    0.057214    0.365544   -1.116627   -1.170846   -0.299776        4.818883       -2.657136    0.442390    0.018123    0.085895    6.616369
    0.059701    0.380264   -1.097388   -1.167020   -0.311993        4.818760       -2.657199    0.480954    0.021341    0.085895    6.616369
    0.062189    0.394839   -1.078213   -1.163038   -0.324105        4.818628       -2.657263    0.521033    0.024949    0.085895    6.616369
    0.064677    0.409266   -1.059104   -1.158899   -0.336109        4.818486       -2.657326    0.562612    0.028974    0.085895    6.616369
    0.067164    0.423539   -1.040066   -1.154605   -0.348000        4.818333       -2.657390    0.605674    0.033439    0.085895    6.616369
    0.069652    0.437653   -1.021099   -1.150157   -0.359775        4.818169       -2.657454    0.650205    0.038372    0.085895    6.616369
    0.072139    0.451605   -1.002206   -1.145556   -0.371429        4.817994       -2.657519    0.696187    0.043796    0.085895    6.616369
    0.074627    0.465390   -0.983391   -1.140802   -0.382960        4.817806       -2.657583    0.743602    0.049736    0.085895    6.616369
    0.077114    0.479004   -0.964655   -1.135896   -0.394361        4.817604       -2.657648    0.792435    0.056217    0.085895    6.616369
    0.079602    0.492442   -0.946001   -1.130839   -0.405630        4.817389       -2.657714    0.842666    0.063261    0.085895    6.616369
    0.082090    0.505701   -0.927432   -1.125633   -0.416763        4.817158       -2.657779    0.894278    0.070893    0.085895    6.616369
    0.084577    0.518777   -0.908949   -1.120278   -0.427756        4.816912       -2.657845    0.947252    0.079133    0.085895    6.616369
    0.087065    0.531667   -0.890556   -1.114776   -0.438606        4.816649       -2.657912    1.001568    0.088004    0.085895    6.616369
    0.089552    0.544367   -0.872255   -1.109126   -0.449307        4.816368       -2.657978    1.057207    0.097526    0.085895    6.616369
    0.092040    0.556873   -0.854048   -1.103331   -0.459858        4.816069       -2.658046    1.114150    0.107718    0.085895    6.616369
    0.094527    0.569183   -0.835937   -1.097392   -0.470253        4.815749       -2.658113    1.172376    0.118599    0.085895    6.616369
    0.097015    0.581294   -0.817925   -1.091310   -0.480491        4.815408       -2.658181    1.231865    0.130187    0.085895    6.616369
    0.099502    0.593203   -0.800015   -1.085086   -0.490566        4.815045       -2.658250    1.292595    0.142497    0.085895    6.616369
    0.101990    0.604907   -0.782208   -1.078720   -0.500476        4.814658       -2.658319    1.354547    0.155544    0.085895    6.616369
    0.104478    0.616404   -0.764507   -1.072215   -0.510218        4.814246       -2.658388    1.417698    0.169343    0.085895    6.616369
    0.106965    0.627691   -0.746914   -1.065572   -0.519787        4.813807       -2.658457    1.482028    0.183906    0.085895    6.616369
    0.109453    0.638767   -0.729432   -1.058792   -0.529182        4.813339       -2.658527    1.547513    0.199244    0.085895    6.616369
    0.111940    0.649628   -0.712063   -1.051876   -0.538398        4.812842       -2.658598    1.614133    0.215368    0.085895    6.616369
    0.114428    0.660274   -0.694808   -1.044825   -0.547434        4.812313       -2.658668    1.681865    0.232285    0.085895    6.616369
    0.116915    0.670702   -0.677671   -1.037641   -0.556284        4.811750       -2.658739    1.750687    0.250002    0.085895    6.616369
    0.119403    0.680912   -0.660652   -1.030326   -0.564948        4.811153       -2.658811    1.820576    0.268526    0.085895    6.616369
    0.121891    0.690901   -0.643756   -1.022880   -0.573422        4.810517       -2.658882    1.891509    0.287861    0.085895    6.616369
    0.124378    0.700669   -0.626983   -1.015306   -0.581703        4.809843       -2.658953    1.963464    0.308010    0.085895    6.616369
    0.126866    0.710213   -0.610335   -1.007604   -0.589788        4.809127       -2.659025    2.036418    0.328975    0.085895    6.616369
    0.129353    0.719535   -0.593816   -0.999776   -0.597676        4.808368       -2.659096    2.110347    0.350754    0.085895    6.616369
    0.131841    0.728631   -0.577426   -0.991824   -0.605364        4.807563       -2.659167    2.185228    0.373348    0.085895    6.616369
    0.134328    0.737503   -0.561168   -0.983749   -0.612849        4.806710       -2.659238    2.261038    0.396754    0.085895    6.616369
    0.136816    0.746149   -0.545044   -0.975552   -0.620129        4.805807       -2.659309    2.337754    0.420968    0.085895    6.616369
    0.139303    0.754569   -0.529056   -0.967235   -0.627202        4.804852       -2.659379    2.415353    0.445984    0.085895    6.616369
    0.141791    0.762763   -0.513206   -0.958800   -0.634065        4.803844       -2.659448    2.493810    0.471796    0.085895    6.616369
    0.144279    0.770730   -0.497496   -0.950249   -0.640718        4.802778       -2.659516    2.573104    0.498396    0.085895    6.616369
    0.146766    0.778472   -0.481927   -0.941582   -0.647158        4.801655       -2.659583    2.653209    0.525776    0.085895    6.616369
    0.149254    0.785987   -0.466502   -0.932801   -0.653384        4.800473       -2.659649    2.734104    0.553925    0.085895    6.616369
    0.151741    0.793277   -0.451223   -0.923908   -0.659392        4.799229       -2.659713    2.815763    0.582831    0.085895    6.616369
    0.154229    0.800342   -0.436090   -0.914905   -0.665184        4.797923       -2.659775    2.898165    0.612484    0.085895    6.616369
    0.156716    0.807181   -0.421107   -0.905794   -0.670755        4.796554       -2.659835    2.981286    0.642868    0.085895    6.616369
    0.159204    0.813797   -0.406275   -0.896575   -0.676106        4.795122       -2.659893    3.065103    0.673970    0.085895    6.616369
    0.161692    0.820190   -0.391595   -0.887251   -0.681235        4.793627       -2.659947    3.149593    0.705774    0.085895    6.616369
    0.164179    0.826361   -0.377070   -0.877822   -0.686141        4.792070       -2.659998    3.234732    0.738265    0.085895    6.616369
    0.166667    0.832311   -0.362700   -0.868292   -0.690822        4.790452       -2.660045    3.320497    0.771425    0.085895    6.616369
    0.169154    0.838041   -0.348488   -0.858661   -0.695277        4.788776       -2.660087    3.406867    0.805237    0.085895    6.616369
    0.171642    0.843552   -0.334436   -0.848932   -0.699506        4.787046       -2.660125    3.493818    0.839681    0.085895    6.616369
    0.174129    0.848846   -0.320544   -0.839105   -0.703507        4.785266       -2.660158    3.581327    0.874740    0.085895    6.616369
    0.176617    0.853924   -0.306815   -0.829183   -0.707278        4.783442       -2.660184    3.669373    0.910392    0.085895    6.616369
    0.179104    0.858788   -0.293250   -0.819168   -0.710820        4.781580       -2.660204    3.757933    0.946618    0.085895    6.616369
    0.181592    0.863440   -0.279851   -0.809060   -0.714130        4.779690       -2.660217    3.846985    0.983398    0.085895    6.616369
    0.184080    0.867881   -0.266619   -0.798863   -0.717208        4.777780       -2.660221    3.936507    1.020709    0.085895    6.616369
    0.186567    0.872113   -0.253555   -0.788577   -0.720052        4.775863       -2.660218    4.026477    1.058530    0.085895    6.616369
    0.189055    0.876139   -0.240661   -0.778204   -0.722660        4.773952       -2.660205    4.116875    1.096840    0.085895    6.616369
    0.191542    0.879959   -0.227939   -0.767747   -0.725032        4.772059       -2.660182    4.207678    1.135617    0.085895    6.616369
    0.194030    0.883578   -0.215390   -0.757207   -0.727166        4.770202       -2.660149    4.298866    1.174837    0.085895    6.616369
    0.196517    0.886996   -0.203015   -0.746586   -0.729059        4.768396       -2.660104    4.390417    1.214479    0.085895    6.616369
    0.199005    0.890215   -0.190815   -0.735885   -0.730709        4.766659       -2.660048    4.482312    1.254520    0.085895    6.616369
    0.201493    0.893239   -0.178792   -0.725107   -0.732115        4.765009       -2.659980    4.574529    1.294937    0.085895    6.616369
    0.203980    0.896070   -0.166947   -0.714254   -0.733274        4.763466       -2.659899    4.667050    1.335707    0.085895    6.616369
    0.206468    0.898710   -0.155281   -0.703328   -0.734184        4.762045       -2.659804    4.759853    1.376809    0.085895    6.616369
    0.208955    0.901162   -0.143795   -0.692331   -0.734841        4.760765       -2.659697    4.852919    1.418219    0.085895    6.616369
    0.211443    0.903428   -0.132491   -0.681265   -0.735244        4.759640       -2.659576    4.946229    1.459916    0.085895    6.616369
    0.213930    0.905511   -0.121370   -0.670131   -0.735388        4.758685       -2.659441    5.039764    1.501876    0.085895    6.616369
    0.216418    0.907414   -0.110433   -0.658934   -0.735271        4.757910       -2.659294    5.133506    1.544078    0.085895    6.616369
    0.218905    0.909140   -0.099680   -0.647674   -0.734889        4.757323       -2.659133    5.227435    1.586500    0.085895    6.616369
    0.221393    0.910691   -0.089114   -0.636354   -0.734241        4.756926       -2.658959    5.321533    1.629121    0.085895    6.616369
    0.223881    0.912071   -0.078734   -0.624977   -0.733323        4.756719       -2.658774    5.415783    1.671919    0.085895    6.616369
    0.226368    0.913281   -0.068541   -0.613544   -0.732132        4.756697       -2.658578    5.510166    1.714873    0.085895    6.616369
    0.228856    0.914326   -0.058538   -0.602060   -0.730666        4.756851       -2.658371    5.604666    1.757964    0.085895    6.616369
    0.231343    0.915208   -0.048724   -0.590525   -0.728923        4.757165       -2.658155    5.699266    1.801171    0.085895    6.616369
    0.233831    0.915930   -0.039100   -0.578944   -0.726902        4.757621       -2.657932    5.793949    1.844474    0.085895    6.616369
    0.236318    0.916496   -0.029667   -0.567318   -0.724601        4.758198       -2.657702    5.888698    1.887854    0.085895    6.616369
    0.238806    0.916908   -0.020425   -0.555650   -0.722021        4.758869       -2.657467    5.983498    1.931292    0.085895    6.616369
    0.241294    0.917169   -0.011376   -0.543944   -0.719160        4.759608       -2.657229    6.078333    1.974771    0.085895    6.616369
    0.243781    0.917283   -0.002520   -0.532202   -0.716021        4.760385       -2.656989    6.173187    2.018271    0.085895    6.616369
    0.246269    0.917253    0.006142   -0.520426   -0.712605        4.761170       -2.656748    6.268045    2.061777    0.085895    6.616369
    0.248756    0.917082    0.014611   -0.508620   -0.708913        4.761935       -2.656508    6.362893    2.105271    0.085895    6.616369
    0.251244    0.916773    0.022884   -0.496786   -0.704949        4.762651       -2.656271    6.457716    2.148737    0.085895    6.616369
    0.253731    0.916330    0.030963   -0.484928   -0.700716        4.763292       -2.656038    6.552500    2.192158    0.085895    6.616369
    0.256219    0.915755    0.038847   -0.473048   -0.696219        4.763836       -2.655810    6.647232    2.235521    0.085895    6.616369
    0.258706    0.915053    0.046535   -0.461148   -0.691461        4.764262       -2.655588    6.741897    2.278811    0.085895    6.616369
    0.261194    0.914225    0.054026   -0.449233   -0.686448        4.764554       -2.655374    6.836483    2.322013    0.085895    6.616369
    0.263682    0.913276    0.061322   -0.437303   -0.681186        4.764698       -2.655167    6.930978    2.365113    0.085895    6.616369
    0.266169    0.912209    0.068421   -0.425363   -0.675680        4.764685       -2.654971    7.025368    2.408100    0.085895    6.616369
    0.268657    0.911027    0.075324   -0.413414   -0.669936        4.764510       -2.654783    7.119642    2.450960    0.085895    6.616369
    0.271144    0.909733    0.082030   -0.401459   -0.663962        4.764170       -2.654606    7.213787    2.493682    0.085895    6.616369
    0.273632    0.908331    0.088539   -0.389501   -0.657763        4.763666       -2.654440    7.307794    2.536255    0.085895    6.616369
    0.276119    0.906823    0.094851   -0.377542   -0.651346        4.763001       -2.654284    7.401649    2.578667    0.085895    6.616369
    0.278607    0.905214    0.100966   -0.365585   -0.644719        4.762181       -2.654140    7.495344    2.620908    0.085895    6.616369
    0.281095    0.903507    0.106885   -0.353632   -0.637887        4.761214       -2.654006    7.588867    2.662969    0.085895    6.616369
    0.283582    0.901704    0.112607   -0.341686   -0.630859        4.760107       -2.653883    7.682209    2.704842    0.085895    6.616369
    0.286070    0.899809    0.118132   -0.329748   -0.623640        4.758872       -2.653771    7.775359    2.746516    0.085895    6.616369
    0.288557    0.897825    0.123461   -0.317821   -0.616239        4.757520       -2.653670    7.868309    2.787984    0.085895    6.616369
    0.291045    0.895756    0.128594   -0.305908   -0.608661        4.756061       -2.653578    7.961049    2.829239    0.085895    6.616369
    0.293532    0.893605    0.133531   -0.294011   -0.600913        4.754507       -2.653497    8.053571    2.870273    0.085895    6.616369
    0.296020    0.891375    0.138272   -0.282131   -0.593003        4.752870       -2.653426    8.145866    2.911080    0.085895    6.616369
    0.298507    0.889069    0.142818   -0.270272   -0.584937        4.751161       -2.653363    8.237927    2.951653    0.085895    6.616369
    0.300995    0.886691    0.147169   -0.258435   -0.576722        4.749389       -2.653310    8.329746    2.991987    0.085895    6.616369
    0.303483    0.884243    0.151325   -0.246622   -0.568365        4.747567       -2.653265    8.421315    3.032078    0.085895    6.616369
    0.305970    0.881729    0.155287   -0.234836   -0.559873        4.745702       -2.653228    8.512627    3.071919    0.085895    6.616369
    0.308458    0.879153    0.159056   -0.223080   -0.551252        4.743804       -2.653199    8.603677    3.111507    0.085895    6.616369
    0.310945    0.876517    0.162631   -0.211354   -0.542509        4.741881       -2.653177    8.694456    3.150837    0.085895    6.616369
    0.313433    0.873824    0.166013   -0.199662   -0.533650        4.739941       -2.653161    8.784960    3.189907    0.085895    6.616369
    0.315920    0.871078    0.169203   -0.188005   -0.524684        4.737990       -2.653152    8.875183    3.228713    0.085895    6.616369
    0.318408    0.868282    0.172202   -0.176387   -0.515616        4.736034       -2.653149    8.965120    3.267253    0.085895    6.616369
    0.320896    0.865439    0.175010   -0.164808   -0.506454        4.734080       -2.653152    9.054764    3.305524    0.085895    6.616369
    0.323383    0.862552    0.177627   -0.153273   -0.497204        4.732130       -2.653160    9.144113    3.343524    0.085895    6.616369
    0.325871    0.859624    0.180055   -0.141782   -0.487873        4.730191       -2.653172    9.233161    3.381251    0.085895    6.616369
    0.328358    0.856658    0.182295   -0.130338   -0.478469        4.728265       -2.653190    9.321903    3.418705    0.085895    6.616369
    0.330846    0.853657    0.184346   -0.118944   -0.468999        4.726356       -2.653211    9.410338    3.455884    0.085895    6.616369
    0.333333    0.850625    0.186210   -0.107601   -0.459469        4.724465       -2.653237    9.498460    3.492788    0.085895    6.616369
    0.335821    0.847564    0.187888   -0.096314   -0.449888        4.722597       -2.653266    9.586268    3.529416    0.085895    6.616369
    0.338308    0.844478    0.189381   -0.085084   -0.440263        4.720751       -2.653299    9.673757    3.565768    0.085895    6.616369
    0.340796    0.841368    0.190689   -0.073913   -0.430600        4.718931       -2.653335    9.760926    3.601846    0.085895    6.616369
    0.343284    0.838240    0.191814   -0.062805   -0.420908        4.717137       -2.653373    9.847772    3.637648    0.085895    6.616369
    0.345771    0.835094    0.192757   -0.051762   -0.411195        4.715369       -2.653415    9.934295    3.673176    0.085895    6.616369
    0.348259    0.831935    0.193518   -0.040787   -0.401467        4.713630       -2.653459   10.020491    3.708430    0.085895    6.616369
    0.350746    0.828765    0.194100   -0.029882   -0.391733        4.711918       -2.653505   10.106359    3.743414    0.085895    6.616369
    0.353234    0.825586    0.194502   -0.019051   -0.382000        4.710236       -2.653554   10.191900    3.778126    0.085895    6.616369
    0.355721    0.822403    0.194727   -0.008297   -0.372277        4.708581       -2.653604   10.277111    3.812570    0.085895    6.616369
    0.358209    0.819218    0.194776    0.002377   -0.362570        4.706956       -2.653656   10.361993    3.846748    0.085895    6.616369
    0.360697    0.816033    0.194650    0.012969   -0.352888        4.705358       -2.653710   10.446546    3.880661    0.085895    6.616369
    0.363184    0.812852    0.194350    0.023474   -0.343239        4.703789       -2.653766   10.530770    3.914312    0.085895    6.616369
    0.365672    0.809677    0.193877    0.033890   -0.333631        4.702248       -2.653823   10.614665    3.947703    0.085895    6.616369
    0.368159    0.806511    0.193235    0.044213   -0.324071        4.700734       -2.653881   10.698232    3.980837    0.085895    6.616369
    0.370647    0.803357    0.192423    0.054440   -0.314567        4.699247       -2.653941   10.781472    4.013718    0.085895    6.616369
    0.373134    0.800217    0.191443    0.064567   -0.305128        4.697787       -2.654001   10.864387    4.046347    0.085895    6.616369
    0.375622    0.797094    0.190298    0.074591   -0.295760        4.696352       -2.654063   10.946977    4.078729    0.085895    6.616369
    0.378109    0.793991    0.188988    0.084507   -0.286472        4.694943       -2.654125   11.029246    4.110867    0.085895    6.616369
    0.380597    0.790911    0.187517    0.094312   -0.277270        4.693558       -2.654189   11.111196    4.142763    0.085895    6.616369
    0.383085    0.787856    0.185884    0.104002   -0.268163        4.692197       -2.654253   11.192828    4.174423    0.085895    6.616369
    0.385572    0.784828    0.184094    0.113573   -0.259158        4.690860       -2.654318   11.274145    4.205849    0.085895    6.616369
    0.388060    0.781831    0.182147    0.123021   -0.250261        4.689544       -2.654383   11.355151    4.237045    0.085895    6.616369
    0.390547    0.778866    0.180045    0.132341   -0.241479        4.688251       -2.654449   11.435849    4.268016    0.085895    6.616369
    0.393035    0.775937    0.177791    0.141530   -0.232819        4.686979       -2.654516   11.516241    4.298766    0.085895    6.616369
    0.395522    0.773046    0.175387    0.150582   -0.224288        4.685727       -2.654583   11.596333    4.329299    0.085895    6.616369
    0.398010    0.770194    0.172835    0.159494   -0.215891        4.684495       -2.654651   11.676128    4.359619    0.085895    6.616369
    0.400498    0.767385    0.170138    0.168260   -0.207635        4.683282       -2.654719   11.755630    4.389730    0.085895    6.616369
    0.402985    0.764621    0.167297    0.176877   -0.199525        4.682088       -2.654787   11.834844    4.419639    0.085895    6.616369
    0.405473    0.761905    0.164316    0.185339   -0.191566        4.680911       -2.654856   11.913775    4.449348    0.085895    6.616369
    0.407960    0.759238    0.161197    0.193642   -0.183762        4.679751       -2.654925   11.992427    4.478862    0.085895    6.616369
    0.410448    0.756622    0.157943    0.201780   -0.176119        4.678607       -2.654994   12.070806    4.508188    0.085895    6.616369
    0.412935    0.754061    0.154556    0.209750   -0.168640        4.677479       -2.655064   12.148918    4.537329    0.085895    6.616369
    0.415423    0.751556    0.151039    0.217545   -0.161330        4.676366       -2.655134   12.226767    4.566290    0.085895    6.616369
    0.417910    0.749109    0.147396    0.225161   -0.154189        4.675268       -2.655203   12.304360    4.595076    0.085895    6.616369
    0.420398    0.746722    0.143629    0.232593   -0.147223        4.674183       -2.655274   12.381704    4.623694    0.085895    6.616369
    0.422886    0.744398    0.139741    0.239836   -0.140432        4.673112       -2.655344   12.458804    4.652147    0.085895    6.616369
    0.425373    0.742138    0.135735    0.246885   -0.133817        4.672053       -2.655414   12.535666    4.680441    0.085895    6.616369
    0.427861    0.739944    0.131615    0.253734   -0.127381        4.671006       -2.655485   12.612299    4.708581    0.085895    6.616369
    0.430348    0.737819    0.127384    0.260379   -0.121124        4.669971       -2.655556   12.688708    4.736573    0.085895    6.616369
    0.432836    0.735763    0.123045    0.266815   -0.115044        4.668947       -2.655626   12.764901    4.764422    0.085895    6.616369
    0.435323    0.733779    0.118602    0.273036   -0.109142        4.667933       -2.655697   12.840885    4.792134    0.085895    6.616369
    0.437811    0.731869    0.114059    0.279038   -0.103416        4.666929       -2.655768   12.916667    4.819713    0.085895    6.616369
    0.440299    0.730033    0.109418    0.284816   -0.097865        4.665934       -2.655839   12.992256    4.847167    0.085895    6.616369
    0.442786    0.728274    0.104685    0.290365   -0.092485        4.664949       -2.655910   13.067659    4.874499    0.085895    6.616369
    0.445274    0.726594    0.099862    0.295680   -0.087273        4.663971       -2.655982   13.142884    4.901717    0.085895    6.616369
    0.447761    0.724993    0.094953    0.300757   -0.082226        4.663001       -2.656053   13.217940    4.928825    0.085895    6.616369
    0.450249    0.723474    0.089963    0.305591   -0.077339        4.662039       -2.656124   13.292834    4.955829    0.085895    6.616369
    0.452736    0.722036    0.084895    0.310178   -0.072607        4.661084       -2.656195   13.367575    4.982735    0.085895    6.616369
    0.455224    0.720683    0.079754    0.314513   -0.068024        4.660135       -2.656267   13.442172    5.009550    0.085895    6.616369
    0.457711    0.719414    0.074544    0.318593   -0.063584        4.659192       -2.656338   13.516634    5.036277    0.085895    6.616369
    0.460199    0.718232    0.069268    0.322414   -0.059281        4.658255       -2.656409   13.590968    5.062925    0.085895    6.616369
    0.462687    0.717136    0.063932    0.325972   -0.055107        4.657322       -2.656481   13.665185    5.089498    0.085895    6.616369
    0.465174    0.716129    0.058540    0.329264   -0.051054        4.656395       -2.656552   13.739293    5.116002    0.085895    6.616369
    0.467662    0.715211    0.053095    0.332286   -0.047114        4.655471       -2.656623   13.813302    5.142443    0.085895    6.616369
    0.470149    0.714382    0.047603    0.335036   -0.043279        4.654552       -2.656695   13.887220    5.168827    0.085895    6.616369
    0.472637    0.713645    0.042068    0.337510   -0.039537        4.653636       -2.656766   13.961057    5.195161    0.085895    6.616369
    0.475124    0.712998    0.036495    0.339707   -0.035882        4.652723       -2.656838   14.034823    5.221450    0.085895    6.616369
    0.477612    0.712444    0.030888    0.341624   -0.032301        4.651812       -2.656909   14.108526    5.247699    0.085895    6.616369
    0.480100    0.711982    0.025251    0.343259   -0.028785        4.650904       -2.656980   14.182177    5.273916    0.085895    6.616369
    0.482587    0.711613    0.019590    0.344610   -0.025324        4.649997       -2.657052   14.255785    5.300106    0.085895    6.616369
    0.485075    0.711337    0.013909    0.345677   -0.021907        4.649092       -2.657123   14.329360    5.326276    0.085895    6.616369
    0.487562    0.711155    0.008213    0.346458   -0.018522        4.648187       -2.657195   14.402911    5.352430    0.085895    6.616369
    0.490050    0.711067    0.002506    0.346953   -0.015159        4.647284       -2.657266   14.476448    5.378576    0.085895    6.616369
    0.492537    0.711073   -0.003206    0.347161   -0.011806        4.646380       -2.657338   14.549981    5.404719    0.085895    6.616369
    0.495025    0.711172   -0.008920    0.347081   -0.008453        4.645476       -2.657409   14.623519    5.430866    0.085895    6.616369
    0.497512    0.711366   -0.014630    0.346715   -0.005088        4.644572       -2.657481   14.697072    5.457022    0.085895    6.616369
    0.500000    0.711654   -0.020331    0.346063   -0.001701        4.643667       -2.657552   14.770651    5.483193    0.085895    6.616369
    0.502488    0.712035   -0.026020    0.345125    0.001721        4.642760       -2.657623   14.844264    5.509386    0.085895    6.616369
    0.504975    0.712510   -0.031690    0.343903    0.005187        4.641851       -2.657695   14.917921    5.535607    0.085895    6.616369
    0.507463    0.713078   -0.037338    0.342398    0.008708        4.640940       -2.657766   14.991632    5.561862    0.085895    6.616369
    0.509950    0.713739   -0.042960    0.340612    0.012295        4.640027       -2.657838   15.065406    5.588156    0.085895    6.616369
    0.512438    0.714492   -0.048549    0.338547    0.015956        4.639110       -2.657909   15.139254    5.614496    0.085895    6.616369
    0.514925    0.715336   -0.054102    0.336205    0.019703        4.638190       -2.657980   15.213185    5.640888    0.085895    6.616369
    0.517413    0.716271   -0.059614    0.333589    0.023544        4.637266       -2.658052   15.287207    5.667337    0.085895    6.616369
    0.519900    0.717297   -0.065081    0.330702    0.027488        4.636338       -2.658123   15.361331    5.693851    0.085895    6.616369
    0.522388    0.718412   -0.070499    0.327547    0.031543        4.635405       -2.658195   15.435565    5.720434    0.085895    6.616369
    0.524876    0.719615   -0.075862    0.324126    0.035717        4.634467       -2.658266   15.509919    5.747093    0.085895    6.616369
    0.527363    0.720906   -0.081167    0.320445    0.040018        4.633523       -2.658337   15.584403    5.773834    0.085895    6.616369
    0.529851    0.722284   -0.086409    0.316506    0.044452        4.632573       -2.658409   15.659024    5.800662    0.085895    6.616369
    0.532338    0.723747   -0.091584    0.312313    0.049025        4.631617       -2.658480   15.733792    5.827584    0.085895    6.616369
    0.534826    0.725294   -0.096688    0.307871    0.053743        4.630653       -2.658551   15.808716    5.854606    0.085895    6.616369
    0.537313    0.726924   -0.101717    0.303184    0.058611        4.629682       -2.658622   15.883804    5.881732    0.085895    6.616369
    0.539801    0.728636   -0.106666    0.298256    0.063633        4.628703       -2.658693   15.959065    5.908970    0.085895    6.616369
    0.542289    0.730428   -0.111533    0.293093    0.068813        4.627715       -2.658764   16.034507    5.936325    0.085895    6.616369
    0.544776    0.732299   -0.116313    0.287698    0.074154        4.626719       -2.658835   16.110139    5.963803    0.085895    6.616369
    0.547264    0.734248   -0.121002    0.282077    0.079658        4.625713       -2.658906   16.185968    5.991408    0.085895    6.616369
    0.549751    0.736272   -0.125597    0.276235    0.085328        4.624696       -2.658977   16.262002    6.019149    0.085895    6.616369
    0.552239    0.738371   -0.130094    0.270177    0.091164        4.623670       -2.659048   16.338250    6.047028    0.085895    6.616369
    0.554726    0.740542   -0.134489    0.263907    0.097168        4.622632       -2.659119   16.414719    6.075054    0.085895    6.616369
    0.557214    0.742784   -0.138780    0.257431    0.103338        4.621582       -2.659189   16.491415    6.103230    0.085895    6.616369
    0.559701    0.745095   -0.142962    0.250755    0.109674        4.620520       -2.659260   16.568347    6.131563    0.085895    6.616369
    0.562189    0.747473   -0.147033    0.243883    0.116176        4.619445       -2.659330   16.645522    6.160057    0.085895    6.616369
    0.564677    0.749917   -0.150989    0.236821    0.122841        4.618356       -2.659400   16.722946    6.188719    0.085895    6.616369
    0.567164    0.752424   -0.154827    0.229574    0.129666        4.617253       -2.659470   16.800626    6.217554    0.085895    6.616369
    0.569652    0.754992   -0.158545    0.222147    0.136649        4.616135       -2.659540   16.878568    6.246567    0.085895    6.616369
    0.572139    0.757620   -0.162139    0.214545    0.143787        4.615002       -2.659609   16.956779    6.275763    0.085895    6.616369
    0.574627    0.760305   -0.165606    0.206774    0.151076        4.613853       -2.659678   17.035265    6.305148    0.085895    6.616369
    0.577114    0.763046   -0.168944    0.198839    0.158510        4.612686       -2.659747   17.114032    6.334726    0.085895    6.616369
    0.579602    0.765839   -0.172151    0.190745    0.166086        4.611503       -2.659816   17.193084    6.364503    0.085895    6.616369
    0.582090    0.768684   -0.175222    0.182497    0.173798        4.610301       -2.659884   17.272428    6.394484    0.085895    6.616369
    0.584577    0.771577   -0.178157    0.174101    0.181640        4.609079       -2.659952   17.352069    6.424673    0.085895    6.616369
    0.587065    0.774516   -0.180953    0.165560    0.189606        4.607839       -2.660019   17.432011    6.455075    0.085895    6.616369
    0.589552    0.777500   -0.183606    0.156880    0.197690        4.606577       -2.660086   17.512260    6.485696    0.085895    6.616369
    0.592040    0.780526   -0.186116    0.148067    0.205885        4.605295       -2.660152   17.592819    6.516540    0.085895    6.616369
    0.594527    0.783590   -0.188479    0.139124    0.214185        4.603990       -2.660218   17.673694    6.547611    0.085895    6.616369
    0.597015    0.786692   -0.190695    0.130056    0.222581        4.602663       -2.660283   17.754887    6.578914    0.085895    6.616369
    0.599502    0.789829   -0.192760    0.120869    0.231067        4.601312       -2.660348   17.836403    6.610453    0.085895    6.616369
    0.601990    0.792997   -0.194673    0.111565    0.239635        4.599937       -2.660411   17.918245    6.642232    0.085895    6.616369
    0.604478    0.796196   -0.196432    0.102151    0.248276        4.598537       -2.660474   18.000416    6.674256    0.085895    6.616369
    0.606965    0.799421   -0.198035    0.092630    0.256983        4.597111       -2.660536   18.082919    6.706529    0.085895    6.616369
    0.609453    0.802671   -0.199480    0.083007    0.265748        4.595659       -2.660597   18.165757    6.739054    0.085895    6.616369
    0.611940    0.805943   -0.200767    0.073286    0.274562        4.594179       -2.660657   18.248932    6.771836    0.085895    6.616369
    0.614428    0.809235   -0.201892    0.063471    0.283416        4.592672       -2.660715   18.332447    6.804877    0.085895    6.616369
    0.616915    0.812543   -0.202855    0.053566    0.292302        4.591137       -2.660772   18.416303    6.838182    0.085895    6.616369
    0.619403    0.815865   -0.203655    0.043574    0.301212        4.589573       -2.660828   18.500502    6.871754    0.085895    6.616369
    0.621891    0.819200   -0.204289    0.033501    0.310137        4.587979       -2.660882   18.585045    6.905596    0.085895    6.616369
    0.624378    0.822543   -0.204757    0.023350    0.319068        4.586356       -2.660934   18.669933    6.939711    0.085895    6.616369
    0.626866    0.825892   -0.205057    0.013124    0.327997        4.584704       -2.660984   18.755168    6.974102    0.085895    6.616369
    0.629353    0.829244   -0.205189    0.002827    0.336915        4.583021       -2.661033   18.840749    7.008771    0.085895    6.616369
    0.631841    0.832598   -0.205150   -0.007537    0.345813        4.581308       -2.661079   18.926677    7.043722    0.085895    6.616369
    0.634328    0.835949   -0.204940   -0.017965    0.354683        4.579566       -2.661122   19.012951    7.078956    0.085895    6.616369
    0.636816    0.839296   -0.204558   -0.028453    0.363516        4.577795       -2.661163   19.099572    7.114476    0.085895    6.616369
    0.639303    0.842635   -0.204003   -0.038998    0.372304        4.575996       -2.661200   19.186538    7.150284    0.085895    6.616369
    0.641791    0.845964   -0.203274   -0.049596    0.381039        4.574170       -2.661235   19.273850    7.186381    0.085895    6.616369
    0.644279    0.849279   -0.202371   -0.060244    0.389712        4.572317       -2.661266   19.361504    7.222768    0.085895    6.616369
    0.646766    0.852579   -0.201291   -0.070939    0.398315        4.570442       -2.661293   19.449501    7.259448    0.085895    6.616369
    0.649254    0.855859   -0.200035   -0.081678    0.406841        4.568544       -2.661316   19.537839    7.296420    0.085895    6.616369
    0.651741    0.859119   -0.198602   -0.092457    0.415281        4.566628       -2.661334   19.626514    7.333687    0.085895    6.616369
    0.654229    0.862353   -0.196992   -0.103274    0.423629        4.564697       -2.661347   19.715525    7.371247    0.085895    6.616369
    0.656716    0.865560   -0.195203   -0.114125    0.431877        4.562755       -2.661355   19.804869    7.409103    0.085895    6.616369
    0.659204    0.868737   -0.193235   -0.125008    0.440017        4.560808       -2.661357   19.894544    7.447252    0.085895    6.616369
    0.661692    0.871880   -0.191088   -0.135919    0.448043        4.558861       -2.661353   19.984545    7.485696    0.085895    6.616369
    0.664179    0.874988   -0.188761   -0.146855    0.455948        4.556921       -2.661342   20.074869    7.524433    0.085895    6.616369
    0.666667    0.878056   -0.186253   -0.157814    0.463726        4.554997       -2.661323   20.165513    7.563462    0.085895    6.616369
    0.669154    0.881082   -0.183566   -0.168793    0.471370        4.553099       -2.661296   20.256472    7.602783    0.085895    6.616369
    0.671642    0.884064   -0.180697   -0.179788    0.478876        4.551237       -2.661260   20.347742    7.642393    0.085895    6.616369
    0.674129    0.886997   -0.177647   -0.190798    0.486237        4.549425       -2.661215   20.439317    7.682290    0.085895    6.616369
    0.676617    0.889880   -0.174416   -0.201819    0.493449        4.547677       -2.661160   20.531193    7.722473    0.085895    6.616369
    0.679104    0.892708   -0.171004   -0.212849    0.500508        4.546009       -2.661093   20.623365    7.762938    0.085895    6.616369
    0.681592    0.895480   -0.167410   -0.223884    0.507408        4.544440       -2.661015   20.715826    7.803682    0.085895    6.616369
    0.684080    0.898192   -0.163634   -0.234923    0.514148        4.542993       -2.660923   20.808571    7.844702    0.085895    6.616369
    0.686567    0.900842   -0.159677   -0.245963    0.520722        4.541689       -2.660818   20.901593    7.885994    0.085895    6.616369
    0.689055    0.903425   -0.155538   -0.257002    0.527131        4.540556       -2.660698   20.994885    7.927554    0.085895    6.616369
    0.691542    0.905940   -0.151217   -0.268036    0.533370        4.539622       -2.660562   21.088441    7.969377    0.085895    6.616369
    0.694030    0.908383   -0.146715   -0.279064    0.539441        4.538920       -2.660409   21.182254    8.011457    0.085895    6.616369
    0.696517    0.910751   -0.142031   -0.290083    0.545341        4.538483       -2.660239   21.276315    8.053790    0.085895    6.616369
    0.699005    0.913041   -0.137166   -0.301091    0.551071        4.538350       -2.660049   21.370618    8.096369    0.085895    6.616369
    0.701493    0.915251   -0.132120   -0.312086    0.556634        4.538558       -2.659840   21.465153    8.139187    0.085895    6.616369
    0.703980    0.917377   -0.126893   -0.323066    0.562030        4.539151       -2.659609   21.559912    8.182239    0.085895    6.616369
    0.706468    0.919416   -0.121486   -0.334029    0.567262        4.540170       -2.659356   21.654886    8.225515    0.085895    6.616369
    0.708955    0.921365   -0.115898   -0.344973    0.572335        4.541661       -2.659079   21.750067    8.269009    0.085895    6.616369
    0.711443    0.923221   -0.110130   -0.355897    0.577253        4.543666       -2.658779   21.845445    8.312712    0.085895    6.616369
    0.713930    0.924982   -0.104183   -0.366799    0.582022        4.546229       -2.658455   21.941009    8.356614    0.085895    6.616369
    0.716418    0.926644   -0.098057   -0.377677    0.586648        4.549390       -2.658105   22.036751    8.400708    0.085895    6.616369
    0.718905    0.928203   -0.091751   -0.388531    0.591138        4.553184       -2.657729   22.132659    8.444981    0.085895    6.616369
    0.721393    0.929659   -0.085267   -0.399359    0.595499        4.557642       -2.657327   22.228723    8.489426    0.085895    6.616369
    0.723881    0.931006   -0.078606   -0.410160    0.599742        4.562787       -2.656900   22.324932    8.534029    0.085895    6.616369
    0.726368    0.932242   -0.071766   -0.420934    0.603873        4.568631       -2.656448   22.421275    8.578780    0.085895    6.616369
    0.728856    0.933365   -0.064750   -0.431681    0.607903        4.575174       -2.655972   22.517740    8.623667    0.085895    6.616369
    0.731343    0.934371   -0.057557   -0.442400    0.611840        4.582405       -2.655472   22.614314    8.668677    0.085895    6.616369
    0.733831    0.935258   -0.050187   -0.453090    0.615693        4.590295       -2.654950   22.710987    8.713797    0.085895    6.616369
    0.736318    0.936022   -0.042642   -0.463752    0.619471        4.598801       -2.654408   22.807745    8.759014    0.085895    6.616369
    0.738806    0.936660   -0.034922   -0.474386    0.623181        4.607862       -2.653849   22.904576    8.804314    0.085895    6.616369
    0.741294    0.937170   -0.027027   -0.484993    0.626829        4.617400       -2.653275   23.001466    8.849681    0.085895    6.616369
    0.743781    0.937549   -0.018957   -0.495572    0.630421        4.627323       -2.652690   23.098402    8.895102    0.085895    6.616369
    0.746269    0.937793   -0.010714   -0.506124    0.633960        4.637524       -2.652095   23.195370    8.940559    0.085895    6.616369
    0.748756    0.937900   -0.002297   -0.516651    0.637447        4.647885       -2.651496   23.292356    8.986038    0.085895    6.616369
    0.751244    0.937868    0.006292   -0.527152    0.640883        4.658280       -2.650896   23.389346    9.031521    0.085895    6.616369
    0.753731    0.937692    0.015055   -0.537628    0.644266        4.668581       -2.650299   23.486326    9.076991    0.085895    6.616369
    0.756219    0.937371    0.023990   -0.548080    0.647590        4.678657       -2.649709   23.583280    9.122432    0.085895    6.616369
    0.758706    0.936902    0.033096   -0.558509    0.650849        4.688387       -2.649129   23.680193    9.167824    0.085895    6.616369
    0.761194    0.936281    0.042374   -0.568914    0.654035        4.697654       -2.648563   23.777049    9.213150    0.085895    6.616369
    0.763682    0.935506    0.051823   -0.579296    0.657138        4.706359       -2.648015   23.873834    9.258390    0.085895    6.616369
    0.766169    0.934575    0.061443   -0.589655    0.660145        4.714414       -2.647488   23.970530    9.303526    0.085895    6.616369
    0.768657    0.933484    0.071233   -0.599991    0.663044        4.721754       -2.646985   24.067122    9.348537    0.085895    6.616369
    0.771144    0.932231    0.081193   -0.610305    0.665821        4.728330       -2.646507   24.163593    9.393404    0.085895    6.616369
    0.773632    0.930814    0.091322   -0.620594    0.668462        4.734115       -2.646056   24.259926    9.438105    0.085895    6.616369
    0.776119    0.929229    0.101621   -0.630859    0.670951        4.739099       -2.645635   24.356103    9.482621    0.085895    6.616369
    0.778607    0.927473    0.112088   -0.641099    0.673275        4.743290       -2.645244   24.452108    9.526931    0.085895    6.616369
    0.781095    0.925546    0.122724   -0.651313    0.675419        4.746712       -2.644883   24.547922    9.571012    0.085895    6.616369
    0.783582    0.923443    0.133527   -0.661499    0.677368        4.749403       -2.644552   24.643528    9.614844    0.085895    6.616369
    0.786070    0.921163    0.144498   -0.671655    0.679112        4.751408       -2.644252   24.738907    9.658405    0.085895    6.616369
    0.788557    0.918702    0.155636   -0.681781    0.680636        4.752782       -2.643981   24.834041    9.701672    0.085895    6.616369
    0.791045    0.916059    0.166941   -0.691874    0.681931        4.753585       -2.643739   24.928912    9.744624    0.085895    6.616369
    0.793532    0.913232    0.178411   -0.701931    0.682987        4.753878       -2.643524   25.023499    9.787239    0.085895    6.616369
    0.796020    0.910217    0.190046   -0.711952    0.683795        4.753724       -2.643336   25.117785    9.829493    0.085895    6.616369
    0.798507    0.907013    0.201846   -0.721933    0.684347        4.753184       -2.643173   25.211748    9.871365    0.085895    6.616369
    0.800995    0.903617    0.213810   -0.731872    0.684637        4.752317       -2.643032   25.305371    9.912833    0.085895    6.616369
    0.803483    0.900028    0.225937   -0.741766    0.684660        4.751178       -2.642914   25.398633    9.953874    0.085895    6.616369
    0.805970    0.896242    0.238227   -0.751613    0.684412        4.749817       -2.642816   25.491513    9.994466    0.085895    6.616369
    0.808458    0.892259    0.250678   -0.761411    0.683888        4.748281       -2.642737   25.583991   10.034587    0.085895    6.616369
    0.810945    0.888076    0.263290   -0.771156    0.683088        4.746611       -2.642675   25.676048   10.074215    0.085895    6.616369
    0.813433    0.883691    0.276062   -0.780846    0.682007        4.744844       -2.642628   25.767661   10.113329    0.085895    6.616369
    0.815920    0.879103    0.288993   -0.790479    0.680647        4.743011       -2.642596   25.858810   10.151906    0.085895    6.616369
    0.818408    0.874310    0.302082   -0.800051    0.679006        4.741139       -2.642577   25.949475   10.189927    0.085895    6.616369
    0.820896    0.869310    0.315328   -0.809559    0.677085        4.739253       -2.642569   26.039632   10.227371    0.085895    6.616369
    0.823383    0.864101    0.328730   -0.819002    0.674883        4.737371       -2.642572   26.129263   10.264216    0.085895    6.616369
    0.825871    0.858682    0.342287   -0.828375    0.672403        4.735509       -2.642584   26.218343   10.300445    0.085895    6.616369
    0.828358    0.853052    0.355997   -0.837678    0.669645        4.733681       -2.642605   26.306852   10.336036    0.085895    6.616369
    0.830846    0.847209    0.369860   -0.846906    0.666611        4.731896       -2.642633   26.394768   10.370973    0.085895    6.616369
    0.833333    0.841152    0.383875   -0.856058    0.663303        4.730163       -2.642667   26.482069   10.405237    0.085895    6.616369
    0.835821    0.834881    0.398039   -0.865130    0.659724        4.728487       -2.642707   26.568733   10.438811    0.085895    6.616369
    0.838308    0.828393    0.412352   -0.874121    0.655876        4.726874       -2.642753   26.654736   10.471678    0.085895    6.616369
    0.840796    0.821688    0.426812   -0.883027    0.651761        4.725325       -2.642803   26.740058   10.503823    0.085895    6.616369
    0.843284    0.814766    0.441418   -0.891846    0.647382        4.723843       -2.642856   26.824675   10.535231    0.085895    6.616369
    0.845771    0.807625    0.456169   -0.900576    0.642743        4.722428       -2.642913   26.908564   10.565888    0.085895    6.616369
    0.848259    0.800265    0.471062   -0.909214    0.637845        4.721080       -2.642973   26.991704   10.595781    0.085895    6.616369
    0.850746    0.792686    0.486097   -0.917758    0.632693        4.719799       -2.643035   27.074072   10.624899    0.085895    6.616369
    0.853234    0.784887    0.501272   -0.926205    0.627288        4.718584       -2.643100   27.155644   10.653230    0.085895    6.616369
    0.855721    0.776868    0.516585   -0.934554    0.621636        4.717432       -2.643166   27.236399   10.680765    0.085895    6.616369
    0.858209    0.768629    0.532034   -0.942802    0.615738        4.716342       -2.643233   27.316313   10.707495    0.085895    6.616369
    0.860697    0.760169    0.547619   -0.950946    0.609598        4.715311       -2.643301   27.395363   10.733413    0.085895    6.616369
    0.863184    0.751490    0.563336   -0.958985    0.603221        4.714338       -2.643371   27.473527   10.758513    0.085895    6.616369
    0.865672    0.742591    0.579185   -0.966917    0.596608        4.713420       -2.643441   27.550783   10.782789    0.085895    6.616369
    0.868159    0.733473    0.595164   -0.974739    0.589764        4.712555       -2.643512   27.627106   10.806237    0.085895    6.616369
    0.870647    0.724137    0.611270   -0.982450    0.582692        4.711739       -2.643583   27.702476   10.828856    0.085895    6.616369
    0.873134    0.714582    0.627503   -0.990047    0.575395        4.710972       -2.643654   27.776869   10.850645    0.085895    6.616369
    0.875622    0.704811    0.643859   -0.997528    0.567879        4.710249       -2.643726   27.850262   10.871602    0.085895    6.616369
    0.878109    0.694823    0.660338   -1.004892    0.560145        4.709570       -2.643797   27.922634   10.891731    0.085895    6.616369
    0.880597    0.684620    0.676937   -1.012136    0.552199        4.708932       -2.643869   27.993961   10.911034    0.085895    6.616369
    0.883085    0.674204    0.693654   -1.019260    0.544042        4.708331       -2.643940   28.064223   10.929515    0.085895    6.616369
    0.885572    0.663575    0.710488   -1.026260    0.535681        4.707768       -2.644011   28.133396   10.947180    0.085895    6.616369
    0.888060    0.652735    0.727435   -1.033136    0.527117        4.707238       -2.644082   28.201460   10.964036    0.085895    6.616369
    0.890547    0.641687    0.744495   -1.039885    0.518356        4.706741       -2.644152   28.268391   10.980091    0.085895    6.616369
    0.893035    0.630431    0.761665   -1.046507    0.509400        4.706275       -2.644222   28.334170   10.995355    0.085895    6.616369
    0.895522    0.618970    0.778942   -1.052998    0.500254        4.705837       -2.644292   28.398773   11.009839    0.085895    6.616369
    0.898010    0.607307    0.796326   -1.059359    0.490923        4.705426       -2.644361   28.462181   11.023555    0.085895    6.616369
    0.900498    0.595442    0.813813   -1.065586    0.481408        4.705041       -2.644430   28.524373   11.036517    0.085895    6.616369
    0.902985    0.583380    0.831401   -1.071680    0.471716        4.704680       -2.644499   28.585327   11.048739    0.085895    6.616369
    0.905473    0.571121    0.849089   -1.077637    0.461849        4.704342       -2.644567   28.645024   11.060238    0.085895    6.616369
    0.907960    0.558670    0.866873   -1.083457    0.451812        4.704025       -2.644634   28.703443   11.071030    0.085895    6.616369
    0.910448    0.546029    0.884753   -1.089139    0.441609        4.703728       -2.644702   28.760564   11.081134    0.085895    6.616369
    0.912935    0.533201    0.902724   -1.094680    0.431244        4.703450       -2.644768   28.816369   11.090568    0.085895    6.616369
    0.915423    0.520190    0.920786   -1.100081    0.420722        4.703190       -2.644835   28.870838   11.099353    0.085895    6.616369
    0.917910    0.506998    0.938935   -1.105339    0.410045        4.702946       -2.644901   28.923951   11.107510    0.085895    6.616369
    0.920398    0.493629    0.957170   -1.110453    0.399219        4.702719       -2.644967   28.975691   11.115061    0.085895    6.616369
    0.922886    0.480087    0.975487   -1.115422    0.388248        4.702506       -2.645032   29.026040   11.122028    0.085895    6.616369
    0.925373    0.466376    0.993885   -1.120245    0.377136        4.702307       -2.645097   29.074980   11.128435    0.085895    6.616369
    0.927861    0.452499    1.012362   -1.124921    0.365887        4.702121       -2.645162   29.122493   11.134305    0.085895    6.616369
    0.930348    0.438460    1.030914   -1.129448    0.354505        4.701948       -2.645226   29.168562   11.139663    0.085895    6.616369
    0.932836    0.424265    1.049539   -1.133826    0.342995        4.701786       -2.645290   29.213172   11.144533    0.085895    6.616369
    0.935323    0.409916    1.068236   -1.138054    0.331362        4.701636       -2.645354   29.256306   11.148940    0.085895    6.616369
    0.937811    0.395419    1.087000   -1.142130    0.319609        4.701496       -2.645418   29.297948   11.152911    0.085895    6.616369
    0.940299    0.380778    1.105830   -1.146054    0.307741        4.701366       -2.645481   29.338083   11.156470    0.085895    6.616369
    0.942786    0.365998    1.124724   -1.149824    0.295762        4.701245       -2.645544   29.376698   11.159643    0.085895    6.616369
    0.945274    0.351084    1.143679   -1.153441    0.283677        4.701133       -2.645608   29.413776   11.162455    0.085895    6.616369
    0.947761    0.336040    1.162691   -1.156903    0.271490        4.701029       -2.645671   29.449306   11.164931    0.085895    6.616369
    0.950249    0.320871    1.181760   -1.160209    0.259205        4.700933       -2.645734   29.483274   11.167097    0.085895    6.616369
    0.952736    0.305584    1.200881   -1.163358    0.246828        4.700845       -2.645797   29.515666   11.168978    0.085895    6.616369
    0.955224    0.290182    1.220054   -1.166351    0.234362        4.700763       -2.645860   29.546472   11.170597    0.085895    6.616369
    0.957711    0.274672    1.239274   -1.169185    0.221812        4.700688       -2.645923   29.575680   11.171978    0.085895    6.616369
    0.960199    0.259059    1.258539   -1.171861    0.209182        4.700620       -2.645986   29.603278   11.173144    0.085895    6.616369
    0.962687    0.243349    1.277847   -1.174378    0.196477        4.700557       -2.646049   29.629256   11.174117    0.085895    6.616369
    0.965174    0.227546    1.297196   -1.176736    0.183702        4.700500       -2.646113   29.653605   11.174919    0.085895    6.616369
    0.967662    0.211658    1.316581   -1.178933    0.170861        4.700449       -2.646176   29.676316   11.175570    0.085895    6.616369
    0.970149    0.195689    1.336002   -1.180969    0.157958        4.700402       -2.646240   29.697379   11.176090    0.085895    6.616369
    0.972637    0.179646    1.355455   -1.182845    0.144999        4.700361       -2.646304   29.716786   11.176498    0.085895    6.616369
    0.975124    0.163534    1.374937   -1.184558    0.131987        4.700324       -2.646369   29.734532   11.176809    0.085895    6.616369
    0.977612    0.147360    1.394446   -1.186110    0.118928        4.700291       -2.646434   29.750607   11.177041    0.085895    6.616369
    0.980100    0.131129    1.413980   -1.187500    0.105825        4.700263       -2.646499   29.765007   11.177208    0.085895    6.616369
    0.982587    0.114849    1.433535   -1.188726    0.092684        4.700238       -2.646564   29.777726   11.177323    0.085895    6.616369
    0.985075    0.098524    1.453108   -1.189790    0.079508        4.700218       -2.646630   29.788759   11.177398    0.085895    6.616369
    0.987562    0.082161    1.472698   -1.190691    0.066304        4.700201       -2.646697   29.798102   11.177444    0.085895    6.616369
    0.990050    0.065767    1.492302   -1.191428    0.053074        4.700187       -2.646764   29.805751   11.177469    0.085895    6.616369
    0.992537    0.049347    1.511916   -1.192001    0.039825        4.700177       -2.646832   29.811704   11.177481    0.085895    6.616369
    0.995025    0.032909    1.531538   -1.192411    0.026559        4.700170       -2.646900   29.815957   11.177486    0.085895    6.616369
    0.997512    0.016458    1.551166   -1.192657    0.013283        4.700166       -2.646969   29.818510   11.177487    0.085895    6.616369
    1.000000   -0.000000    1.570796   -1.192739    0.000000        4.700164       -2.647039   29.819361   11.177487    0.085895    6.616369
