           t           r         psi          cs          qs               p             sig           A           V          Q2           S
    0.000000    0.000000   -1.570796   -0.915630    0.000000    -9390.395906     5137.290118    0.000000   -0.000000    0.084068    5.780664
    0.009804    0.056648   -1.518807   -0.919903    0.147191    -9391.686530     5113.468767    0.010088    0.000007    0.084068    5.780664
    0.019608    0.113142   -1.466502   -0.926015    0.164037    -9395.921231     5090.376446    0.040325    0.000119    0.084068    5.780664
    0.029412    0.169326   -1.413837   -0.932644    0.177311    -9403.672396     5067.842547    0.090628    0.000600    0.084068    5.780664
    0.039216    0.225041   -1.360778   -0.939908    0.193640    -9415.647527     5045.700835    0.160859    0.001888    0.084068    5.780664
    0.049020    0.280127   -1.307286   -0.948014    0.214573    -9432.751753     5023.789647    0.250822    0.004585    0.084068    5.780664
    0.058824    0.334420   -1.253304   -0.957224    0.241435    -9456.156546     5001.952176    0.360265    0.009440    0.084068    5.780664
    0.068627    0.387753   -1.198761   -0.967870    0.275846    -9487.390642     4980.037144    0.488874    0.017331    0.084068    5.780664
    0.078431    0.439955   -1.143564   -0.980377    0.319951    -9528.464764     4957.900337    0.636279    0.029246    0.084068    5.780664
    0.088235    0.490852   -1.087593   -0.995303    0.376647    -9582.044837     4935.407817    0.802045    0.046258    0.084068    5.780664
    0.098039    0.540263   -1.030691   -1.013381    0.449879    -9651.693557     4912.442221    0.985676    0.069489    0.084068    5.780664
    0.107843    0.587999   -0.972652   -1.035591    0.545011    -9742.206127     4888.914596    1.186609    0.100087    0.084068    5.780664
    0.117647    0.633862   -0.913208   -1.063248    0.669262    -9860.069599     4864.786130    1.404212    0.139189    0.084068    5.780664
    0.127451    0.677635   -0.852001   -1.098117    0.832055   -10014.066228     4840.107591    1.637782    0.187884    0.084068    5.780664
    0.137255    0.719083   -0.788560   -1.142536    1.044784   -10215.989634     4815.090584    1.886532    0.247174    0.084068    5.780664
    0.147059    0.757942   -0.722262   -1.199494    1.318584   -10481.265090     4790.235930    2.149588    0.317934    0.084068    5.780664
    0.156863    0.793905   -0.652299   -1.272459    1.656337   -10828.745732     4766.563197    2.425976    0.400857    0.084068    5.780664
    0.166667    0.826615   -0.577672   -1.364443    2.030081   -11277.587422     4746.011224    2.714603    0.496393    0.084068    5.780664
    0.176471    0.855648   -0.497286   -1.475072    2.327681   -11835.977461     4732.092878    3.014236    0.604660    0.084068    5.780664
    0.186275    0.880513   -0.410316   -1.593551    2.259062   -12471.403143     4730.795572    3.323480    0.725312    0.084068    5.780664
    0.196078    0.900691   -0.317122   -1.686574    1.299315   -13052.708961     4751.249610    3.640759    0.857368    0.084068    5.780664
    0.205882    0.915747   -0.220824   -1.690494   -1.019186   -13293.201398     4804.497746    3.964322    0.999044    0.084068    5.780664
    0.215686    0.925552   -0.128537   -1.536463   -4.235980   -12829.453407     4897.883792    4.292307    1.147768    0.084068    5.780664
    0.225490    0.930514   -0.049851   -1.217771   -6.660482   -11542.968336     5026.755355    4.622900    1.300602    0.084068    5.780664
    0.235294    0.931593    0.007984   -0.819946   -7.022379    -9783.729829     5173.447005    4.954535    1.454982    0.084068    5.780664
    0.245098    0.930030    0.043692   -0.452063   -5.758736    -8086.329836     5317.875834    5.286045    1.609230    0.084068    5.780664
    0.254902    0.926992    0.060932   -0.172719   -4.005997    -6775.761640     5447.667648    5.616706    1.762532    0.084068    5.780664
    0.264706    0.923375    0.065054    0.012880   -2.467738    -5911.758424     5559.223408    5.946160    1.914627    0.084068    5.780664
    0.274510    0.919779    0.060895    0.123212   -1.333984    -5421.753339     5653.997745    6.274315    2.065530    0.084068    5.780664
    0.284314    0.916564    0.052100    0.179806   -0.562416    -5205.856871     5735.224743    6.601250    2.215372    0.084068    5.780664
    0.294118    0.913916    0.041197    0.200088   -0.059589    -5178.266787     5806.275234    6.927138    2.364333    0.084068    5.780664
    0.303922    0.911903    0.029867    0.196653    0.255794    -5274.906739     5870.080182    7.252195    2.512604    0.084068    5.780664
    0.313725    0.910518    0.019187    0.178335    0.441785    -5450.018554     5929.025229    7.576648    2.660373    0.084068    5.780664
    0.323529    0.909704    0.009815    0.151368    0.537239    -5671.026412     5985.003700    7.900712    2.807818    0.084068    5.780664
    0.333333    0.909374    0.002108    0.120240    0.568000    -5914.364286     6039.500706    8.224575    2.955092    0.084068    5.780664
    0.343137    0.909431   -0.003798    0.088245    0.551896    -6162.644409     6093.666140    8.548393    3.102327    0.084068    5.780664
    0.352941    0.909771   -0.007924    0.057806    0.502164    -6402.927092     6148.367831    8.872284    3.249627    0.084068    5.780664
    0.362745    0.910298   -0.010412    0.030658    0.429583    -6625.762014     6204.228048    9.196332    3.397067    0.084068    5.780664
    0.372549    0.910925   -0.011483    0.007938    0.343599    -6824.706406     6261.649962    9.520588    3.544692    0.084068    5.780664
    0.382353    0.911578   -0.011407   -0.009750    0.252726    -6996.077359     6320.840845    9.845074    3.692527    0.084068    5.780664
    0.392157    0.912201   -0.010476   -0.022282    0.164442    -7138.748907     6381.837276   10.169789    3.840570    0.084068    5.780664
    0.401961    0.912755   -0.008974   -0.029941    0.084836    -7253.866358     6444.535216   10.494714    3.988808    0.084068    5.780664
    0.411765    0.913213   -0.007163   -0.033327    0.018241    -7344.421497     6508.725112   10.819820    4.137213    0.084068    5.780664
    0.421569    0.913565   -0.005262   -0.033243   -0.032955    -7414.702327     6574.129816   11.145070    4.285751    0.084068    5.780664
    0.431373    0.913811   -0.003443   -0.030588   -0.068243    -7469.682910     6640.441721   11.470426    4.434388    0.084068    5.780664
    0.441176    0.913959   -0.001827   -0.026248   -0.088675    -7514.440110     6707.355352   11.795852    4.583090    0.084068    5.780664
    0.450980    0.914023   -0.000485   -0.021025   -0.096401    -7553.673809     6774.592627   12.121316    4.731826    0.084068    5.780664
    0.460784    0.914020    0.000552   -0.015581   -0.094150    -7591.376116     6841.919453   12.446790    4.880572    0.084068    5.780664
    0.470588    0.913966    0.001287   -0.010420   -0.084789    -7630.658820     6909.153868   12.772253    5.029308    0.084068    5.780664
    0.480392    0.913879    0.001745   -0.005888   -0.070979    -7673.719298     6976.167062   13.097691    5.178021    0.084068    5.780664
    0.490196    0.913773    0.001970   -0.002186   -0.054973    -7721.909211     7042.879140   13.423094    5.326701    0.084068    5.780664
    0.500000    0.913659    0.002010    0.000598   -0.038518    -7775.866917     7109.251595   13.748457    5.475346    0.084068    5.780664
    0.509804    0.913547    0.001919    0.002465   -0.022843    -7835.679635     7175.278151   14.073780    5.623954    0.084068    5.780664
    0.519608    0.913443    0.001747    0.003476   -0.008703    -7901.050301     7240.975280   14.399065    5.772526    0.084068    5.780664
    0.529412    0.913350    0.001540    0.003724    0.003557    -7971.453360     7306.373217   14.724314    5.921067    0.084068    5.780664
    0.539216    0.913269    0.001337    0.003318    0.013925    -8046.271473     7371.507935   15.049532    6.069579    0.084068    5.780664
    0.549020    0.913198    0.001174    0.002360    0.022652    -8124.910757     7436.414285   15.374723    6.218066    0.084068    5.780664
    0.558824    0.913134    0.001079    0.000935    0.030193    -8206.895829     7501.120250   15.699891    6.366532    0.084068    5.780664
    0.568627    0.913074    0.001076   -0.000902    0.037161    -8291.948065     7565.642162   16.025036    6.514978    0.084068    5.780664
    0.578431    0.913010    0.001188   -0.003132    0.044295    -8380.051662     7629.980628   16.350160    6.663404    0.084068    5.780664
    0.588235    0.912936    0.001439   -0.005778    0.052443    -8471.512648     7694.116855   16.675259    6.811807    0.084068    5.780664
    0.598039    0.912844    0.001852   -0.008915    0.062562    -8567.016093     7758.009020   17.000329    6.960184    0.084068    5.780664
    0.607843    0.912723    0.002461   -0.012672    0.075726    -8667.686617     7821.588334   17.325361    7.108526    0.084068    5.780664
    0.617647    0.912561    0.003304   -0.017242    0.093145    -8775.156568     7884.754420   17.650344    7.256822    0.084068    5.780664
    0.627451    0.912343    0.004435   -0.022887    0.116189    -8891.644851     7947.369678   17.975259    7.405057    0.084068    5.780664
    0.637255    0.912051    0.005925   -0.029948    0.146411    -9020.046692     8009.252361   18.300084    7.553208    0.084068    5.780664
    0.647059    0.911663    0.007865   -0.038856    0.185553    -9164.030041     8070.168230   18.624788    7.701248    0.084068    5.780664
    0.656863    0.911149    0.010374   -0.050139    0.235518    -9328.126832     8129.820916   18.949333    7.849140    0.084068    5.780664
    0.666667    0.910473    0.013605   -0.064428    0.298289    -9517.796145     8187.841530   19.273668    7.996836    0.084068    5.780664
    0.676471    0.909590    0.017747   -0.082459    0.375741    -9739.420701     8243.778697   19.597726    8.144273    0.084068    5.780664
    0.686275    0.908440    0.023037   -0.105055    0.469339   -10000.179314     8297.091140   19.921425    8.291369    0.084068    5.780664
    0.696078    0.906952    0.029758   -0.133091    0.579657   -10307.719864     8347.146041   20.244656    8.438022    0.084068    5.780664
    0.705882    0.905035    0.038242   -0.167430    0.705758   -10669.550092     8393.227632   20.567283    8.584093    0.084068    5.780664
    0.715686    0.902578    0.048869   -0.208818    0.844480   -11092.083838     8434.561165   20.889136    8.729410    0.084068    5.780664
    0.725490    0.899450    0.062053   -0.257747    0.989843   -11579.349574     8470.356891   21.209998    8.873750    0.084068    5.780664
    0.735294    0.895493    0.078228   -0.314297    1.132857   -12131.499764     8499.875834   21.529604    9.016829    0.084068    5.780664
    0.745098    0.890528    0.097813   -0.377982    1.262089   -12743.436561     8522.513377   21.847627    9.158295    0.084068    5.780664
    0.754902    0.884354    0.121184   -0.447667    1.365193   -13404.020563     8537.888638   22.163673    9.297711    0.084068    5.780664
    0.764706    0.876751    0.148634   -0.521582    1.431243   -14096.336471     8545.920127   22.477273    9.434551    0.084068    5.780664
    0.774510    0.867491    0.180341   -0.597479    1.453222   -14799.254590     8546.865755   22.787878    9.568193    0.084068    5.780664
    0.784314    0.856344    0.216347   -0.672904    1.429756   -15490.079515     8541.311515   23.094856    9.697925    0.084068    5.780664
    0.794118    0.843088    0.256559   -0.745522    1.365349   -16147.622010     8530.107503   23.397495    9.822961    0.084068    5.780664
    0.803922    0.827518    0.300760   -0.813401    1.269055   -16754.837991     8514.266343   23.695008    9.942463    0.084068    5.780664
    0.813725    0.809455    0.348640   -0.875194    1.152170   -17300.376339     8494.849460   23.986538   10.055576    0.084068    5.780664
    0.823529    0.788754    0.399831   -0.930182    1.025874   -17778.836339     8472.866448   24.271170   10.161474    0.084068    5.780664
    0.833333    0.765303    0.453941   -0.978209    0.899526   -18189.982272     8449.203884   24.547943   10.259402    0.084068    5.780664
    0.843137    0.739033    0.510581   -1.019549    0.779864   -18537.392093     8424.588034   24.815866   10.348721    0.084068    5.780664
    0.852941    0.709908    0.569387   -1.054753    0.671001   -18827.002736     8399.576698   25.073926   10.428952    0.084068    5.780664
    0.862745    0.677933    0.630031   -1.084518    0.574865   -19065.858917     8374.570972   25.321107   10.499803    0.084068    5.780664
    0.872549    0.643146    0.692224   -1.109583    0.491816   -19261.195290     8349.837576   25.556399   10.561197    0.084068    5.780664
    0.882353    0.605618    0.755722   -1.130664    0.421230   -19419.853589     8325.534481   25.778814   10.613277    0.084068    5.780664
    0.892157    0.565450    0.820318   -1.148414    0.361953   -19547.971314     8301.735276   25.987393   10.656404    0.084068    5.780664
    0.901961    0.522768    0.885839   -1.163411    0.312623   -19650.861370     8278.450000   26.181216   10.691144    0.084068    5.780664
    0.911765    0.477723    0.952144   -1.176148    0.271866   -19733.010713     8255.641734   26.359415   10.718243    0.084068    5.780664
    0.921569    0.430490    1.019116   -1.187045    0.238411   -19798.144017     8233.239139   26.521179   10.738589    0.084068    5.780664
    0.931373    0.381259    1.086663   -1.196450    0.211134   -19849.316273     8211.145539   26.665762   10.753172    0.084068    5.780664
    0.941176    0.330242    1.154707   -1.204658    0.189075   -19889.012490     8189.245291   26.792491   10.763032    0.084068    5.780664
    0.950980    0.277661    1.223188   -1.211911    0.171431   -19919.242627     8167.408124   26.900767   10.769211    0.084068    5.780664
    0.960784    0.223756    1.292059   -1.218417    0.157524   -19941.626319     8145.492091   26.990077   10.772700    0.084068    5.780664
    0.970588    0.168774    1.361281   -1.224347    0.146749   -19957.465777     8123.345601   27.059993   10.774392    0.084068    5.780664
    0.980392    0.112976    1.430826   -1.229850    0.138341   -19967.807718     8100.808972   27.110177   10.775030    0.084068    5.780664
    0.990196    0.056627    1.500674   -1.235036    0.128721   -19973.497586     8077.715798   27.140386   10.775180    0.084068    5.780664
    1.000000    0.000000    1.570796   -1.238941    0.000000   -19975.240360     8053.894377   27.150472   10.775190    0.084068    5.780664
