           t           r         psi          cs          qs               p             sig           A           V          Q2           S
    0.000000   -0.000000   -1.570796   -1.346192    0.000000        6.687685       -3.362330    0.000000    0.000000    0.185179    7.017334
    0.002488    0.017454   -1.547298   -1.346056   -0.020641        6.687684       -3.362386    0.000957    0.000000    0.185179    7.017334
    0.004975    0.034899   -1.523804   -1.345651   -0.041273        6.687679       -3.362441    0.003828    0.000002    0.185179    7.017334
    0.007463    0.052325   -1.500320   -1.344976   -0.061888        6.687671       -3.362496    0.008612    0.000008    0.185179    7.017334
    0.009950    0.069722   -1.476850   -1.344030   -0.082473        6.687660       -3.362550    0.015305    0.000025    0.185179    7.017334
    0.012438    0.087080   -1.453399   -1.342815   -0.103019        6.687645       -3.362603    0.023905    0.000061    0.185179    7.017334
    0.014925    0.104390   -1.429971   -1.341331   -0.123517        6.687627       -3.362655    0.034405    0.000126    0.185179    7.017334
    0.017413    0.121643   -1.406571   -1.339577   -0.143956        6.687604       -3.362707    0.046802    0.000233    0.185179    7.017334
    0.019900    0.138829   -1.383205   -1.337556   -0.164325        6.687577       -3.362758    0.061086    0.000397    0.185179    7.017334
    0.022388    0.155940   -1.359876   -1.335266   -0.184616        6.687546       -3.362809    0.077252    0.000633    0.185179    7.017334
    0.024876    0.172965   -1.336590   -1.332709   -0.204817        6.687511       -3.362859    0.095290    0.000962    0.185179    7.017334
    0.027363    0.189896   -1.313350   -1.329886   -0.224919        6.687471       -3.362908    0.115190    0.001402    0.185179    7.017334
    0.029851    0.206723   -1.290162   -1.326797   -0.244912        6.687426       -3.362957    0.136942    0.001976    0.185179    7.017334
    0.032338    0.223439   -1.267030   -1.323444   -0.264786        6.687376       -3.363005    0.160533    0.002708    0.185179    7.017334
    0.034826    0.240034   -1.243959   -1.319827   -0.284531        6.687321       -3.363053    0.185951    0.003623    0.185179    7.017334
    0.037313    0.256500   -1.220954   -1.315947   -0.304137        6.687260       -3.363100    0.213182    0.004746    0.185179    7.017334
    0.039801    0.272829   -1.198018   -1.311806   -0.323595        6.687193       -3.363147    0.242211    0.006105    0.185179    7.017334
    0.042289    0.289012   -1.175157   -1.307404   -0.342894        6.687120       -3.363193    0.273024    0.007729    0.185179    7.017334
    0.044776    0.305041   -1.152376   -1.302744   -0.362025        6.687041       -3.363239    0.305603    0.009646    0.185179    7.017334
    0.047264    0.320910   -1.129677   -1.297826   -0.380979        6.686956       -3.363284    0.339932    0.011886    0.185179    7.017334
    0.049751    0.336609   -1.107067   -1.292652   -0.399745        6.686863       -3.363329    0.375992    0.014478    0.185179    7.017334
    0.052239    0.352132   -1.084550   -1.287224   -0.418315        6.686764       -3.363373    0.413764    0.017454    0.185179    7.017334
    0.054726    0.367472   -1.062129   -1.281543   -0.436678        6.686656       -3.363417    0.453228    0.020844    0.185179    7.017334
    0.057214    0.382622   -1.039810   -1.275611   -0.454826        6.686541       -3.363460    0.494365    0.024677    0.185179    7.017334
    0.059701    0.397575   -1.017596   -1.269429   -0.472748        6.686418       -3.363503    0.537153    0.028985    0.185179    7.017334
    0.062189    0.412325   -0.995493   -1.263000   -0.490437        6.686286       -3.363545    0.581569    0.033796    0.185179    7.017334
    0.064677    0.426865   -0.973504   -1.256326   -0.507883        6.686146       -3.363587    0.627592    0.039140    0.185179    7.017334
    0.067164    0.441190   -0.951633   -1.249409   -0.525076        6.685996       -3.363628    0.675198    0.045045    0.185179    7.017334
    0.069652    0.455295   -0.929886   -1.242250   -0.542008        6.685837       -3.363669    0.724364    0.051539    0.185179    7.017334
    0.072139    0.469173   -0.908265   -1.234852   -0.558670        6.685668       -3.363708    0.775063    0.058648    0.185179    7.017334
    0.074627    0.482819   -0.886776   -1.227217   -0.575053        6.685489       -3.363747    0.827272    0.066398    0.185179    7.017334
    0.077114    0.496229   -0.865422   -1.219349   -0.591148        6.685299       -3.363786    0.880965    0.074813    0.185179    7.017334
    0.079602    0.509398   -0.844207   -1.211248   -0.606948        6.685099       -3.363823    0.936116    0.083915    0.185179    7.017334
    0.082090    0.522323   -0.823136   -1.202918   -0.622443        6.684887       -3.363860    0.992698    0.093727    0.185179    7.017334
    0.084577    0.534998   -0.802212   -1.194361   -0.637626        6.684664       -3.363896    1.050683    0.104267    0.185179    7.017334
    0.087065    0.547420   -0.781439   -1.185581   -0.652488        6.684429       -3.363930    1.110045    0.115554    0.185179    7.017334
    0.089552    0.559585   -0.760822   -1.176579   -0.667021        6.684182       -3.363964    1.170755    0.127605    0.185179    7.017334
    0.092040    0.571491   -0.740364   -1.167358   -0.681217        6.683923       -3.363996    1.232786    0.140433    0.185179    7.017334
    0.094527    0.583134   -0.720068   -1.157923   -0.695069        6.683652       -3.364027    1.296108    0.154053    0.185179    7.017334
    0.097015    0.594513   -0.699940   -1.148275   -0.708568        6.683369       -3.364057    1.360692    0.168474    0.185179    7.017334
    0.099502    0.605623   -0.679981   -1.138418   -0.721708        6.683073       -3.364085    1.426510    0.183707    0.185179    7.017334
    0.101990    0.616464   -0.660196   -1.128354   -0.734481        6.682764       -3.364112    1.493531    0.199757    0.185179    7.017334
    0.104478    0.627033   -0.640589   -1.118088   -0.746880        6.682444       -3.364136    1.561727    0.216631    0.185179    7.017334
    0.106965    0.637329   -0.621162   -1.107623   -0.758898        6.682111       -3.364159    1.631067    0.234332    0.185179    7.017334
    0.109453    0.647351   -0.601921   -1.096961   -0.770527        6.681767       -3.364180    1.701521    0.252860    0.185179    7.017334
    0.111940    0.657097   -0.582866   -1.086107   -0.781762        6.681411       -3.364198    1.773059    0.272216    0.185179    7.017334
    0.114428    0.666567   -0.564003   -1.075064   -0.792595        6.681045       -3.364214    1.845651    0.292397    0.185179    7.017334
    0.116915    0.675760   -0.545335   -1.063836   -0.803021        6.680670       -3.364227    1.919267    0.313399    0.185179    7.017334
    0.119403    0.684676   -0.526864   -1.052426   -0.813033        6.680285       -3.364238    1.993875    0.335215    0.185179    7.017334
    0.121891    0.693315   -0.508593   -1.040838   -0.822625        6.679893       -3.364245    2.069446    0.357839    0.185179    7.017334
    0.124378    0.701676   -0.490527   -1.029076   -0.831791        6.679494       -3.364250    2.145950    0.381260    0.185179    7.017334
    0.126866    0.709762   -0.472667   -1.017144   -0.840526        6.679090       -3.364250    2.223356    0.405468    0.185179    7.017334
    0.129353    0.717571   -0.455017   -1.005047   -0.848824        6.678683       -3.364247    2.301633    0.430450    0.185179    7.017334
    0.131841    0.725105   -0.437580   -0.992788   -0.856680        6.678275       -3.364240    2.380751    0.456192    0.185179    7.017334
    0.134328    0.732365   -0.420358   -0.980371   -0.864088        6.677868       -3.364229    2.460681    0.482678    0.185179    7.017334
    0.136816    0.739353   -0.403354   -0.967800   -0.871044        6.677465       -3.364213    2.541392    0.509892    0.185179    7.017334
    0.139303    0.746069   -0.386571   -0.955081   -0.877542        6.677068       -3.364193    2.622855    0.537816    0.185179    7.017334
    0.141791    0.752516   -0.370011   -0.942217   -0.883579        6.676679       -3.364167    2.705040    0.566431    0.185179    7.017334
    0.144279    0.758695   -0.353677   -0.929213   -0.889150        6.676303       -3.364136    2.787917    0.595715    0.185179    7.017334
    0.146766    0.764608   -0.337571   -0.916074   -0.894250        6.675943       -3.364100    2.871457    0.625649    0.185179    7.017334
    0.149254    0.770258   -0.321695   -0.902803   -0.898876        6.675601       -3.364058    2.955631    0.656211    0.185179    7.017334
    0.151741    0.775647   -0.306053   -0.889406   -0.903023        6.675282       -3.364011    3.040410    0.687376    0.185179    7.017334
    0.154229    0.780778   -0.290645   -0.875888   -0.906689        6.674989       -3.363957    3.125767    0.719123    0.185179    7.017334
    0.156716    0.785653   -0.275474   -0.862253   -0.909869        6.674727       -3.363897    3.211672    0.751426    0.185179    7.017334
    0.159204    0.790275   -0.260543   -0.848507   -0.912560        6.674498       -3.363830    3.298098    0.784262    0.185179    7.017334
    0.161692    0.794648   -0.245852   -0.834654   -0.914760        6.674306       -3.363757    3.385017    0.817605    0.185179    7.017334
    0.164179    0.798773   -0.231404   -0.820699   -0.916465        6.674155       -3.363677    3.472402    0.851429    0.185179    7.017334
    0.166667    0.802656   -0.217200   -0.806648   -0.917673        6.674048       -3.363590    3.560226    0.885711    0.185179    7.017334
    0.169154    0.806298   -0.203242   -0.792505   -0.918382        6.673988       -3.363497    3.648463    0.920422    0.185179    7.017334
    0.171642    0.809704   -0.189532   -0.778277   -0.918590        6.673978       -3.363396    3.737087    0.955539    0.185179    7.017334
    0.174129    0.812877   -0.176072   -0.763968   -0.918294        6.674019       -3.363289    3.826071    0.991034    0.185179    7.017334
    0.176617    0.815820   -0.162861   -0.749584   -0.917493        6.674113       -3.363176    3.915390    1.026883    0.185179    7.017334
    0.179104    0.818539   -0.149902   -0.735130   -0.916187        6.674261       -3.363056    4.005020    1.063058    0.185179    7.017334
    0.181592    0.821035   -0.137197   -0.720611   -0.914373        6.674463       -3.362929    4.094936    1.099536    0.185179    7.017334
    0.184080    0.823315   -0.124745   -0.706035   -0.912052        6.674719       -3.362797    4.185114    1.136290    0.185179    7.017334
    0.186567    0.825381   -0.112548   -0.691405   -0.909223        6.675028       -3.362659    4.275530    1.173296    0.185179    7.017334
    0.189055    0.827237   -0.100607   -0.676728   -0.905887        6.675388       -3.362516    4.366161    1.210529    0.185179    7.017334
    0.191542    0.828888   -0.088922   -0.662010   -0.902044        6.675796       -3.362368    4.456985    1.247965    0.185179    7.017334
    0.194030    0.830339   -0.077495   -0.647257   -0.897694        6.676249       -3.362215    4.547978    1.285579    0.185179    7.017334
    0.196517    0.831593   -0.066325   -0.632473   -0.892840        6.676743       -3.362058    4.639120    1.323350    0.185179    7.017334
    0.199005    0.832654   -0.055414   -0.617666   -0.887482        6.677274       -3.361898    4.730389    1.361254    0.185179    7.017334
    0.201493    0.833528   -0.044761   -0.602842   -0.881624        6.677836       -3.361735    4.821764    1.399268    0.185179    7.017334
    0.203980    0.834218   -0.034367   -0.588005   -0.875268        6.678425       -3.361569    4.913224    1.437372    0.185179    7.017334
    0.206468    0.834729   -0.024233   -0.573164   -0.868417        6.679035       -3.361401    5.004750    1.475544    0.185179    7.017334
    0.208955    0.835065   -0.014357   -0.558322   -0.861075        6.679659       -3.361232    5.096323    1.513765    0.185179    7.017334
    0.211443    0.835232   -0.004740   -0.543487   -0.853246        6.680292       -3.361062    5.187923    1.552013    0.185179    7.017334
    0.213930    0.835232    0.004617   -0.528665   -0.844935        6.680929       -3.360892    5.279533    1.590271    0.185179    7.017334
    0.216418    0.835072    0.013717   -0.513862   -0.836146        6.681562       -3.360722    5.371134    1.628521    0.185179    7.017334
    0.218905    0.834755    0.022557   -0.499084   -0.826886        6.682187       -3.360553    5.462708    1.666743    0.185179    7.017334
    0.221393    0.834286    0.031141   -0.484336   -0.817161        6.682798       -3.360385    5.554239    1.704922    0.185179    7.017334
    0.223881    0.833669    0.039467   -0.469627   -0.806976        6.683390       -3.360219    5.645711    1.743041    0.185179    7.017334
    0.226368    0.832910    0.047537   -0.454961   -0.796341        6.683960       -3.360055    5.737107    1.781086    0.185179    7.017334
    0.228856    0.832012    0.055351   -0.440345   -0.785261        6.684501       -3.359894    5.828412    1.819040    0.185179    7.017334
    0.231343    0.830980    0.062910   -0.425784   -0.773745        6.685012       -3.359735    5.919612    1.856890    0.185179    7.017334
    0.233831    0.829819    0.070216   -0.411286   -0.761803        6.685489       -3.359580    6.010691    1.894622    0.185179    7.017334
    0.236318    0.828532    0.077270   -0.396856   -0.749442        6.685929       -3.359429    6.101635    1.932225    0.185179    7.017334
    0.238806    0.827125    0.084072   -0.382500   -0.736673        6.686331       -3.359281    6.192432    1.969685    0.185179    7.017334
    0.241294    0.825602    0.090624   -0.368225   -0.723505        6.686692       -3.359138    6.283069    2.006992    0.185179    7.017334
    0.243781    0.823967    0.096928   -0.354036   -0.709949        6.687013       -3.358999    6.373532    2.044134    0.185179    7.017334
    0.246269    0.822225    0.102985   -0.339939   -0.696016        6.687291       -3.358864    6.463810    2.081103    0.185179    7.017334
    0.248756    0.820379    0.108796   -0.325941   -0.681718        6.687528       -3.358734    6.553891    2.117888    0.185179    7.017334
    0.251244    0.818435    0.114365   -0.312048   -0.667065        6.687723       -3.358609    6.643764    2.154481    0.185179    7.017334
    0.253731    0.816397    0.119691   -0.298265   -0.652071        6.687876       -3.358488    6.733418    2.190873    0.185179    7.017334
    0.256219    0.814268    0.124778   -0.284598   -0.636749        6.687989       -3.358373    6.822845    2.227057    0.185179    7.017334
    0.258706    0.812053    0.129628   -0.271053   -0.621110        6.688062       -3.358262    6.912033    2.263026    0.185179    7.017334
    0.261194    0.809756    0.134242   -0.257636   -0.605169        6.688096       -3.358156    7.000973    2.298774    0.185179    7.017334
    0.263682    0.807382    0.138623   -0.244352   -0.588940        6.688094       -3.358054    7.089657    2.334295    0.185179    7.017334
    0.266169    0.804934    0.142774   -0.231207   -0.572437        6.688056       -3.357958    7.178077    2.369583    0.185179    7.017334
    0.268657    0.802416    0.146696   -0.218207   -0.555675        6.687985       -3.357866    7.266224    2.404634    0.185179    7.017334
    0.271144    0.799832    0.150393   -0.205356   -0.538669        6.687881       -3.357778    7.354092    2.439443    0.185179    7.017334
    0.273632    0.797186    0.153866   -0.192661   -0.521436        6.687747       -3.357695    7.441673    2.474006    0.185179    7.017334
    0.276119    0.794482    0.157120   -0.180127   -0.503989        6.687584       -3.357617    7.528960    2.508320    0.185179    7.017334
    0.278607    0.791725    0.160156   -0.167758   -0.486348        6.687394       -3.357543    7.615948    2.542382    0.185179    7.017334
    0.281095    0.788916    0.162978   -0.155560   -0.468527        6.687179       -3.357473    7.702630    2.576190    0.185179    7.017334
    0.283582    0.786061    0.165588   -0.143538   -0.450544        6.686940       -3.357407    7.789002    2.609740    0.185179    7.017334
    0.286070    0.783163    0.167990   -0.131697   -0.432417        6.686680       -3.357345    7.875058    2.643032    0.185179    7.017334
    0.288557    0.780225    0.170187   -0.120042   -0.414164        6.686400       -3.357286    7.960795    2.676064    0.185179    7.017334
    0.291045    0.777251    0.172182   -0.108576   -0.395803        6.686101       -3.357232    8.046207    2.708835    0.185179    7.017334
    0.293532    0.774244    0.173978   -0.097305   -0.377352        6.685785       -3.357181    8.131291    2.741344    0.185179    7.017334
    0.296020    0.771209    0.175580   -0.086234   -0.358831        6.685453       -3.357134    8.216043    2.773590    0.185179    7.017334
    0.298507    0.768147    0.176990   -0.075365   -0.340259        6.685107       -3.357089    8.300461    2.805574    0.185179    7.017334
    0.300995    0.765063    0.178212   -0.064704   -0.321654        6.684748       -3.357048    8.384543    2.837296    0.185179    7.017334
    0.303483    0.761959    0.179250   -0.054254   -0.303038        6.684378       -3.357011    8.468284    2.868756    0.185179    7.017334
    0.305970    0.758839    0.180108   -0.044019   -0.284429        6.683996       -3.356976    8.551685    2.899954    0.185179    7.017334
    0.308458    0.755706    0.180789   -0.034003   -0.265849        6.683605       -3.356944    8.634742    2.930892    0.185179    7.017334
    0.310945    0.752563    0.181296   -0.024209   -0.247318        6.683205       -3.356914    8.717456    2.961571    0.185179    7.017334
    0.313433    0.749412    0.181635   -0.014640   -0.228855        6.682798       -3.356887    8.799824    2.991992    0.185179    7.017334
    0.315920    0.746258    0.181809   -0.005299   -0.210483        6.682384       -3.356863    8.881846    3.022156    0.185179    7.017334
    0.318408    0.743101    0.181821    0.003811   -0.192222        6.681964       -3.356841    8.963522    3.052066    0.185179    7.017334
    0.320896    0.739946    0.181677    0.012687   -0.174093        6.681538       -3.356822    9.044852    3.081723    0.185179    7.017334
    0.323383    0.736794    0.181380    0.021328   -0.156117        6.681108       -3.356804    9.125836    3.111130    0.185179    7.017334
    0.325871    0.733649    0.180934    0.029730   -0.138314        6.680674       -3.356789    9.206475    3.140289    0.185179    7.017334
    0.328358    0.730512    0.180343    0.037892   -0.120707        6.680237       -3.356776    9.286769    3.169201    0.185179    7.017334
    0.330846    0.727387    0.179612    0.045812   -0.103316        6.679797       -3.356764    9.366720    3.197871    0.185179    7.017334
    0.333333    0.724276    0.178745    0.053490   -0.086162        6.679354       -3.356755    9.446329    3.226299    0.185179    7.017334
    0.335821    0.721181    0.177746    0.060923   -0.069266        6.678910       -3.356747    9.525597    3.254490    0.185179    7.017334
    0.338308    0.718104    0.176620    0.068111   -0.052648        6.678464       -3.356741    9.604527    3.282446    0.185179    7.017334
    0.340796    0.715048    0.175370    0.075053   -0.036329        6.678017       -3.356736    9.683121    3.310170    0.185179    7.017334
    0.343284    0.712014    0.174001    0.081749   -0.020328        6.677569       -3.356733    9.761380    3.337666    0.185179    7.017334
    0.345771    0.709004    0.172517    0.088199   -0.004666        6.677120       -3.356732    9.839308    3.364935    0.185179    7.017334
    0.348259    0.706021    0.170923    0.094403    0.010638        6.676671       -3.356732    9.916908    3.391983    0.185179    7.017334
    0.350746    0.703066    0.169223    0.100361    0.025565        6.676222       -3.356733    9.994182    3.418811    0.185179    7.017334
    0.353234    0.700142    0.167421    0.106075    0.040097        6.675773       -3.356735   10.071133    3.445424    0.185179    7.017334
    0.355721    0.697249    0.165521    0.111545    0.054215        6.675325       -3.356739   10.147766    3.471826    0.185179    7.017334
    0.358209    0.694390    0.163528    0.116774    0.067902        6.674877       -3.356744   10.224082    3.498018    0.185179    7.017334
    0.360697    0.691566    0.161446    0.121761    0.081141        6.674430       -3.356750   10.300088    3.524006    0.185179    7.017334
    0.363184    0.688779    0.159278    0.126511    0.093916        6.673984       -3.356757   10.375785    3.549793    0.185179    7.017334
    0.365672    0.686029    0.157030    0.131024    0.106211        6.673539       -3.356765   10.451179    3.575383    0.185179    7.017334
    0.368159    0.683319    0.154705    0.135305    0.118010        6.673095       -3.356774   10.526274    3.600779    0.185179    7.017334
    0.370647    0.680650    0.152308    0.139354    0.129301        6.672652       -3.356784   10.601073    3.625985    0.185179    7.017334
    0.373134    0.678023    0.149842    0.143177    0.140069        6.672210       -3.356795   10.675582    3.651004    0.185179    7.017334
    0.375622    0.675439    0.147310    0.146776    0.150301        6.671769       -3.356806   10.749805    3.675842    0.185179    7.017334
    0.378109    0.672899    0.144719    0.150155    0.159987        6.671330       -3.356819   10.823747    3.700502    0.185179    7.017334
    0.380597    0.670404    0.142069    0.153319    0.169116        6.670892       -3.356832   10.897413    3.724987    0.185179    7.017334
    0.383085    0.667956    0.139367    0.156271    0.177677        6.670456       -3.356846   10.970808    3.749301    0.185179    7.017334
    0.385572    0.665555    0.136615    0.159016    0.185662        6.670021       -3.356860   11.043937    3.773449    0.185179    7.017334
    0.388060    0.663202    0.133817    0.161560    0.193062        6.669587       -3.356876   11.116806    3.797434    0.185179    7.017334
    0.390547    0.660897    0.130976    0.163908    0.199872        6.669155       -3.356892   11.189419    3.821260    0.185179    7.017334
    0.393035    0.658642    0.128095    0.166065    0.206085        6.668725       -3.356908   11.261781    3.844931    0.185179    7.017334
    0.395522    0.656437    0.125179    0.168036    0.211695        6.668296       -3.356925   11.333900    3.868451    0.185179    7.017334
    0.398010    0.654284    0.122230    0.169828    0.216701        6.667868       -3.356943   11.405779    3.891825    0.185179    7.017334
    0.400498    0.652181    0.119251    0.171447    0.221098        6.667442       -3.356961   11.477425    3.915055    0.185179    7.017334
    0.402985    0.650130    0.116245    0.172899    0.224886        6.667018       -3.356980   11.548843    3.938146    0.185179    7.017334
    0.405473    0.648132    0.113216    0.174190    0.228064        6.666594       -3.356999   11.620039    3.961101    0.185179    7.017334
    0.407960    0.646186    0.110165    0.175328    0.230632        6.666173       -3.357018   11.691018    3.983926    0.185179    7.017334
    0.410448    0.644294    0.107095    0.176319    0.232593        6.665752       -3.357039   11.761788    4.006622    0.185179    7.017334
    0.412935    0.642455    0.104010    0.177169    0.233948        6.665334       -3.357059   11.832352    4.029196    0.185179    7.017334
    0.415423    0.640669    0.100911    0.177887    0.234702        6.664916       -3.357080   11.902718    4.051649    0.185179    7.017334
    0.417910    0.638938    0.097800    0.178479    0.234860        6.664500       -3.357101   11.972891    4.073987    0.185179    7.017334
    0.420398    0.637260    0.094680    0.178953    0.234428        6.664085       -3.357123   12.042877    4.096212    0.185179    7.017334
    0.422886    0.635637    0.091553    0.179315    0.233413        6.663671       -3.357145   12.112682    4.118329    0.185179    7.017334
    0.425373    0.634068    0.088421    0.179574    0.231823        6.663259       -3.357167   12.182312    4.140342    0.185179    7.017334
    0.427861    0.632554    0.085285    0.179736    0.229667        6.662847       -3.357189   12.251772    4.162254    0.185179    7.017334
    0.430348    0.631094    0.082146    0.179809    0.226955        6.662437       -3.357212   12.321070    4.184069    0.185179    7.017334
    0.432836    0.629689    0.079008    0.179799    0.223698        6.662028       -3.357235   12.390211    4.205791    0.185179    7.017334
    0.435323    0.628339    0.075870    0.179716    0.219908        6.661620       -3.357259   12.459200    4.227424    0.185179    7.017334
    0.437811    0.627043    0.072734    0.179564    0.215598        6.661214       -3.357282   12.528045    4.248971    0.185179    7.017334
    0.440299    0.625802    0.069601    0.179353    0.210781        6.660808       -3.357306   12.596750    4.270435    0.185179    7.017334
    0.442786    0.624615    0.066472    0.179088    0.205473        6.660403       -3.357330   12.665322    4.291822    0.185179    7.017334
    0.445274    0.623483    0.063349    0.178777    0.199688        6.659999       -3.357355   12.733767    4.313133    0.185179    7.017334
    0.447761    0.622405    0.060231    0.178427    0.193443        6.659596       -3.357379   12.802091    4.334373    0.185179    7.017334
    0.450249    0.621381    0.057120    0.178044    0.186755        6.659193       -3.357404   12.870300    4.355546    0.185179    7.017334
    0.452736    0.620412    0.054015    0.177634    0.179640        6.658792       -3.357429   12.938399    4.376654    0.185179    7.017334
    0.455224    0.619496    0.050918    0.177204    0.172118        6.658391       -3.357454   13.006395    4.397702    0.185179    7.017334
    0.457711    0.618635    0.047829    0.176759    0.164208        6.657991       -3.357479   13.074293    4.418693    0.185179    7.017334
    0.460199    0.617827    0.044747    0.176306    0.155928        6.657592       -3.357504   13.142100    4.439631    0.185179    7.017334
    0.462687    0.617073    0.041674    0.175850    0.147299        6.657193       -3.357530   13.209821    4.460518    0.185179    7.017334
    0.465174    0.616373    0.038608    0.175396    0.138342        6.656795       -3.357555   13.277463    4.481359    0.185179    7.017334
    0.467662    0.615726    0.035550    0.174950    0.129077        6.656398       -3.357581   13.345030    4.502157    0.185179    7.017334
    0.470149    0.615132    0.032500    0.174515    0.119526        6.656001       -3.357607   13.412530    4.522916    0.185179    7.017334
    0.472637    0.614591    0.029458    0.174096    0.109711        6.655604       -3.357633   13.479967    4.543638    0.185179    7.017334
    0.475124    0.614103    0.026422    0.173698    0.099654        6.655208       -3.357659   13.547348    4.564327    0.185179    7.017334
    0.477612    0.613669    0.023393    0.173324    0.089378        6.654812       -3.357685   13.614678    4.584987    0.185179    7.017334
    0.480100    0.613287    0.020371    0.172978    0.078906        6.654417       -3.357711   13.681964    4.605621    0.185179    7.017334
    0.482587    0.612958    0.017354    0.172661    0.068261        6.654021       -3.357737   13.749210    4.626233    0.185179    7.017334
    0.485075    0.612681    0.014343    0.172378    0.057466        6.653627       -3.357763   13.816423    4.646825    0.185179    7.017334
    0.487562    0.612457    0.011336    0.172130    0.046546        6.653232       -3.357790   13.883609    4.667401    0.185179    7.017334
    0.490050    0.612285    0.008333    0.171920    0.035523        6.652837       -3.357816   13.950773    4.687964    0.185179    7.017334
    0.492537    0.612166    0.005333    0.171748    0.024423        6.652443       -3.357842   14.017922    4.708519    0.185179    7.017334
    0.495025    0.612099    0.002337    0.171617    0.013268        6.652048       -3.357868   14.085060    4.729067    0.185179    7.017334
    0.497512    0.612084   -0.000658    0.171526    0.002083        6.651654       -3.357895   14.152193    4.749613    0.185179    7.017334
    0.500000    0.612122   -0.003652    0.171476   -0.009108        6.651260       -3.357921   14.219328    4.770159    0.185179    7.017334
    0.502488    0.612212   -0.006645    0.171468   -0.020280        6.650865       -3.357947   14.286470    4.790710    0.185179    7.017334
    0.504975    0.612354   -0.009639    0.171500   -0.031410        6.650471       -3.357974   14.353624    4.811268    0.185179    7.017334
    0.507463    0.612548   -0.012633    0.171572   -0.042474        6.650076       -3.358000   14.420797    4.831836    0.185179    7.017334
    0.509950    0.612795   -0.015629    0.171684   -0.053448        6.649681       -3.358026   14.487994    4.852419    0.185179    7.017334
    0.512438    0.613094   -0.018627    0.171832   -0.064308        6.649286       -3.358053   14.555221    4.873019    0.185179    7.017334
    0.514925    0.613445   -0.021628    0.172016   -0.075030        6.648891       -3.358079   14.622484    4.893640    0.185179    7.017334
    0.517413    0.613849   -0.024632    0.172233   -0.085592        6.648495       -3.358105   14.689788    4.914285    0.185179    7.017334
    0.519900    0.614305   -0.027641    0.172481   -0.095969        6.648099       -3.358131   14.757139    4.934957    0.185179    7.017334
    0.522388    0.614814   -0.030654    0.172756   -0.106140        6.647703       -3.358157   14.824543    4.955660    0.185179    7.017334
    0.524876    0.615375   -0.033673    0.173055   -0.116081        6.647306       -3.358183   14.892006    4.976397    0.185179    7.017334
    0.527363    0.615989   -0.036696    0.173375   -0.125771        6.646909       -3.358208   14.959534    4.997172    0.185179    7.017334
    0.529851    0.616656   -0.039726    0.173711   -0.135187        6.646511       -3.358234   15.027131    5.017987    0.185179    7.017334
    0.532338    0.617376   -0.042761    0.174059   -0.144309        6.646113       -3.358260   15.094805    5.038847    0.185179    7.017334
    0.534826    0.618149   -0.045802    0.174415   -0.153115        6.645714       -3.358285   15.162560    5.059755    0.185179    7.017334
    0.537313    0.618974   -0.048850    0.174773   -0.161585        6.645314       -3.358310   15.230403    5.080714    0.185179    7.017334
    0.539801    0.619853   -0.051904    0.175128   -0.169700        6.644914       -3.358335   15.298340    5.101727    0.185179    7.017334
    0.542289    0.620786   -0.054964    0.175476   -0.177438        6.644513       -3.358360   15.366376    5.122799    0.185179    7.017334
    0.544776    0.621771   -0.058030    0.175810   -0.184783        6.644111       -3.358385   15.434517    5.143933    0.185179    7.017334
    0.547264    0.622811   -0.061102    0.176124   -0.191715        6.643709       -3.358410   15.502769    5.165131    0.185179    7.017334
    0.549751    0.623903   -0.064179    0.176412   -0.198218        6.643305       -3.358434   15.571138    5.186398    0.185179    7.017334
    0.552239    0.625050   -0.067261    0.176669   -0.204274        6.642901       -3.358458   15.639630    5.207738    0.185179    7.017334
    0.554726    0.626250   -0.070347    0.176886   -0.209867        6.642496       -3.358482   15.708251    5.229153    0.185179    7.017334
    0.557214    0.627504   -0.073436    0.177059   -0.214982        6.642090       -3.358506   15.777006    5.250648    0.185179    7.017334
    0.559701    0.628811   -0.076528    0.177179   -0.219605        6.641682       -3.358530   15.845901    5.272225    0.185179    7.017334
    0.562189    0.630173   -0.079621    0.177240   -0.223722        6.641274       -3.358553   15.914943    5.293890    0.185179    7.017334
    0.564677    0.631588   -0.082715    0.177236   -0.227319        6.640865       -3.358576   15.984137    5.315644    0.185179    7.017334
    0.567164    0.633057   -0.085808    0.177158   -0.230386        6.640454       -3.358599   16.053490    5.337493    0.185179    7.017334
    0.569652    0.634580   -0.088900    0.177001   -0.232910        6.640043       -3.358621   16.123006    5.359439    0.185179    7.017334
    0.572139    0.636157   -0.091987    0.176756   -0.234882        6.639630       -3.358643   16.192693    5.381487    0.185179    7.017334
    0.574627    0.637787   -0.095070    0.176417   -0.236293        6.639216       -3.358665   16.262555    5.403640    0.185179    7.017334
    0.577114    0.639471   -0.098146    0.175976   -0.237134        6.638800       -3.358687   16.332599    5.425901    0.185179    7.017334
    0.579602    0.641208   -0.101213    0.175426   -0.237398        6.638383       -3.358708   16.402831    5.448276    0.185179    7.017334
    0.582090    0.642998   -0.104270    0.174761   -0.237080        6.637965       -3.358729   16.473256    5.470766    0.185179    7.017334
    0.584577    0.644842   -0.107314    0.173972   -0.236173        6.637546       -3.358749   16.543880    5.493377    0.185179    7.017334
    0.587065    0.646738   -0.110343    0.173054   -0.234674        6.637125       -3.358769   16.614710    5.516112    0.185179    7.017334
    0.589552    0.648686   -0.113355    0.171999   -0.232579        6.636703       -3.358788   16.685750    5.538975    0.185179    7.017334
    0.592040    0.650686   -0.116347    0.170800   -0.229887        6.636280       -3.358807   16.757007    5.561970    0.185179    7.017334
    0.594527    0.652739   -0.119317    0.169451   -0.226596        6.635855       -3.358826   16.828486    5.585100    0.185179    7.017334
    0.597015    0.654842   -0.122262    0.167946   -0.222708        6.635428       -3.358844   16.900193    5.608370    0.185179    7.017334
    0.599502    0.656996   -0.125179    0.166277   -0.218222        6.635000       -3.358861   16.972134    5.631783    0.185179    7.017334
    0.601990    0.659201   -0.128066    0.164440   -0.213142        6.634571       -3.358878   17.044313    5.655343    0.185179    7.017334
    0.604478    0.661455   -0.130919    0.162428   -0.207469        6.634140       -3.358895   17.116737    5.679055    0.185179    7.017334
    0.606965    0.663758   -0.133735    0.160234   -0.201210        6.633707       -3.358910   17.189411    5.702921    0.185179    7.017334
    0.609453    0.666110   -0.136512    0.157855   -0.194369        6.633274       -3.358926   17.262341    5.726946    0.185179    7.017334
    0.611940    0.668509   -0.139245    0.155284   -0.186952        6.632838       -3.358940   17.335530    5.751135    0.185179    7.017334
    0.614428    0.670955   -0.141932    0.152517   -0.178967        6.632401       -3.358954   17.408986    5.775490    0.185179    7.017334
    0.616915    0.673447   -0.144569    0.149548   -0.170422        6.631963       -3.358967   17.482712    5.800015    0.185179    7.017334
    0.619403    0.675984   -0.147152    0.146374   -0.161326        6.631524       -3.358979   17.556714    5.824715    0.185179    7.017334
    0.621891    0.678566   -0.149678    0.142990   -0.151691        6.631083       -3.358991   17.630997    5.849593    0.185179    7.017334
    0.624378    0.681190   -0.152143    0.139392   -0.141525        6.630641       -3.359001   17.705566    5.874654    0.185179    7.017334
    0.626866    0.683856   -0.154543    0.135576   -0.130843        6.630197       -3.359011   17.780424    5.899900    0.185179    7.017334
    0.629353    0.686564   -0.156875    0.131539   -0.119656        6.629753       -3.359020   17.855577    5.925337    0.185179    7.017334
    0.631841    0.689310   -0.159134    0.127278   -0.107977        6.629307       -3.359028   17.931030    5.950966    0.185179    7.017334
    0.634328    0.692095   -0.161317    0.122790   -0.095822        6.628861       -3.359034   18.006785    5.976793    0.185179    7.017334
    0.636816    0.694917   -0.163420    0.118073   -0.083206        6.628414       -3.359040   18.082849    6.002822    0.185179    7.017334
    0.639303    0.697775   -0.165438    0.113124   -0.070143        6.627966       -3.359045   18.159223    6.029054    0.185179    7.017334
    0.641791    0.700666   -0.167368    0.107942   -0.056650        6.627517       -3.359048   18.235913    6.055496    0.185179    7.017334
    0.644279    0.703590   -0.169205    0.102524   -0.042745        6.627069       -3.359050   18.312922    6.082149    0.185179    7.017334
    0.646766    0.706545   -0.170946    0.096870   -0.028444        6.626620       -3.359051   18.390253    6.109017    0.185179    7.017334
    0.649254    0.709529   -0.172586    0.090979   -0.013765        6.626171       -3.359051   18.467910    6.136104    0.185179    7.017334
    0.651741    0.712540   -0.174120    0.084850    0.001273        6.625722       -3.359049   18.545896    6.163414    0.185179    7.017334
    0.654229    0.715576   -0.175546    0.078482    0.016651        6.625274       -3.359046   18.624213    6.190949    0.185179    7.017334
    0.656716    0.718636   -0.176859    0.071875    0.032350        6.624827       -3.359041   18.702865    6.218713    0.185179    7.017334
    0.659204    0.721718   -0.178054    0.065030    0.048351        6.624382       -3.359035   18.781854    6.246710    0.185179    7.017334
    0.661692    0.724819   -0.179128    0.057946    0.064634        6.623937       -3.359027   18.861181    6.274941    0.185179    7.017334
    0.664179    0.727938   -0.180076    0.050626    0.081179        6.623495       -3.359017   18.940850    6.303410    0.185179    7.017334
    0.666667    0.731071   -0.180894    0.043068    0.097966        6.623055       -3.359005   19.020862    6.332120    0.185179    7.017334
    0.669154    0.734218   -0.181578    0.035276    0.114975        6.622619       -3.358992   19.101218    6.361075    0.185179    7.017334
    0.671642    0.737375   -0.182124    0.027249    0.132185        6.622185       -3.358976   19.181920    6.390275    0.185179    7.017334
    0.674129    0.740540   -0.182528    0.018991    0.149576        6.621756       -3.358958   19.262968    6.419724    0.185179    7.017334
    0.676617    0.743711   -0.182786    0.010502    0.167128        6.621332       -3.358938   19.344364    6.449425    0.185179    7.017334
    0.679104    0.746886   -0.182893    0.001785    0.184819        6.620913       -3.358916   19.426108    6.479379    0.185179    7.017334
    0.681592    0.750060   -0.182847   -0.007158    0.202631        6.620500       -3.358891   19.508201    6.509589    0.185179    7.017334
    0.684080    0.753233   -0.182642   -0.016324    0.220541        6.620095       -3.358864   19.590641    6.540056    0.185179    7.017334
    0.686567    0.756400   -0.182276   -0.025710    0.238531        6.619697       -3.358834   19.673429    6.570782    0.185179    7.017334
    0.689055    0.759560   -0.181743   -0.035313    0.256580        6.619308       -3.358801   19.756564    6.601769    0.185179    7.017334
    0.691542    0.762710   -0.181042   -0.045130    0.274669        6.618929       -3.358765   19.840045    6.633018    0.185179    7.017334
    0.694030    0.765845   -0.180167   -0.055158    0.292777        6.618561       -3.358727   19.923871    6.664530    0.185179    7.017334
    0.696517    0.768965   -0.179115   -0.065394    0.310886        6.618206       -3.358685   20.008040    6.696306    0.185179    7.017334
    0.699005    0.772064   -0.177882   -0.075832    0.328976        6.617864       -3.358640   20.092550    6.728347    0.185179    7.017334
    0.701493    0.775141   -0.176466   -0.086471    0.347029        6.617537       -3.358591   20.177398    6.760653    0.185179    7.017334
    0.703980    0.778192   -0.174862   -0.097305    0.365026        6.617226       -3.358539   20.262583    6.793224    0.185179    7.017334
    0.706468    0.781214   -0.173068   -0.108330    0.382950        6.616933       -3.358484   20.348101    6.826060    0.185179    7.017334
    0.708955    0.784203   -0.171079   -0.119543    0.400782        6.616660       -3.358424   20.433948    6.859160    0.185179    7.017334
    0.711443    0.787156   -0.168893   -0.130939    0.418505        6.616407       -3.358361   20.520122    6.892525    0.185179    7.017334
    0.713930    0.790070   -0.166507   -0.142513    0.436101        6.616178       -3.358293   20.606617    6.926152    0.185179    7.017334
    0.716418    0.792941   -0.163917   -0.154260    0.453556        6.615974       -3.358222   20.693429    6.960041    0.185179    7.017334
    0.718905    0.795766   -0.161120   -0.166177    0.470851        6.615796       -3.358145   20.780554    6.994189    0.185179    7.017334
    0.721393    0.798541   -0.158114   -0.178258    0.487972        6.615647       -3.358065   20.867986    7.028594    0.185179    7.017334
    0.723881    0.801262   -0.154896   -0.190497    0.504904        6.615529       -3.357979   20.955720    7.063255    0.185179    7.017334
    0.726368    0.803926   -0.151463   -0.202892    0.521631        6.615444       -3.357889   21.043748    7.098167    0.185179    7.017334
    0.728856    0.806528   -0.147812   -0.215435    0.538138        6.615393       -3.357795   21.132066    7.133327    0.185179    7.017334
    0.731343    0.809066   -0.143941   -0.228122    0.554413        6.615379       -3.357695   21.220665    7.168733    0.185179    7.017334
    0.733831    0.811535   -0.139847   -0.240948    0.570441        6.615404       -3.357590   21.309540    7.204378    0.185179    7.017334
    0.736318    0.813931   -0.135528   -0.253908    0.586210        6.615469       -3.357480   21.398681    7.240260    0.185179    7.017334
    0.738806    0.816251   -0.130982   -0.266996    0.601707        6.615577       -3.357365   21.488080    7.276371    0.185179    7.017334
    0.741294    0.818490   -0.126206   -0.280207    0.616920        6.615729       -3.357244   21.577730    7.312707    0.185179    7.017334
    0.743781    0.820644   -0.121198   -0.293535    0.631837        6.615927       -3.357119   21.667620    7.349262    0.185179    7.017334
    0.746269    0.822709   -0.115957   -0.306975    0.646447        6.616172       -3.356988   21.757742    7.386028    0.185179    7.017334
    0.748756    0.824682   -0.110481   -0.320522    0.660739        6.616465       -3.356851   21.848086    7.422997    0.185179    7.017334
    0.751244    0.826557   -0.104767   -0.334171    0.674704        6.616806       -3.356710   21.938640    7.460163    0.185179    7.017334
    0.753731    0.828331   -0.098813   -0.347914    0.688330        6.617196       -3.356564   22.029395    7.497516    0.185179    7.017334
    0.756219    0.830000   -0.092620   -0.361748    0.701610        6.617635       -3.356412   22.120339    7.535048    0.185179    7.017334
    0.758706    0.831559   -0.086184   -0.375667    0.714533        6.618123       -3.356256   22.211459    7.572747    0.185179    7.017334
    0.761194    0.833004   -0.079504   -0.389664    0.727091        6.618658       -3.356095   22.302745    7.610605    0.185179    7.017334
    0.763682    0.834330   -0.072579   -0.403736    0.739277        6.619238       -3.355930   22.394182    7.648609    0.185179    7.017334
    0.766169    0.835534   -0.065408   -0.417875    0.751081        6.619863       -3.355761   22.485758    7.686749    0.185179    7.017334
    0.768657    0.836610   -0.057990   -0.432076    0.762498        6.620528       -3.355588   22.577459    7.725010    0.185179    7.017334
    0.771144    0.837556   -0.050323   -0.446334    0.773519        6.621230       -3.355412   22.669271    7.763382    0.185179    7.017334
    0.773632    0.838365   -0.042407   -0.460644    0.784137        6.621966       -3.355232   22.761180    7.801849    0.185179    7.017334
    0.776119    0.839034   -0.034241   -0.474999    0.794347        6.622732       -3.355050   22.853170    7.840396    0.185179    7.017334
    0.778607    0.839559   -0.025824   -0.489394    0.804142        6.623521       -3.354866   22.945225    7.879010    0.185179    7.017334
    0.781095    0.839934   -0.017155   -0.503824    0.813516        6.624329       -3.354680   23.037329    7.917674    0.185179    7.017334
    0.783582    0.840156   -0.008234   -0.518284    0.822463        6.625149       -3.354493   23.129466    7.956371    0.185179    7.017334
    0.786070    0.840220    0.000940   -0.532766    0.830979        6.625975       -3.354306   23.221619    7.995084    0.185179    7.017334
    0.788557    0.840122    0.010366   -0.547267    0.839058        6.626801       -3.354118   23.313771    8.033795    0.185179    7.017334
    0.791045    0.839857    0.020046   -0.561781    0.846695        6.627619       -3.353932   23.405902    8.072486    0.185179    7.017334
    0.793532    0.839421    0.029979   -0.576302    0.853885        6.628422       -3.353746   23.497995    8.111137    0.185179    7.017334
    0.796020    0.838809    0.040166   -0.590824    0.860625        6.629204       -3.353563   23.590030    8.149728    0.185179    7.017334
    0.798507    0.838017    0.050606   -0.605343    0.866909        6.629958       -3.353382   23.681989    8.188238    0.185179    7.017334
    0.800995    0.837042    0.061300   -0.619852    0.872734        6.630678       -3.353204   23.773850    8.226647    0.185179    7.017334
    0.803483    0.835877    0.072246   -0.634347    0.878097        6.631357       -3.353029   23.865594    8.264932    0.185179    7.017334
    0.805970    0.834520    0.083446   -0.648821    0.882992        6.631990       -3.352859   23.957201    8.303072    0.185179    7.017334
    0.808458    0.832966    0.094898   -0.663271    0.887418        6.632573       -3.352694   24.048647    8.341042    0.185179    7.017334
    0.810945    0.831211    0.106602   -0.677689    0.891372        6.633101       -3.352534   24.139912    8.378821    0.185179    7.017334
    0.813433    0.829250    0.118557   -0.692071    0.894849        6.633571       -3.352379   24.230973    8.416383    0.185179    7.017334
    0.815920    0.827080    0.130763   -0.706412    0.897849        6.633981       -3.352230   24.321808    8.453705    0.185179    7.017334
    0.818408    0.824696    0.143219   -0.720705    0.900367        6.634328       -3.352088   24.412393    8.490762    0.185179    7.017334
    0.820896    0.822095    0.155924   -0.734947    0.902404        6.634613       -3.351953   24.502705    8.527529    0.185179    7.017334
    0.823383    0.819273    0.168878   -0.749130    0.903956        6.634834       -3.351825   24.592719    8.563980    0.185179    7.017334
    0.825871    0.816226    0.182078   -0.763251    0.905022        6.634993       -3.351703   24.682412    8.600091    0.185179    7.017334
    0.828358    0.812951    0.195524   -0.777304    0.905602        6.635091       -3.351589   24.771758    8.635835    0.185179    7.017334
    0.830846    0.809442    0.209215   -0.791284    0.905695        6.635130       -3.351482   24.860731    8.671187    0.185179    7.017334
    0.833333    0.805698    0.223149   -0.805185    0.905299        6.635114       -3.351383   24.949308    8.706121    0.185179    7.017334
    0.835821    0.801715    0.237325   -0.819003    0.904415        6.635044       -3.351291   25.037460    8.740612    0.185179    7.017334
    0.838308    0.797489    0.251741   -0.832731    0.903044        6.634925       -3.351206   25.125162    8.774633    0.185179    7.017334
    0.840796    0.793018    0.266397   -0.846366    0.901186        6.634760       -3.351128   25.212388    8.808160    0.185179    7.017334
    0.843284    0.788298    0.281289   -0.859902    0.898841        6.634553       -3.351058   25.299109    8.841167    0.185179    7.017334
    0.845771    0.783326    0.296417   -0.873334    0.896011        6.634310       -3.350994   25.385299    8.873629    0.185179    7.017334
    0.848259    0.778099    0.311779   -0.886657    0.892697        6.634032       -3.350937   25.470930    8.905523    0.185179    7.017334
    0.850746    0.772615    0.327372   -0.899866    0.888903        6.633726       -3.350887   25.555973    8.936824    0.185179    7.017334
    0.853234    0.766872    0.343194   -0.912956    0.884629        6.633395       -3.350842   25.640400    8.967510    0.185179    7.017334
    0.855721    0.760867    0.359244   -0.925923    0.879879        6.633042       -3.350804   25.724184    8.997557    0.185179    7.017334
    0.858209    0.754597    0.375519   -0.938761    0.874655        6.632673       -3.350772   25.807294    9.026945    0.185179    7.017334
    0.860697    0.748062    0.392017   -0.951467    0.868960        6.632290       -3.350744   25.889702    9.055652    0.185179    7.017334
    0.863184    0.741259    0.408736   -0.964035    0.862799        6.631896       -3.350723   25.971378    9.083659    0.185179    7.017334
    0.865672    0.734186    0.425673   -0.976460    0.856175        6.631496       -3.350706   26.052294    9.110947    0.185179    7.017334
    0.868159    0.726842    0.442826   -0.988739    0.849093        6.631091       -3.350693   26.132419    9.137498    0.185179    7.017334
    0.870647    0.719226    0.460191   -1.000867    0.841556        6.630685       -3.350685   26.211723    9.163296    0.185179    7.017334
    0.873134    0.711336    0.477767   -1.012840    0.833570        6.630280       -3.350681   26.290178    9.188326    0.185179    7.017334
    0.875622    0.703173    0.495551   -1.024652    0.825139        6.629877       -3.350681   26.367752    9.212575    0.185179    7.017334
    0.878109    0.694735    0.513539   -1.036300    0.816268        6.629479       -3.350685   26.444415    9.236030    0.185179    7.017334
    0.880597    0.686022    0.531729   -1.047780    0.806964        6.629088       -3.350692   26.520138    9.258681    0.185179    7.017334
    0.883085    0.677034    0.550118   -1.059088    0.797232        6.628703       -3.350702   26.594890    9.280519    0.185179    7.017334
    0.885572    0.667770    0.568703   -1.070220    0.787078        6.628328       -3.350715   26.668642    9.301536    0.185179    7.017334
    0.888060    0.658232    0.587481   -1.081171    0.776507        6.627963       -3.350730   26.741362    9.321727    0.185179    7.017334
    0.890547    0.648420    0.606448   -1.091938    0.765527        6.627608       -3.350749   26.813021    9.341088    0.185179    7.017334
    0.893035    0.638334    0.625601   -1.102518    0.754144        6.627264       -3.350769   26.883589    9.359618    0.185179    7.017334
    0.895522    0.627976    0.644938   -1.112906    0.742365        6.626932       -3.350792   26.953035    9.377316    0.185179    7.017334
    0.898010    0.617347    0.664454   -1.123098    0.730196        6.626611       -3.350816   27.021331    9.394184    0.185179    7.017334
    0.900498    0.606449    0.684147   -1.133092    0.717646        6.626303       -3.350842   27.088446    9.410225    0.185179    7.017334
    0.902985    0.595283    0.704012   -1.142884    0.704720        6.626008       -3.350871   27.154352    9.425446    0.185179    7.017334
    0.905473    0.583852    0.724046   -1.152471    0.691427        6.625725       -3.350900   27.219018    9.439854    0.185179    7.017334
    0.907960    0.572157    0.744246   -1.161849    0.677774        6.625454       -3.350931   27.282415    9.453458    0.185179    7.017334
    0.910448    0.560203    0.764607   -1.171015    0.663770        6.625196       -3.350963   27.344516    9.466270    0.185179    7.017334
    0.912935    0.547990    0.785127   -1.179966    0.649421        6.624949       -3.350997   27.405291    9.478302    0.185179    7.017334
    0.915423    0.535524    0.805801   -1.188699    0.634737        6.624715       -3.351032   27.464713    9.489571    0.185179    7.017334
    0.917910    0.522806    0.826626   -1.197211    0.619725        6.624493       -3.351067   27.522754    9.500092    0.185179    7.017334
    0.920398    0.509842    0.847597   -1.205499    0.604393        6.624281       -3.351104   27.579387    9.509883    0.185179    7.017334
    0.922886    0.496635    0.868711   -1.213561    0.588751        6.624081       -3.351141   27.634584    9.518966    0.185179    7.017334
    0.925373    0.483188    0.889964   -1.221393    0.572807        6.623892       -3.351180   27.688320    9.527361    0.185179    7.017334
    0.927861    0.469508    0.911351   -1.228994    0.556568        6.623714       -3.351219   27.740567    9.535092    0.185179    7.017334
    0.930348    0.455598    0.932869   -1.236360    0.540046        6.623545       -3.351258   27.791302    9.542183    0.185179    7.017334
    0.932836    0.441463    0.954513   -1.243490    0.523247        6.623387       -3.351299   27.840499    9.548659    0.185179    7.017334
    0.935323    0.427110    0.976280   -1.250380    0.506181        6.623238       -3.351340   27.888133    9.554547    0.185179    7.017334
    0.937811    0.412543    0.998165   -1.257030    0.488858        6.623098       -3.351382   27.934181    9.559875    0.185179    7.017334
    0.940299    0.397769    1.020165   -1.263435    0.471286        6.622966       -3.351424   27.978621    9.564671    0.185179    7.017334
    0.942786    0.382794    1.042273   -1.269596    0.453474        6.622844       -3.351467   28.021428    9.568964    0.185179    7.017334
    0.945274    0.367623    1.064487   -1.275509    0.435433        6.622729       -3.351510   28.062583    9.572785    0.185179    7.017334
    0.947761    0.352264    1.086803   -1.281172    0.417171        6.622622       -3.351554   28.102063    9.576163    0.185179    7.017334
    0.950249    0.336723    1.109214   -1.286584    0.398698        6.622523       -3.351598   28.139849    9.579128    0.185179    7.017334
    0.952736    0.321008    1.131718   -1.291743    0.380023        6.622431       -3.351643   28.175920    9.581711    0.185179    7.017334
    0.955224    0.305125    1.154310   -1.296648    0.361157        6.622346       -3.351688   28.210258    9.583943    0.185179    7.017334
    0.957711    0.289083    1.176986   -1.301296    0.342109        6.622267       -3.351734   28.242846    9.585852    0.185179    7.017334
    0.960199    0.272888    1.199740   -1.305686    0.322887        6.622195       -3.351780   28.273666    9.587470    0.185179    7.017334
    0.962687    0.256549    1.222568   -1.309818    0.303504        6.622128       -3.351827   28.302701    9.588823    0.185179    7.017334
    0.965174    0.240074    1.245467   -1.313689    0.283967        6.622068       -3.351874   28.329937    9.589942    0.185179    7.017334
    0.967662    0.223471    1.268431   -1.317299    0.264288        6.622013       -3.351922   28.355359    9.590853    0.185179    7.017334
    0.970149    0.206749    1.291455   -1.320646    0.244475        6.621963       -3.351970   28.378953    9.591582    0.185179    7.017334
    0.972637    0.189915    1.314535   -1.323729    0.224539        6.621918       -3.352019   28.400707    9.592154    0.185179    7.017334
    0.975124    0.172979    1.337668   -1.326547    0.204491        6.621878       -3.352068   28.420609    9.592592    0.185179    7.017334
    0.977612    0.155950    1.360846   -1.329099    0.184339        6.621843       -3.352118   28.438648    9.592919    0.185179    7.017334
    0.980100    0.138837    1.384068   -1.331386    0.164094        6.621812       -3.352169   28.454815    9.593154    0.185179    7.017334
    0.982587    0.121648    1.407326   -1.333404    0.143766        6.621786       -3.352220   28.469101    9.593317    0.185179    7.017334
    0.985075    0.104393    1.430618   -1.335155    0.123365        6.621763       -3.352272   28.481498    9.593424    0.185179    7.017334
    0.987562    0.087082    1.453938   -1.336638    0.102902        6.621745       -3.352324   28.491998    9.593489    0.185179    7.017334
    0.990050    0.069722    1.477281   -1.337852    0.082386        6.621730       -3.352377   28.500598    9.593524    0.185179    7.017334
    0.992537    0.052325    1.500644   -1.338796    0.061828        6.621718       -3.352431   28.507291    9.593542    0.185179    7.017334
    0.995025    0.034899    1.524020   -1.339471    0.041237        6.621711       -3.352486   28.512075    9.593548    0.185179    7.017334
    0.997512    0.017454    1.547406   -1.339876    0.020625        6.621706       -3.352541   28.514946    9.593549    0.185179    7.017334
    1.000000    0.000000    1.570796   -1.340011    0.000000        6.621704       -3.352597   28.515903    9.593549    0.185179    7.017334
