           t           r         psi          cs          qs               p             sig           A           V          Q2           S
    0.000000   -0.000000   -1.570796   -0.445346    0.000000     -487.295834      573.763843   -0.000000   -0.000000    0.134692    6.577655
    0.002488    0.016362   -1.563503   -0.446420    0.167812     -487.342018      567.652684    0.000841    0.000000    0.134692    6.577655
    0.004975    0.032723   -1.556178   -0.449246    0.293878     -487.485583      561.612065    0.003364    0.000000    0.134692    6.577655
    0.007463    0.049083   -1.548795   -0.453380    0.391117     -487.732678      555.638693    0.007569    0.000002    0.134692    6.577655
    0.009950    0.065440   -1.541336   -0.458520    0.468531     -488.089406      549.729334    0.013456    0.000006    0.134692    6.577655
    0.012438    0.081793   -1.533786   -0.464464    0.532435     -488.562250      543.880820    0.021025    0.000016    0.134692    6.577655
    0.014925    0.098142   -1.526133   -0.471081    0.587302     -489.158197      538.090044    0.030274    0.000033    0.134692    6.577655
    0.017413    0.114485   -1.518366   -0.478286    0.636334     -489.884820      532.353965    0.041204    0.000061    0.134692    6.577655
    0.019900    0.130821   -1.510478   -0.486032    0.681856     -490.750341      526.669611    0.053814    0.000105    0.134692    6.577655
    0.022388    0.147150   -1.502458   -0.494294    0.725589     -491.763699      521.034075    0.068103    0.000169    0.134692    6.577655
    0.024876    0.163469   -1.494299   -0.503067    0.768839     -492.934620      515.444526    0.084070    0.000259    0.134692    6.577655
    0.027363    0.179778   -1.485993   -0.512360    0.812626     -494.273696      509.898206    0.101714    0.000381    0.134692    6.577655
    0.029851    0.196076   -1.477530   -0.522193    0.857778     -495.792475      504.392436    0.121034    0.000543    0.134692    6.577655
    0.032338    0.212360   -1.468901   -0.532596    0.904998     -497.503556      498.924621    0.142030    0.000752    0.134692    6.577655
    0.034826    0.228630   -1.460097   -0.543606    0.954911     -499.420700      493.492253    0.164698    0.001018    0.134692    6.577655
    0.037313    0.244884   -1.451108   -0.555268    1.008097     -501.558959      488.092923    0.189039    0.001349    0.134692    6.577655
    0.039801    0.261120   -1.441923   -0.567635    1.065120     -503.934809      482.724321    0.215049    0.001758    0.134692    6.577655
    0.042289    0.277337   -1.432528   -0.580766    1.126549     -506.566310      477.384251    0.242728    0.002254    0.134692    6.577655
    0.044776    0.293532   -1.422913   -0.594731    1.192969     -509.473284      472.070639    0.272073    0.002852    0.134692    6.577655
    0.047264    0.309703   -1.413061   -0.609604    1.265001     -512.677513      466.781546    0.303082    0.003564    0.134692    6.577655
    0.049751    0.325849   -1.402958   -0.625472    1.343310     -516.202965      461.515182    0.335752    0.004406    0.134692    6.577655
    0.052239    0.341967   -1.392587   -0.642427    1.428617     -520.076044      456.269924    0.370081    0.005393    0.134692    6.577655
    0.054726    0.358055   -1.381928   -0.660576    1.521709     -524.325884      451.044339    0.406065    0.006543    0.134692    6.577655
    0.057214    0.374109   -1.370963   -0.680037    1.623444     -528.984669      445.837202    0.443701    0.007874    0.134692    6.577655
    0.059701    0.390127   -1.359667   -0.700938    1.734763     -534.087997      440.647530    0.482986    0.009406    0.134692    6.577655
    0.062189    0.406106   -1.348016   -0.723425    1.856694     -539.675303      435.474614    0.523916    0.011161    0.134692    6.577655
    0.064677    0.422042   -1.335983   -0.747657    1.990358     -545.790316      430.318059    0.566486    0.013160    0.134692    6.577655
    0.067164    0.437931   -1.323539   -0.773811    2.136969     -552.481599      425.177829    0.610692    0.015430    0.134692    6.577655
    0.069652    0.453770   -1.310649   -0.802084    2.297835     -559.803132      420.054305    0.656529    0.017995    0.134692    6.577655
    0.072139    0.469553   -1.297278   -0.832689    2.474350     -567.814990      414.948351    0.703992    0.020884    0.134692    6.577655
    0.074627    0.485276   -1.283386   -0.865865    2.667981     -576.584085      409.861391    0.753075    0.024128    0.134692    6.577655
    0.077114    0.500934   -1.268928   -0.901869    2.880246     -586.184998      404.795500    0.803770    0.027758    0.134692    6.577655
    0.079602    0.516519   -1.253855   -0.940984    3.112683     -596.700901      399.753521    0.856072    0.031810    0.134692    6.577655
    0.082090    0.532026   -1.238116   -0.983512    3.366795     -608.224559      394.739187    0.909971    0.036320    0.134692    6.577655
    0.084577    0.547447   -1.221650   -1.029781    3.643984     -620.859417      389.757284    0.965461    0.041327    0.134692    6.577655
    0.087065    0.562773   -1.204394   -1.080136    3.945456     -634.720741      384.813832    1.022532    0.046875    0.134692    6.577655
    0.089552    0.577996   -1.186278   -1.134938    4.272099     -649.936801      379.916309    1.081172    0.053008    0.134692    6.577655
    0.092040    0.593105   -1.167227   -1.194560    4.624318     -666.650026      375.073910    1.141372    0.059775    0.134692    6.577655
    0.094527    0.608088   -1.147159   -1.259373    5.001835     -685.018056      370.297861    1.203119    0.067228    0.134692    6.577655
    0.097015    0.622932   -1.125984   -1.329742    5.403432     -705.214567      365.601788    1.266400    0.075421    0.134692    6.577655
    0.099502    0.637623   -1.103611   -1.406002    5.826650     -727.429688      361.002150    1.331198    0.084413    0.134692    6.577655
    0.101990    0.652144   -1.079940   -1.488442    6.267420     -751.869730      356.518756    1.397499    0.094267    0.134692    6.577655
    0.104478    0.666477   -1.054867   -1.577274    6.719652     -778.755873      352.175364    1.465282    0.105046    0.134692    6.577655
    0.106965    0.680602   -1.028289   -1.672603    7.174771     -808.321275      348.000378    1.534529    0.116819    0.134692    6.577655
    0.109453    0.694495   -1.000097   -1.774383    7.621231     -840.805938      344.027647    1.605216    0.129657    0.134692    6.577655
    0.111940    0.708131   -0.970189   -1.882371    8.044037     -876.448401      340.297366    1.677319    0.143631    0.134692    6.577655
    0.114428    0.721483   -0.938466   -1.996069    8.424330     -915.473169      336.857076    1.750809    0.158816    0.134692    6.577655
    0.116915    0.734518   -0.904841   -2.114665    8.739105     -958.072503      333.762729    1.825656    0.175284    0.134692    6.577655
    0.119403    0.747203   -0.869244   -2.236971    8.961171    -1004.381107      331.079782    1.901825    0.193107    0.134692    6.577655
    0.121891    0.759502   -0.831626   -2.361356    9.059477    -1054.442260      328.884232    1.979279    0.212351    0.134692    6.577655
    0.124378    0.771374   -0.791969   -2.485697    8.999955    -1108.164348      327.263474    2.057976    0.233077    0.134692    6.577655
    0.126866    0.782779   -0.750297   -2.607343    8.747036    -1165.267697      326.316789    2.137869    0.255336    0.134692    6.577655
    0.129353    0.793673   -0.706677   -2.723104    8.265961    -1225.223462      326.155229    2.218909    0.279167    0.134692    6.577655
    0.131841    0.804013   -0.661236   -2.829286    7.525969    -1287.189185      326.900570    2.301041    0.304593    0.134692    6.577655
    0.134328    0.813755   -0.614164   -2.921781    6.504283    -1349.949654      328.682980    2.384206    0.331616    0.134692    6.577655
    0.136816    0.822858   -0.565720   -2.996220    5.190635    -1411.876392      331.637033    2.468340    0.360221    0.134692    6.577655
    0.139303    0.831284   -0.516236   -3.048194    3.591851    -1470.923406      335.895792    2.553375    0.390364    0.134692    6.577655
    0.141791    0.839002   -0.466115   -3.073550    1.735701    -1524.678616      341.582872    2.639240    0.421980    0.134692    6.577655
    0.144279    0.845984   -0.415820   -3.068729   -0.326913    -1570.487221      348.802756    2.725861    0.454978    0.134692    6.577655
    0.146766    0.852216   -0.365870   -3.031121   -2.522386    -1605.652677      357.630106    2.813161    0.489247    0.134692    6.577655
    0.149254    0.857692   -0.316814   -2.959394   -4.758162    -1627.702894      368.099289    2.901064    0.524657    0.134692    6.577655
    0.151741    0.862415   -0.269211   -2.853738   -6.929910    -1634.687113      380.195778    2.989490    0.561063    0.134692    6.577655
    0.154229    0.866403   -0.223602   -2.715977   -8.931427    -1625.450129      393.851111    3.078364    0.598316    0.134692    6.577655
    0.156716    0.869682   -0.180488   -2.549523  -10.665799    -1599.824312      408.942788    3.167611    0.636265    0.134692    6.577655
    0.159204    0.872291   -0.140301   -2.359148  -12.055794    -1558.692140      425.299668    3.257161    0.674764    0.134692    6.577655
    0.161692    0.874275   -0.103385   -2.150627  -13.051556    -1503.901211      442.712381    3.346946    0.713679    0.134692    6.577655
    0.164179    0.875687   -0.069987   -1.930276  -13.634201    -1438.050078      460.947285    3.436905    0.752889    0.134692    6.577655
    0.166667    0.876583   -0.040247   -1.704477  -13.814958    -1364.193067      479.761864    3.526983    0.792290    0.134692    6.577655
    0.169154    0.877024   -0.014205   -1.479241  -13.630462    -1285.525268      498.919407    3.617128    0.831796    0.134692    6.577655
    0.171642    0.877068    0.008193   -1.259864  -13.135568    -1205.102852      518.201202    3.707298    0.871338    0.134692    6.577655
    0.174129    0.876775    0.027080   -1.050703  -12.395276    -1125.634716      537.415227    3.797455    0.910863    0.134692    6.577655
    0.176617    0.876200    0.042651   -0.855073  -11.477187    -1049.358327      556.401092    3.887567    0.950330    0.134692    6.577655
    0.179104    0.875396    0.055148   -0.675257  -10.445451     -977.993510      575.031585    3.977607    0.989711    0.134692    6.577655
    0.181592    0.874411    0.064842   -0.512589   -9.356625     -912.756628      593.211575    4.067555    1.028988    0.134692    6.577655
    0.184080    0.873289    0.072019   -0.367595   -8.257431     -854.414016      610.875102    4.157395    1.068149    0.134692    6.577655
    0.186567    0.872069    0.076967   -0.240144   -7.184089     -803.355409      627.981468    4.247113    1.107188    0.134692    6.577655
    0.189055    0.870784    0.079970   -0.129619   -6.162806     -759.672673      644.510957    4.336703    1.146103    0.134692    6.577655
    0.191542    0.869464    0.081296   -0.035057   -5.210968     -723.234240      660.460644    4.426158    1.184895    0.134692    6.577655
    0.194030    0.868134    0.081198    0.044723   -4.338667     -693.750021      675.840557    4.515477    1.223567    0.134692    6.577655
    0.196517    0.866816    0.079906    0.111014   -3.550302     -670.824807      690.670350    4.604660    1.262123    0.134692    6.577655
    0.199005    0.865527    0.077631    0.165149   -2.846055     -654.000184      704.976528    4.693709    1.300569    0.134692    6.577655
    0.201493    0.864282    0.074561    0.208443   -2.223176     -642.786134      718.790190    4.782627    1.338910    0.134692    6.577655
    0.203980    0.863093    0.070862    0.242151   -1.677017     -636.683952      732.145257    4.871420    1.377153    0.134692    6.577655
    0.206468    0.861968    0.066682    0.267453   -1.201839     -635.202204      745.077110    4.960094    1.415305    0.134692    6.577655
    0.208955    0.860914    0.062150    0.285431   -0.791401     -637.867309      757.621563    5.048656    1.453371    0.134692    6.577655
    0.211443    0.859937    0.057376    0.297074   -0.439380     -644.230088      769.814111    5.137114    1.491358    0.134692    6.577655
    0.213930    0.859039    0.052458    0.303272   -0.139642     -653.869385      781.689390    5.225475    1.529273    0.134692    6.577655
    0.216418    0.858221    0.047477    0.304823    0.113584     -666.393619      793.280811    5.313748    1.567122    0.134692    6.577655
    0.218905    0.857485    0.042504    0.302437    0.325617     -681.440931      804.620309    5.401941    1.604912    0.134692    6.577655
    0.221393    0.856830    0.037598    0.296745    0.501283     -698.678396      815.738197    5.490063    1.642648    0.134692    6.577655
    0.223881    0.856255    0.032808    0.288308    0.644916     -717.800677      826.663078    5.578121    1.680338    0.134692    6.577655
    0.226368    0.855756    0.028175    0.277620    0.760380     -738.528363      837.421811    5.666124    1.717985    0.134692    6.577655
    0.228856    0.855332    0.023733    0.265119    0.851102     -760.606166      848.039519    5.754080    1.755597    0.134692    6.577655
    0.231343    0.854978    0.019507    0.251191    0.920112     -783.801110      858.539603    5.841996    1.793179    0.134692    6.577655
    0.233831    0.854692    0.015519    0.236176    0.970089     -807.900769      868.943789    5.929879    1.830736    0.134692    6.577655
    0.236318    0.854469    0.011783    0.220374    1.003404     -832.711629      879.272175    6.017735    1.868272    0.134692    6.577655
    0.238806    0.854305    0.008310    0.204050    1.022156     -858.057573      889.543283    6.105572    1.905794    0.134692    6.577655
    0.241294    0.854196    0.005107    0.187434    1.028211     -883.778520      899.774117    6.193395    1.943304    0.134692    6.577655
    0.243781    0.854137    0.002177    0.170731    1.023234     -909.729214      909.980222    6.281210    1.980808    0.134692    6.577655
    0.246269    0.854123   -0.000481    0.154116    1.008713     -935.778152      920.175740    6.369020    2.018308    0.134692    6.577655
    0.248756    0.854151   -0.002868    0.137744    0.985990     -961.806644      930.373462    6.456832    2.055810    0.134692    6.577655
    0.251244    0.854215   -0.004990    0.121747    0.956275     -987.707998      940.584888    6.544648    2.093315    0.134692    6.577655
    0.253731    0.854313   -0.006855    0.106238    0.920665    -1013.386805      950.820277    6.632472    2.130827    0.134692    6.577655
    0.256219    0.854438   -0.008470    0.091312    0.880161    -1038.758310      961.088697    6.720308    2.168348    0.134692    6.577655
    0.258706    0.854589   -0.009847    0.077049    0.835673    -1063.747862      971.398081    6.808159    2.205881    0.134692    6.577655
    0.261194    0.854759   -0.010996    0.063514    0.788038    -1088.290418      981.755275    6.896025    2.243427    0.134692    6.577655
    0.263682    0.854947   -0.011929    0.050757    0.738017    -1112.330093      992.166087    6.983911    2.280989    0.134692    6.577655
    0.266169    0.855149   -0.012661    0.038816    0.686309    -1135.819738     1002.635342    7.071816    2.318568    0.134692    6.577655
    0.268657    0.855361   -0.013204    0.027719    0.633554    -1158.720539     1013.166930    7.159742    2.356165    0.134692    6.577655
    0.271144    0.855580   -0.013573    0.017483    0.580333    -1181.001626     1023.763862    7.247691    2.393780    0.134692    6.577655
    0.273632    0.855804   -0.013781    0.008113    0.527172    -1202.639679     1034.428319    7.335663    2.431415    0.134692    6.577655
    0.276119    0.856030   -0.013843   -0.000391    0.474547    -1223.618534     1045.161709    7.423657    2.469069    0.134692    6.577655
    0.278607    0.856256   -0.013773   -0.008038    0.422882    -1243.928769     1055.964721    7.511675    2.506744    0.134692    6.577655
    0.281095    0.856480   -0.013585   -0.014846    0.372554    -1263.567287     1066.837383    7.599716    2.544438    0.134692    6.577655
    0.283582    0.856700   -0.013292   -0.020837    0.323890    -1282.536873     1077.779115    7.687780    2.582152    0.134692    6.577655
    0.286070    0.856914   -0.012907   -0.026037    0.277172    -1300.845740     1088.788787    7.775867    2.619885    0.134692    6.577655
    0.288557    0.857122   -0.012444   -0.030481    0.232640    -1318.507061     1099.864778    7.863975    2.657637    0.134692    6.577655
    0.291045    0.857321   -0.011913   -0.034203    0.190486    -1335.538487     1111.005028    7.952104    2.695407    0.134692    6.577655
    0.293532    0.857512   -0.011328   -0.037243    0.150866    -1351.961653     1122.207099    8.040253    2.733195    0.134692    6.577655
    0.296020    0.857692   -0.010698   -0.039642    0.113893    -1367.801689     1133.468226    8.128421    2.770999    0.134692    6.577655
    0.298507    0.857861   -0.010034   -0.041444    0.079647    -1383.086717     1144.785370    8.216606    2.808819    0.134692    6.577655
    0.300995    0.858020   -0.009345   -0.042694    0.048172    -1397.847364     1156.155273    8.304809    2.846654    0.134692    6.577655
    0.303483    0.858167   -0.008640   -0.043436    0.019480    -1412.116282     1167.574502    8.393028    2.884502    0.134692    6.577655
    0.305970    0.858303   -0.007926   -0.043716   -0.006445    -1425.927674     1179.039499    8.481261    2.922363    0.134692    6.577655
    0.308458    0.858427   -0.007211   -0.043579   -0.029644    -1439.316855     1190.546626    8.569507    2.960236    0.134692    6.577655
    0.310945    0.858539   -0.006502   -0.043069   -0.050183    -1452.319821     1202.092200    8.657766    2.998120    0.134692    6.577655
    0.313433    0.858639   -0.005804   -0.042229   -0.068145    -1464.972853     1213.672537    8.746036    3.036013    0.134692    6.577655
    0.315920    0.858729   -0.005122   -0.041101   -0.083633    -1477.312148     1225.283982    8.834315    3.073914    0.134692    6.577655
    0.318408    0.858807   -0.004460   -0.039724   -0.096762    -1489.373487     1236.922941    8.922603    3.111823    0.134692    6.577655
    0.320896    0.858875   -0.003823   -0.038138   -0.107658    -1501.191924     1248.585909    9.010898    3.149739    0.134692    6.577655
    0.323383    0.858932   -0.003213   -0.036377   -0.116458    -1512.801530     1260.269493    9.099200    3.187660    0.134692    6.577655
    0.325871    0.858980   -0.002633   -0.034475   -0.123303    -1524.235150     1271.970431    9.187507    3.225586    0.134692    6.577655
    0.328358    0.859019   -0.002085   -0.032465   -0.128340    -1535.524211     1283.685610    9.275819    3.263515    0.134692    6.577655
    0.330846    0.859049   -0.001571   -0.030375   -0.131715    -1546.698559     1295.412084    9.364134    3.301448    0.134692    6.577655
    0.333333    0.859070   -0.001092   -0.028231   -0.133576    -1557.786322     1307.147076    9.452452    3.339383    0.134692    6.577655
    0.335821    0.859084   -0.000647   -0.026058   -0.134071    -1568.813819     1318.887997    9.540772    3.377320    0.134692    6.577655
    0.338308    0.859092   -0.000239   -0.023879   -0.133341    -1579.805480     1330.632441    9.629092    3.415258    0.134692    6.577655
    0.340796    0.859092    0.000134   -0.021711   -0.131527    -1590.783809     1342.378195    9.717414    3.453196    0.134692    6.577655
    0.343284    0.859087    0.000472   -0.019574   -0.128761    -1601.769363     1354.123239    9.805735    3.491134    0.134692    6.577655
    0.345771    0.859077    0.000775   -0.017482   -0.125172    -1612.780750     1365.865744    9.894055    3.529071    0.134692    6.577655
    0.348259    0.859062    0.001044   -0.015448   -0.120880    -1623.834657     1377.604067    9.982374    3.567007    0.134692    6.577655
    0.350746    0.859043    0.001281   -0.013484   -0.116001    -1634.945887     1389.336752   10.070691    3.604941    0.134692    6.577655
    0.353234    0.859021    0.001486   -0.011599   -0.110639    -1646.127412     1401.062519   10.159006    3.642874    0.134692    6.577655
    0.355721    0.858995    0.001661   -0.009800   -0.104894    -1657.390440     1412.780264   10.247318    3.680805    0.134692    6.577655
    0.358209    0.858966    0.001807   -0.008095   -0.098858    -1668.744491     1424.489045   10.335628    3.718733    0.134692    6.577655
    0.360697    0.858936    0.001926   -0.006487   -0.092612    -1680.197482     1436.188077   10.423935    3.756658    0.134692    6.577655
    0.363184    0.858903    0.002020   -0.004980   -0.086234    -1691.755815     1447.876723   10.512238    3.794581    0.134692    6.577655
    0.365672    0.858870    0.002090   -0.003576   -0.079792    -1703.424474     1459.554486   10.600538    3.832501    0.134692    6.577655
    0.368159    0.858835    0.002137   -0.002277   -0.073346    -1715.207125     1471.220996   10.688835    3.870417    0.134692    6.577655
    0.370647    0.858800    0.002165   -0.001081   -0.066951    -1727.106209     1482.876006   10.777127    3.908331    0.134692    6.577655
    0.373134    0.858764    0.002173    0.000011   -0.060655    -1739.123048     1494.519378   10.865417    3.946242    0.134692    6.577655
    0.375622    0.858729    0.002165    0.001001   -0.054498    -1751.257939     1506.151074   10.953702    3.984149    0.134692    6.577655
    0.378109    0.858694    0.002141    0.001891   -0.048518    -1763.510255     1517.771149   11.041984    4.022053    0.134692    6.577655
    0.380597    0.858659    0.002104    0.002685   -0.042743    -1775.878538     1529.379740   11.130263    4.059955    0.134692    6.577655
    0.383085    0.858625    0.002054    0.003385   -0.037199    -1788.360590     1540.977057   11.218538    4.097853    0.134692    6.577655
    0.385572    0.858592    0.001993    0.003995   -0.031907    -1800.953564     1552.563376   11.306809    4.135748    0.134692    6.577655
    0.388060    0.858560    0.001924    0.004519   -0.026882    -1813.654047     1564.139027   11.395077    4.173640    0.134692    6.577655
    0.390547    0.858529    0.001846    0.004962   -0.022136    -1826.458137     1575.704393   11.483342    4.211530    0.134692    6.577655
    0.393035    0.858499    0.001762    0.005327   -0.017678    -1839.361526     1587.259896   11.571604    4.249417    0.134692    6.577655
    0.395522    0.858471    0.001672    0.005620   -0.013513    -1852.359565     1598.805991   11.659862    4.287301    0.134692    6.577655
    0.398010    0.858445    0.001578    0.005845   -0.009644    -1865.447333     1610.343164   11.748118    4.325183    0.134692    6.577655
    0.400498    0.858420    0.001481    0.006008   -0.006071    -1878.619699     1621.871920   11.836371    4.363063    0.134692    6.577655
    0.402985    0.858396    0.001382    0.006112   -0.002790    -1891.871379     1633.392782   11.924622    4.400940    0.134692    6.577655
    0.405473    0.858374    0.001281    0.006162    0.000203    -1905.196988     1644.906283   12.012871    4.438816    0.134692    6.577655
    0.407960    0.858354    0.001180    0.006164    0.002914    -1918.591089     1656.412960   12.101117    4.476689    0.134692    6.577655
    0.410448    0.858336    0.001080    0.006121    0.005350    -1932.048239     1667.913354   12.189361    4.514561    0.134692    6.577655
    0.412935    0.858319    0.000980    0.006039    0.007522    -1945.563022     1679.408002   12.277604    4.552432    0.134692    6.577655
    0.415423    0.858304    0.000882    0.005920    0.009438    -1959.130094     1690.897436   12.365845    4.590301    0.134692    6.577655
    0.417910    0.858290    0.000787    0.005770    0.011110    -1972.744204     1702.382178   12.454084    4.628169    0.134692    6.577655
    0.420398    0.858278    0.000694    0.005593    0.012550    -1986.400233     1713.862738   12.542322    4.666035    0.134692    6.577655
    0.422886    0.858267    0.000604    0.005392    0.013770    -2000.093209     1725.339611   12.630559    4.703901    0.134692    6.577655
    0.425373    0.858258    0.000517    0.005171    0.014782    -2013.818334     1736.813274   12.718795    4.741766    0.134692    6.577655
    0.427861    0.858250    0.000435    0.004932    0.015599    -2027.570998     1748.284188   12.807030    4.779630    0.134692    6.577655
    0.430348    0.858244    0.000356    0.004680    0.016235    -2041.346797     1759.752792   12.895264    4.817493    0.134692    6.577655
    0.432836    0.858239    0.000282    0.004418    0.016702    -2055.141546     1771.219504   12.983498    4.855356    0.134692    6.577655
    0.435323    0.858235    0.000212    0.004147    0.017013    -2068.951283     1782.684718   13.071731    4.893218    0.134692    6.577655
    0.437811    0.858232    0.000146    0.003871    0.017182    -2082.772283     1794.148808   13.159964    4.931081    0.134692    6.577655
    0.440299    0.858230    0.000085    0.003592    0.017219    -2096.601059     1805.612121   13.248196    4.968943    0.134692    6.577655
    0.442786    0.858229    0.000028    0.003312    0.017139    -2110.434366     1817.074982   13.336429    5.006804    0.134692    6.577655
    0.445274    0.858229   -0.000023    0.003033    0.016952    -2124.269204     1828.537690   13.424661    5.044666    0.134692    6.577655
    0.447761    0.858230   -0.000071    0.002757    0.016671    -2138.102815     1840.000520   13.512894    5.082528    0.134692    6.577655
    0.450249    0.858231   -0.000114    0.002485    0.016306    -2151.932681     1851.463724   13.601126    5.120390    0.134692    6.577655
    0.452736    0.858233   -0.000152    0.002219    0.015867    -2165.756526     1862.927530   13.689359    5.158252    0.134692    6.577655
    0.455224    0.858236   -0.000186    0.001960    0.015366    -2179.572302     1874.392141   13.777592    5.196114    0.134692    6.577655
    0.457711    0.858239   -0.000216    0.001708    0.014811    -2193.378193     1885.857740   13.865825    5.233977    0.134692    6.577655
    0.460199    0.858243   -0.000242    0.001465    0.014212    -2207.172603     1897.324486   13.954059    5.271840    0.134692    6.577655
    0.462687    0.858247   -0.000264    0.001232    0.013577    -2220.954150     1908.792516   14.042293    5.309703    0.134692    6.577655
    0.465174    0.858252   -0.000283    0.001010    0.012914    -2234.721658     1920.261948   14.130527    5.347567    0.134692    6.577655
    0.467662    0.858257   -0.000297    0.000797    0.012231    -2248.474149     1931.732879   14.218762    5.385431    0.134692    6.577655
    0.470149    0.858262   -0.000309    0.000596    0.011534    -2262.210834     1943.205389   14.306998    5.423295    0.134692    6.577655
    0.472637    0.858267   -0.000317    0.000406    0.010831    -2275.931104     1954.679537   14.395234    5.461160    0.134692    6.577655
    0.475124    0.858272   -0.000322    0.000228    0.010127    -2289.634517     1966.155368   14.483471    5.499025    0.134692    6.577655
    0.477612    0.858277   -0.000325    0.000061    0.009426    -2303.320796     1977.632909   14.571708    5.536891    0.134692    6.577655
    0.480100    0.858283   -0.000324   -0.000095    0.008735    -2316.989809     1989.112173   14.659945    5.574758    0.134692    6.577655
    0.482587    0.858288   -0.000322   -0.000240    0.008058    -2330.641568     2000.593160   14.748183    5.612624    0.134692    6.577655
    0.485075    0.858293   -0.000316   -0.000373    0.007398    -2344.276216     2012.075853   14.836422    5.650492    0.134692    6.577655
    0.487562    0.858298   -0.000309   -0.000496    0.006760    -2357.894015     2023.560228   14.924661    5.688359    0.134692    6.577655
    0.490050    0.858303   -0.000300   -0.000608    0.006146    -2371.495341     2035.046246   15.012901    5.726227    0.134692    6.577655
    0.492537    0.858308   -0.000290   -0.000711    0.005559    -2385.080672     2046.533859   15.101141    5.764096    0.134692    6.577655
    0.495025    0.858313   -0.000277   -0.000803    0.005002    -2398.650580     2058.023011   15.189382    5.801965    0.134692    6.577655
    0.497512    0.858317   -0.000263   -0.000887    0.004476    -2412.205721     2069.513636   15.277623    5.839834    0.134692    6.577655
    0.500000    0.858321   -0.000248   -0.000962    0.003983    -2425.746831     2081.005660   15.365865    5.877704    0.134692    6.577655
    0.502488    0.858325   -0.000232   -0.001028    0.003526    -2439.274713     2092.499003   15.454107    5.915574    0.134692    6.577655
    0.504975    0.858329   -0.000215   -0.001087    0.003104    -2452.790233     2103.993579   15.542350    5.953445    0.134692    6.577655
    0.507463    0.858332   -0.000196   -0.001140    0.002719    -2466.294313     2115.489295   15.630593    5.991315    0.134692    6.577655
    0.509950    0.858335   -0.000177   -0.001185    0.002372    -2479.787923     2126.986055   15.718836    6.029186    0.134692    6.577655
    0.512438    0.858338   -0.000158   -0.001225    0.002063    -2493.272078     2138.483758   15.807079    6.067058    0.134692    6.577655
    0.514925    0.858340   -0.000137   -0.001260    0.001793    -2506.747827     2149.982299   15.895323    6.104929    0.134692    6.577655
    0.517413    0.858342   -0.000116   -0.001290    0.001561    -2520.216256     2161.481570   15.983567    6.142801    0.134692    6.577655
    0.519900    0.858344   -0.000095   -0.001316    0.001368    -2533.678478     2172.981459   16.071811    6.180673    0.134692    6.577655
    0.522388    0.858346   -0.000073   -0.001339    0.001213    -2547.135631     2184.481854   16.160055    6.218545    0.134692    6.577655
    0.524876    0.858347   -0.000051   -0.001360    0.001097    -2560.588874     2195.982638   16.248300    6.256417    0.134692    6.577655
    0.527363    0.858347   -0.000029   -0.001378    0.001020    -2574.039386     2207.483695   16.336544    6.294289    0.134692    6.577655
    0.529851    0.858348   -0.000006   -0.001394    0.000980    -2587.488362     2218.984904   16.424789    6.332161    0.134692    6.577655
    0.532338    0.858347    0.000017   -0.001410    0.000978    -2600.937015     2230.486146   16.513033    6.370034    0.134692    6.577655
    0.534826    0.858347    0.000040   -0.001426    0.001014    -2614.386568     2241.987298   16.601278    6.407906    0.134692    6.577655
    0.537313    0.858346    0.000064   -0.001442    0.001086    -2627.838260     2253.488237   16.689523    6.445778    0.134692    6.577655
    0.539801    0.858345    0.000087   -0.001459    0.001196    -2641.293345     2264.988838   16.777767    6.483650    0.134692    6.577655
    0.542289    0.858343    0.000111   -0.001477    0.001342    -2654.753088     2276.488974   16.866011    6.521522    0.134692    6.577655
    0.544776    0.858341    0.000136   -0.001498    0.001524    -2668.218772     2287.988518   16.954255    6.559394    0.134692    6.577655
    0.547264    0.858339    0.000160   -0.001521    0.001742    -2681.691696     2299.487341   17.042499    6.597266    0.134692    6.577655
    0.549751    0.858336    0.000185   -0.001548    0.001996    -2695.173177     2310.985310   17.130743    6.635137    0.134692    6.577655
    0.552239    0.858333    0.000211   -0.001579    0.002287    -2708.664554     2322.482293   17.218986    6.673008    0.134692    6.577655
    0.554726    0.858329    0.000237   -0.001614    0.002613    -2722.167191     2333.978154   17.307229    6.710879    0.134692    6.577655
    0.557214    0.858325    0.000264   -0.001654    0.002975    -2735.682479     2345.472752   17.395471    6.748749    0.134692    6.577655
    0.559701    0.858320    0.000291   -0.001700    0.003374    -2749.211842     2356.965948   17.483713    6.786619    0.134692    6.577655
    0.562189    0.858315    0.000319   -0.001752    0.003810    -2762.756741     2368.457594   17.571955    6.824489    0.134692    6.577655
    0.564677    0.858310    0.000349   -0.001810    0.004284    -2776.318677     2379.947541   17.660196    6.862358    0.134692    6.577655
    0.567164    0.858304    0.000379   -0.001877    0.004796    -2789.899200     2391.435634   17.748436    6.900227    0.134692    6.577655
    0.569652    0.858298    0.000410   -0.001951    0.005347    -2803.499913     2402.921713   17.836676    6.938095    0.134692    6.577655
    0.572139    0.858291    0.000443   -0.002034    0.005938    -2817.122478     2414.405612   17.924915    6.975963    0.134692    6.577655
    0.574627    0.858283    0.000477   -0.002126    0.006571    -2830.768625     2425.887158   18.013153    7.013830    0.134692    6.577655
    0.577114    0.858275    0.000512   -0.002228    0.007246    -2844.440157     2437.366171   18.101391    7.051696    0.134692    6.577655
    0.579602    0.858266    0.000550   -0.002340    0.007966    -2858.138961     2448.842462   18.189628    7.089561    0.134692    6.577655
    0.582090    0.858257    0.000589   -0.002464    0.008733    -2871.867017     2460.315833   18.277863    7.127426    0.134692    6.577655
    0.584577    0.858247    0.000630   -0.002600    0.009548    -2885.626401     2471.786075   18.366098    7.165290    0.134692    6.577655
    0.587065    0.858236    0.000674   -0.002749    0.010414    -2899.419304     2483.252971   18.454332    7.203153    0.134692    6.577655
    0.589552    0.858225    0.000720   -0.002911    0.011333    -2913.248036     2494.716288   18.542565    7.241015    0.134692    6.577655
    0.592040    0.858213    0.000769   -0.003088    0.012308    -2927.115038     2506.175782   18.630796    7.278875    0.134692    6.577655
    0.594527    0.858200    0.000821   -0.003280    0.013342    -2941.022895     2517.631194   18.719026    7.316735    0.134692    6.577655
    0.597015    0.858186    0.000877   -0.003489    0.014439    -2954.974350     2529.082248   18.807255    7.354594    0.134692    6.577655
    0.599502    0.858171    0.000936   -0.003714    0.015602    -2968.972312     2540.528652   18.895482    7.392451    0.134692    6.577655
    0.601990    0.858155    0.000999   -0.003958    0.016836    -2983.019875     2551.970097   18.983708    7.430307    0.134692    6.577655
    0.604478    0.858138    0.001065   -0.004221    0.018143    -2997.120328     2563.406250   19.071932    7.468162    0.134692    6.577655
    0.606965    0.858120    0.001137   -0.004505    0.019529    -3011.277174     2574.836761   19.160154    7.506015    0.134692    6.577655
    0.609453    0.858101    0.001213   -0.004811    0.021000    -3025.494144     2586.261253   19.248374    7.543866    0.134692    6.577655
    0.611940    0.858081    0.001294   -0.005139    0.022559    -3039.775215     2597.679327   19.336592    7.581716    0.134692    6.577655
    0.614428    0.858059    0.001381   -0.005492    0.024213    -3054.124627     2609.090555   19.424808    7.619563    0.134692    6.577655
    0.616915    0.858035    0.001474   -0.005871    0.025967    -3068.546902     2620.494481   19.513022    7.657409    0.134692    6.577655
    0.619403    0.858010    0.001574   -0.006277    0.027829    -3083.046864     2631.890618   19.601233    7.695253    0.134692    6.577655
    0.621891    0.857984    0.001680   -0.006713    0.029805    -3097.629661     2643.278447   19.689442    7.733094    0.134692    6.577655
    0.624378    0.857955    0.001793   -0.007179    0.031902    -3112.300783     2654.657412   19.777647    7.770933    0.134692    6.577655
    0.626866    0.857925    0.001915   -0.007678    0.034128    -3127.066090     2666.026920   19.865850    7.808769    0.134692    6.577655
    0.629353    0.857893    0.002045   -0.008212    0.036491    -3141.931830     2677.386337   19.954050    7.846603    0.134692    6.577655
    0.631841    0.857858    0.002184   -0.008783    0.039001    -3156.904672     2688.734988   20.042246    7.884433    0.134692    6.577655
    0.634328    0.857821    0.002332   -0.009393    0.041665    -3171.991725     2700.072151   20.130438    7.922261    0.134692    6.577655
    0.636816    0.857782    0.002491   -0.010044    0.044495    -3187.200569     2711.397053   20.218627    7.960085    0.134692    6.577655
    0.639303    0.857740    0.002661   -0.010740    0.047500    -3202.539284     2722.708873   20.306811    7.997905    0.134692    6.577655
    0.641791    0.857695    0.002843   -0.011482    0.050691    -3218.016478     2734.006731   20.394991    8.035722    0.134692    6.577655
    0.644279    0.857647    0.003037   -0.012274    0.054081    -3233.641323     2745.289692   20.483166    8.073534    0.134692    6.577655
    0.646766    0.857595    0.003245   -0.013119    0.057680    -3249.423582     2756.556754   20.571336    8.111342    0.134692    6.577655
    0.649254    0.857540    0.003467   -0.014020    0.061502    -3265.373648     2767.806851   20.659500    8.149145    0.134692    6.577655
    0.651741    0.857482    0.003704   -0.014981    0.065560    -3281.502573     2779.038849   20.747659    8.186944    0.134692    6.577655
    0.654229    0.857419    0.003958   -0.016004    0.069869    -3297.822114     2790.251535   20.835811    8.224736    0.134692    6.577655
    0.656716    0.857352    0.004228   -0.017095    0.074443    -3314.344762     2801.443621   20.923957    8.262524    0.134692    6.577655
    0.659204    0.857280    0.004517   -0.018256    0.079299    -3331.083784     2812.613731   21.012095    8.300305    0.134692    6.577655
    0.661692    0.857204    0.004826   -0.019493    0.084452    -3348.053265     2823.760404   21.100226    8.338079    0.134692    6.577655
    0.664179    0.857122    0.005156   -0.020810    0.089919    -3365.268148     2834.882084   21.188349    8.375846    0.134692    6.577655
    0.666667    0.857035    0.005508   -0.022212    0.095719    -3382.744272     2845.977117   21.276464    8.413606    0.134692    6.577655
    0.669154    0.856942    0.005883   -0.023703    0.101870    -3400.498421     2857.043744   21.364569    8.451358    0.134692    6.577655
    0.671642    0.856843    0.006284   -0.025290    0.108391    -3418.548362     2868.080095   21.452664    8.489101    0.134692    6.577655
    0.674129    0.856736    0.006711   -0.026978    0.115303    -3436.912890     2879.084186   21.540748    8.526836    0.134692    6.577655
    0.676617    0.856623    0.007167   -0.028773    0.122628    -3455.611872     2890.053910   21.628821    8.564560    0.134692    6.577655
    0.679104    0.856502    0.007653   -0.030682    0.130386    -3474.666288     2900.987031   21.716882    8.602274    0.134692    6.577655
    0.681592    0.856372    0.008172   -0.032710    0.138600    -3494.098276     2911.881181   21.804931    8.639977    0.134692    6.577655
    0.684080    0.856234    0.008725   -0.034865    0.147294    -3513.931169     2922.733847   21.892965    8.677667    0.134692    6.577655
    0.686567    0.856086    0.009314   -0.037155    0.156492    -3534.189540     2933.542370   21.980985    8.715345    0.134692    6.577655
    0.689055    0.855929    0.009941   -0.039587    0.166218    -3554.899232     2944.303936   22.068989    8.753010    0.134692    6.577655
    0.691542    0.855761    0.010610   -0.042168    0.176498    -3576.087399     2955.015569   22.156976    8.790660    0.134692    6.577655
    0.694030    0.855582    0.011322   -0.044908    0.187357    -3597.782531     2965.674123   22.244946    8.828294    0.134692    6.577655
    0.696517    0.855390    0.012080   -0.047816    0.198822    -3620.014484     2976.276278   22.332896    8.865912    0.134692    6.577655
    0.699005    0.855186    0.012888   -0.050900    0.210920    -3642.814501     2986.818529   22.420827    8.903512    0.134692    6.577655
    0.701493    0.854968    0.013747   -0.054170    0.223676    -3666.215221     2997.297183   22.508735    8.941093    0.134692    6.577655
    0.703980    0.854736    0.014662   -0.057636    0.237118    -3690.250694     3007.708348   22.596620    8.978653    0.134692    6.577655
    0.706468    0.854488    0.015634   -0.061309    0.251274    -3714.956372     3018.047933   22.684481    9.016192    0.134692    6.577655
    0.708955    0.854224    0.016669   -0.065199    0.266168    -3740.369100     3028.311633   22.772315    9.053708    0.134692    6.577655
    0.711443    0.853942    0.017769   -0.069317    0.281828    -3766.527096     3038.494932   22.860122    9.091200    0.134692    6.577655
    0.713930    0.853642    0.018939   -0.073675    0.298280    -3793.469909     3048.593090   22.947898    9.128665    0.134692    6.577655
    0.716418    0.853322    0.020182   -0.078285    0.315546    -3821.238370     3058.601146   23.035643    9.166102    0.134692    6.577655
    0.718905    0.852981    0.021502   -0.083159    0.333652    -3849.874526     3068.513906   23.123353    9.203509    0.134692    6.577655
    0.721393    0.852618    0.022904   -0.088310    0.352618    -3879.421556     3078.325946   23.211028    9.240885    0.134692    6.577655
    0.723881    0.852231    0.024393   -0.093750    0.372464    -3909.923661     3088.031606   23.298664    9.278226    0.134692    6.577655
    0.726368    0.851819    0.025974   -0.099492    0.393208    -3941.425939     3097.624993   23.386259    9.315531    0.134692    6.577655
    0.728856    0.851381    0.027651   -0.105550    0.414865    -3973.974236     3107.099976   23.473810    9.352797    0.134692    6.577655
    0.731343    0.850914    0.029430   -0.111937    0.437446    -4007.614964     3116.450193   23.561314    9.390021    0.134692    6.577655
    0.733831    0.850417    0.031316   -0.118667    0.460960    -4042.394903     3125.669051   23.648769    9.427202    0.134692    6.577655
    0.736318    0.849889    0.033315   -0.125754    0.485410    -4078.360963     3134.749732   23.736172    9.464335    0.134692    6.577655
    0.738806    0.849327    0.035433   -0.133210    0.510797    -4115.559923     3143.685201   23.823518    9.501418    0.134692    6.577655
    0.741294    0.848729    0.037677   -0.141049    0.537113    -4154.038133     3152.468217   23.910805    9.538448    0.134692    6.577655
    0.743781    0.848093    0.040051   -0.149286    0.564348    -4193.841187     3161.091339   23.998028    9.575421    0.134692    6.577655
    0.746269    0.847418    0.042564   -0.157932    0.592484    -4235.013562     3169.546948   24.085184    9.612333    0.134692    6.577655
    0.748756    0.846700    0.045222   -0.167001    0.621496    -4277.598220     3177.827261   24.172269    9.649181    0.134692    6.577655
    0.751244    0.845938    0.048032   -0.176505    0.651352    -4321.636185     3185.924349   24.259277    9.685959    0.134692    6.577655
    0.753731    0.845128    0.051000   -0.186455    0.682013    -4367.166079     3193.830164   24.346205    9.722664    0.134692    6.577655
    0.756219    0.844268    0.054136   -0.196862    0.713430    -4414.223636     3201.536562   24.433046    9.759291    0.134692    6.577655
    0.758706    0.843356    0.057445   -0.207737    0.745546    -4462.841186     3209.035336   24.519797    9.795835    0.134692    6.577655
    0.761194    0.842389    0.060936   -0.219088    0.778294    -4513.047117     3216.318248   24.606451    9.832291    0.134692    6.577655
    0.763682    0.841362    0.064617   -0.230924    0.811598    -4564.865315     3223.377063   24.693003    9.868652    0.134692    6.577655
    0.766169    0.840274    0.068496   -0.243251    0.845374    -4618.314601     3230.203590   24.779446    9.904913    0.134692    6.577655
    0.768657    0.839121    0.072580   -0.256074    0.879524    -4673.408149     3236.789726   24.865774    9.941068    0.134692    6.577655
    0.771144    0.837900    0.076879   -0.269397    0.913943    -4730.152919     3243.127500   24.951980    9.977110    0.134692    6.577655
    0.773632    0.836607    0.081399   -0.283221    0.948518    -4788.549091     3249.209119   25.038056   10.013031    0.134692    6.577655
    0.776119    0.835238    0.086150   -0.297548    0.983121    -4848.589529     3255.027025   25.123996   10.048825    0.134692    6.577655
    0.778607    0.833790    0.091139   -0.312375    1.017622    -4910.259270     3260.573939   25.209791   10.084484    0.134692    6.577655
    0.781095    0.832258    0.096375   -0.327697    1.051877    -4973.535059     3265.842921   25.295433   10.119998    0.134692    6.577655
    0.783582    0.830640    0.101865   -0.343509    1.085738    -5038.384939     3270.827423   25.380913   10.155360    0.134692    6.577655
    0.786070    0.828929    0.107619   -0.359802    1.119049    -5104.767908     3275.521343   25.466222   10.190561    0.134692    6.577655
    0.788557    0.827123    0.113642   -0.376565    1.151651    -5172.633650     3279.919080   25.551350   10.225590    0.134692    6.577655
    0.791045    0.825217    0.119944   -0.393785    1.183379    -5241.922368     3284.015589   25.636287   10.260437    0.134692    6.577655
    0.793532    0.823206    0.126531   -0.411445    1.214068    -5312.564700     3287.806430   25.721023   10.295093    0.134692    6.577655
    0.796020    0.821086    0.133411   -0.429527    1.243551    -5384.481762     3291.287818   25.805547   10.329546    0.134692    6.577655
    0.798507    0.818851    0.140590   -0.448010    1.271664    -5457.585293     3294.456665   25.889847   10.363784    0.134692    6.577655
    0.800995    0.816498    0.148074   -0.466871    1.298246    -5531.777936     3297.310627   25.973911   10.397796    0.134692    6.577655
    0.803483    0.814022    0.155870   -0.486084    1.323142    -5606.953629     3299.848132   26.057727   10.431569    0.134692    6.577655
    0.805970    0.811417    0.163983   -0.505621    1.346202    -5682.998140     3302.068411   26.141282   10.465089    0.134692    6.577655
    0.808458    0.808678    0.172418   -0.525451    1.367290    -5759.789710     3303.971524   26.224562   10.498344    0.134692    6.577655
    0.810945    0.805801    0.181179   -0.545544    1.386278    -5837.199821     3305.558371   26.307554   10.531320    0.134692    6.577655
    0.813433    0.802780    0.190271   -0.565865    1.403053    -5915.094073     3306.830699   26.390242   10.564001    0.134692    6.577655
    0.815920    0.799610    0.199698   -0.586379    1.417516    -5993.333156     3307.791107   26.472612   10.596374    0.134692    6.577655
    0.818408    0.796286    0.209461   -0.607049    1.429584    -6071.773912     3308.443029   26.554648   10.628422    0.134692    6.577655
    0.820896    0.792804    0.219564   -0.627839    1.439195    -6150.270458     3308.790725   26.636335   10.660131    0.134692    6.577655
    0.823383    0.789157    0.230008   -0.648711    1.446301    -6228.675360     3308.839249   26.717655   10.691484    0.134692    6.577655
    0.825871    0.785341    0.240793   -0.669625    1.450876    -6306.840835     3308.594420   26.798592   10.722465    0.134692    6.577655
    0.828358    0.781351    0.251921   -0.690543    1.452913    -6384.619965     3308.062780   26.879127   10.753057    0.134692    6.577655
    0.830846    0.777182    0.263391   -0.711428    1.452424    -6461.867891     3307.251547   26.959243   10.783243    0.134692    6.577655
    0.833333    0.772830    0.275202   -0.732241    1.449440    -6538.442979     3306.168563   27.038921   10.813007    0.134692    6.577655
    0.835821    0.768288    0.287352   -0.752945    1.444012    -6614.207928     3304.822234   27.118142   10.842330    0.134692    6.577655
    0.838308    0.763554    0.299841   -0.773505    1.436207    -6689.030807     3303.221466   27.196886   10.871196    0.134692    6.577655
    0.840796    0.758621    0.312664   -0.793886    1.426109    -6762.786004     3301.375603   27.275134   10.899588    0.134692    6.577655
    0.843284    0.753486    0.325819   -0.814054    1.413818    -6835.355073     3299.294356   27.352863   10.927489    0.134692    6.577655
    0.845771    0.748145    0.339303   -0.833980    1.399444    -6906.627469     3296.987731   27.430055   10.954880    0.134692    6.577655
    0.848259    0.742593    0.353110   -0.853633    1.383114    -6976.501155     3294.465963   27.506686   10.981746    0.134692    6.577655
    0.850746    0.736827    0.367236   -0.872986    1.364960    -7044.883093     3291.739445   27.582736   11.008069    0.134692    6.577655
    0.853234    0.730843    0.381676   -0.892015    1.345124    -7111.689602     3288.818659   27.658181   11.033834    0.134692    6.577655
    0.855721    0.724637    0.396425   -0.910697    1.323754    -7176.846587     3285.714113   27.733000   11.059025    0.134692    6.577655
    0.858209    0.718206    0.411476   -0.929011    1.301000    -7240.289650     3282.436273   27.807170   11.083627    0.134692    6.577655
    0.860697    0.711547    0.426824   -0.946940    1.277018    -7301.964081     3278.995513   27.880666   11.107624    0.134692    6.577655
    0.863184    0.704657    0.442462   -0.964468    1.251960    -7361.824740     3275.402052   27.953466   11.131004    0.134692    6.577655
    0.865672    0.697535    0.458384   -0.981582    1.225980    -7419.835841     3271.665907   28.025546   11.153753    0.134692    6.577655
    0.868159    0.690176    0.474582   -0.998273    1.199227    -7475.970652     3267.796850   28.096882   11.175858    0.134692    6.577655
    0.870647    0.682580    0.491050   -1.014530    1.171847    -7530.211109     3263.804364   28.167449   11.197308    0.134692    6.577655
    0.873134    0.674744    0.507780   -1.030348    1.143982    -7582.547377     3259.697609   28.237223   11.218094    0.134692    6.577655
    0.875622    0.666667    0.524765   -1.045723    1.115766    -7632.977352     3255.485396   28.306178   11.238206    0.134692    6.577655
    0.878109    0.658348    0.541998   -1.060653    1.087325    -7681.506127     3251.176154   28.374291   11.257636    0.134692    6.577655
    0.880597    0.649786    0.559472   -1.075136    1.058781    -7728.145430     3246.777915   28.441536   11.276377    0.134692    6.577655
    0.883085    0.640980    0.577179   -1.089175    1.030245    -7772.913040     3242.298300   28.507889   11.294424    0.134692    6.577655
    0.885572    0.631929    0.595112   -1.102773    1.001819    -7815.832206     3237.744500   28.573323   11.311772    0.134692    6.577655
    0.888060    0.622634    0.613265   -1.115933    0.973600    -7856.931055     3233.123275   28.637814   11.328420    0.134692    6.577655
    0.890547    0.613095    0.631629   -1.128662    0.945674    -7896.242017     3228.440950   28.701338   11.344365    0.134692    6.577655
    0.893035    0.603312    0.650197   -1.140966    0.918117    -7933.801266     3223.703408   28.763868   11.359608    0.134692    6.577655
    0.895522    0.593286    0.668964   -1.152854    0.891001    -7969.648178     3218.916099   28.825379   11.374151    0.134692    6.577655
    0.898010    0.583017    0.687922   -1.164333    0.864385    -8003.824821     3214.084041   28.885848   11.387997    0.134692    6.577655
    0.900498    0.572508    0.707064   -1.175414    0.838325    -8036.375463     3209.211829   28.945248   11.401151    0.134692    6.577655
    0.902985    0.561760    0.726385   -1.186106    0.812865    -8067.346127     3204.303640   29.003556   11.413618    0.134692    6.577655
    0.905473    0.550774    0.745877   -1.196420    0.788047    -8096.784169     3199.363249   29.060746   11.425408    0.134692    6.577655
    0.907960    0.539553    0.765535   -1.206368    0.763902    -8124.737888     3194.394034   29.116795   11.436528    0.134692    6.577655
    0.910448    0.528099    0.785353   -1.215962    0.740457    -8151.256182     3189.398994   29.171679   11.446991    0.134692    6.577655
    0.912935    0.516415    0.805325   -1.225212    0.717735    -8176.388225     3184.380759   29.225373   11.456807    0.134692    6.577655
    0.915423    0.504504    0.825446   -1.234130    0.695752    -8200.183186     3179.341605   29.277854   11.465992    0.134692    6.577655
    0.917910    0.492369    0.845710   -1.242730    0.674518    -8222.689977     3174.283468   29.329099   11.474560    0.134692    6.577655
    0.920398    0.480013    0.866112   -1.251023    0.654043    -8243.957030     3169.207956   29.379085   11.482527    0.134692    6.577655
    0.922886    0.467440    0.886648   -1.259021    0.634330    -8264.032104     3164.116367   29.427789   11.489911    0.134692    6.577655
    0.925373    0.454654    0.907312   -1.266737    0.615380    -8282.962124     3159.009700   29.475190   11.496731    0.134692    6.577655
    0.927861    0.441659    0.928100   -1.274182    0.597190    -8300.793032     3153.888669   29.521266   11.503006    0.134692    6.577655
    0.930348    0.428460    0.949007   -1.281368    0.579757    -8317.569678     3148.753719   29.565995   11.508757    0.134692    6.577655
    0.932836    0.415061    0.970031   -1.288308    0.563072    -8333.335719     3143.605034   29.609357   11.514007    0.134692    6.577655
    0.935323    0.401467    0.991166   -1.295012    0.547128    -8348.133542     3138.442555   29.651331   11.518776    0.134692    6.577655
    0.937811    0.387683    1.012408   -1.301492    0.531914    -8362.004205     3133.265990   29.691898   11.523090    0.134692    6.577655
    0.940299    0.373715    1.033755   -1.307759    0.517418    -8374.987396     3128.074823   29.731038   11.526971    0.134692    6.577655
    0.942786    0.359567    1.055203   -1.313824    0.503627    -8387.121394     3122.868331   29.768733   11.530444    0.134692    6.577655
    0.945274    0.345246    1.076749   -1.319697    0.490527    -8398.443059     3117.645588   29.804964   11.533533    0.134692    6.577655
    0.947761    0.330758    1.098389   -1.325390    0.478103    -8408.987822     3112.405481   29.839715   11.536263    0.134692    6.577655
    0.950249    0.316108    1.120121   -1.330912    0.466339    -8418.789685     3107.146714   29.872968   11.538659    0.134692    6.577655
    0.952736    0.301302    1.141942   -1.336273    0.455218    -8427.881231     3101.867823   29.904706   11.540746    0.134692    6.577655
    0.955224    0.286349    1.163849   -1.341482    0.444722    -8436.293644     3096.567180   29.934915   11.542548    0.134692    6.577655
    0.957711    0.271253    1.185840   -1.346550    0.434833    -8444.056728     3091.243003   29.963579   11.544091    0.134692    6.577655
    0.960199    0.256021    1.207914   -1.351484    0.425529    -8451.198937     3085.893364   29.990684   11.545397    0.134692    6.577655
    0.962687    0.240661    1.230067   -1.356295    0.416788    -8457.747408     3080.516199   30.016216   11.546490    0.134692    6.577655
    0.965174    0.225180    1.252297   -1.360990    0.408583    -8463.727995     3075.109310   30.040163   11.547394    0.134692    6.577655
    0.967662    0.209585    1.274604   -1.365578    0.400882    -8469.165308     3069.670377   30.062513   11.548130    0.134692    6.577655
    0.970149    0.193883    1.296985   -1.370067    0.393644    -8474.082756     3064.196961   30.083254   11.548719    0.134692    6.577655
    0.972637    0.178082    1.319438   -1.374465    0.386817    -8478.502592     3058.686515   30.102375   11.549181    0.134692    6.577655
    0.975124    0.162189    1.341963   -1.378778    0.380321    -8482.445960     3053.136385   30.119867   11.549536    0.134692    6.577655
    0.977612    0.146213    1.364558   -1.383014    0.374037    -8485.932942     3047.543823   30.135720   11.549801    0.134692    6.577655
    0.980100    0.130161    1.387221   -1.387177    0.367768    -8488.982615     3041.905986   30.149928   11.549991    0.134692    6.577655
    0.982587    0.114041    1.409952   -1.391271    0.361173    -8491.613111     3036.219949   30.162481   11.550123    0.134692    6.577655
    0.985075    0.097861    1.432750   -1.395295    0.353627    -8493.841679     3030.482707   30.173374   11.550210    0.134692    6.577655
    0.987562    0.081630    1.455613   -1.399241    0.343929    -8495.684768     3024.691182   30.182601   11.550262    0.134692    6.577655
    0.990050    0.065356    1.478539   -1.403079    0.329690    -8497.158126     3018.842233   30.190157   11.550291    0.134692    6.577655
    0.992537    0.049048    1.501527   -1.406745    0.305998    -8498.276946     3012.932656   30.196038   11.550305    0.134692    6.577655
    0.995025    0.032713    1.524573   -1.410083    0.262484    -8499.056100     3006.959199   30.200241   11.550310    0.134692    6.577655
    0.997512    0.016361    1.547668   -1.412746    0.176809    -8499.510611     3000.918559   30.202764   11.550312    0.134692    6.577655
    1.000000    0.000000    1.570796   -1.413945    0.000000    -8499.657151     2994.807399   30.203605   11.550312    0.134692    6.577655
