           t           r         psi          cs          qs               p             sig           A           V          Q2           S
    0.000000    0.000000   -1.570796   -1.312183    0.000000        5.265150       -2.817313    0.000000    0.000000    0.159490    5.445586
    0.009804    0.053344   -1.500762   -1.311046   -0.056785        5.265150       -2.817315    0.008951    0.000008    0.159490    5.445586
    0.019608    0.106428   -1.430848   -1.307636   -0.113367        5.265150       -2.817317    0.035759    0.000133    0.159490    5.445586
    0.029412    0.158991   -1.361178   -1.301959   -0.169545        5.265149       -2.817319    0.080294    0.000667    0.159490    5.445586
    0.039216    0.210784   -1.291870   -1.294026   -0.225116        5.265147       -2.817320    0.142340    0.002082    0.159490    5.445586
    0.049020    0.261562   -1.223046   -1.283850   -0.279881        5.265146       -2.817322    0.221595    0.005001    0.159490    5.445586
    0.058824    0.311094   -1.154825   -1.271451   -0.333640        5.265143       -2.817323    0.317681    0.010166    0.159490    5.445586
    0.068627    0.359163   -1.087325   -1.256850   -0.386197        5.265140       -2.817325    0.430142    0.018403    0.159490    5.445586
    0.078431    0.405568   -1.020662   -1.240075   -0.437359        5.265136       -2.817326    0.558455    0.030571    0.159490    5.445586
    0.088235    0.450127   -0.954952   -1.221156   -0.486934        5.265132       -2.817328    0.702029    0.047530    0.159490    5.445586
    0.098039    0.492677   -0.890309   -1.200128   -0.534735        5.265126       -2.817329    0.860218    0.070091    0.159490    5.445586
    0.107843    0.533077   -0.826844   -1.177030   -0.580580        5.265119       -2.817331    1.032323    0.098985    0.159490    5.445586
    0.117647    0.571207   -0.764667   -1.151906   -0.624293        5.265111       -2.817332    1.217602    0.134829    0.159490    5.445586
    0.127451    0.606969   -0.703883   -1.124804   -0.665702        5.265101       -2.817333    1.415278    0.178099    0.159490    5.445586
    0.137255    0.640289   -0.644599   -1.095776   -0.704643        5.265090       -2.817334    1.624541    0.229121    0.159490    5.445586
    0.147059    0.671115   -0.586914   -1.064879   -0.740959        5.265077       -2.817335    1.844565    0.288053    0.159490    5.445586
    0.156863    0.699414   -0.530927   -1.032172   -0.774504        5.265063       -2.817336    2.074506    0.354893    0.159490    5.445586
    0.166667    0.725179   -0.476733   -0.997722   -0.805140        5.265047       -2.817337    2.313515    0.429479    0.159490    5.445586
    0.176471    0.748418   -0.424424   -0.961597   -0.832737        5.265031       -2.817337    2.560742    0.511506    0.159490    5.445586
    0.186275    0.769162   -0.374086   -0.923871   -0.857181        5.265013       -2.817337    2.815346    0.600539    0.159490    5.445586
    0.196078    0.787455   -0.325804   -0.884623   -0.878366        5.264997       -2.817336    3.076495    0.696040    0.159490    5.445586
    0.205882    0.803361   -0.279655   -0.843933   -0.896201        5.264982       -2.817335    3.343378    0.797383    0.159490    5.445586
    0.215686    0.816956   -0.235716   -0.801891   -0.910608        5.264970       -2.817333    3.615207    0.903887    0.159490    5.445586
    0.225490    0.828329   -0.194055   -0.758586   -0.921522        5.264962       -2.817330    3.891221    1.014832    0.159490    5.445586
    0.235294    0.837582   -0.154737   -0.714117   -0.928895        5.264960       -2.817327    4.170691    1.129482    0.159490    5.445586
    0.245098    0.844824   -0.117823   -0.668584   -0.932691        5.264965       -2.817323    4.452925    1.247111    0.159490    5.445586
    0.254902    0.850174   -0.083366   -0.622095   -0.932891        5.264975       -2.817318    4.737267    1.367010    0.159490    5.445586
    0.264706    0.853758   -0.051413   -0.574765   -0.929492        5.264992       -2.817313    5.023105    1.488513    0.159490    5.445586
    0.274510    0.855706   -0.022007   -0.526713   -0.922505        5.265012       -2.817308    5.309866    1.610998    0.159490    5.445586
    0.284314    0.856153    0.004817   -0.478069   -0.911958        5.265034       -2.817302    5.597025    1.733901    0.159490    5.445586
    0.294118    0.855238    0.029031   -0.428971   -0.897894        5.265055       -2.817296    5.884102    1.856720    0.159490    5.445586
    0.303922    0.853101    0.050615   -0.379566   -0.880370        5.265075       -2.817291    6.170663    1.979019    0.159490    5.445586
    0.313725    0.849883    0.069557   -0.330014   -0.859461        5.265090       -2.817286    6.456322    2.100427    0.159490    5.445586
    0.323529    0.845727    0.085853   -0.280488   -0.835252        5.265101       -2.817281    6.740740    2.220636    0.159490    5.445586
    0.333333    0.840774    0.099510   -0.231177   -0.807844        5.265107       -2.817277    7.023626    2.339402    0.159490    5.445586
    0.343137    0.835166    0.110545   -0.182286   -0.777351        5.265109       -2.817273    7.304737    2.456538    0.159490    5.445586
    0.352941    0.829041    0.118986   -0.134039   -0.743899        5.265106       -2.817270    7.583877    2.571913    0.159490    5.445586
    0.362745    0.822536    0.124873   -0.086678   -0.707626        5.265100       -2.817267    7.860894    2.685444    0.159490    5.445586
    0.372549    0.815786    0.128261   -0.040471   -0.668679        5.265091       -2.817265    8.135684    2.797092    0.159490    5.445586
    0.382353    0.808921    0.129220    0.004298   -0.627216        5.265079       -2.817263    8.408187    2.906859    0.159490    5.445586
    0.392157    0.802068    0.127834    0.047320   -0.583403        5.265065       -2.817261    8.678386    3.014780    0.159490    5.445586
    0.401961    0.795348    0.124204    0.088270   -0.537416        5.265050       -2.817260    8.946305    3.120923    0.159490    5.445586
    0.411765    0.788878    0.118451    0.126805   -0.489434        5.265034       -2.817259    9.212009    3.225377    0.159490    5.445586
    0.421569    0.782765    0.110714    0.162573   -0.439645        5.265017       -2.817258    9.475599    3.328260    0.159490    5.445586
    0.431373    0.777113    0.101148    0.195216   -0.388241        5.264999       -2.817257    9.737214    3.429702    0.159490    5.445586
    0.441176    0.772013    0.089931    0.224383   -0.335418        5.264981       -2.817257    9.997022    3.529854    0.159490    5.445586
    0.450980    0.767549    0.077257    0.249734   -0.281374        5.264963       -2.817256   10.255224    3.628878    0.159490    5.445586
    0.460784    0.763794    0.063339    0.270956   -0.226311        5.264944       -2.817256   10.512046    3.726947    0.159490    5.445586
    0.470588    0.760809    0.048404    0.287773   -0.170431        5.264926       -2.817256   10.767736    3.824241    0.159490    5.445586
    0.480392    0.758642    0.032694    0.299956   -0.113937        5.264907       -2.817255   11.022560    3.920950    0.159490    5.445586
    0.490196    0.757328    0.016461    0.307333   -0.057036        5.264888       -2.817255   11.276800    4.017265    0.159490    5.445586
    0.500000    0.756889   -0.000034    0.309799    0.000070        5.264870       -2.817255   11.530745    4.113384    0.159490    5.445586
    0.509804    0.757332   -0.016530    0.307318    0.057175        5.264851       -2.817255   11.784691    4.209503    0.159490    5.445586
    0.519608    0.758649   -0.032761    0.299925    0.114074        5.264832       -2.817255   12.038933    4.305820    0.159490    5.445586
    0.529412    0.760820   -0.048469    0.287728    0.170562        5.264814       -2.817255   12.293761    4.402530    0.159490    5.445586
    0.539216    0.763808   -0.063401    0.270898    0.226435        5.264795       -2.817254   12.549455    4.499828    0.159490    5.445586
    0.549020    0.767567   -0.077316    0.249663    0.281490        5.264777       -2.817254   12.806282    4.597900    0.159490    5.445586
    0.558824    0.772033   -0.089986    0.224301    0.335523        5.264758       -2.817254   13.064490    4.696928    0.159490    5.445586
    0.568627    0.777136   -0.101198    0.195125    0.388333        5.264740       -2.817253   13.324306    4.797085    0.159490    5.445586
    0.578431    0.782791   -0.110759    0.162474    0.439723        5.264723       -2.817252   13.585928    4.898534    0.159490    5.445586
    0.588235    0.788906   -0.118491    0.126700    0.489495        5.264706       -2.817251   13.849528    5.001423    0.159490    5.445586
    0.598039    0.795378   -0.124238    0.088160    0.537460        5.264689       -2.817250   14.115241    5.105885    0.159490    5.445586
    0.607843    0.802100   -0.127861    0.047208    0.583429        5.264674       -2.817249   14.383170    5.212034    0.159490    5.445586
    0.617647    0.808954   -0.129242    0.004184    0.627222        5.264661       -2.817247   14.653380    5.319964    0.159490    5.445586
    0.627451    0.815820   -0.128277   -0.040584    0.668664        5.264649       -2.817245   14.925895    5.429740    0.159490    5.445586
    0.637255    0.822571   -0.124883   -0.086789    0.707590        5.264639       -2.817243   15.200697    5.541397    0.159490    5.445586
    0.647059    0.829076   -0.118990   -0.134146    0.743843        5.264633       -2.817240   15.477725    5.654938    0.159490    5.445586
    0.656863    0.835201   -0.110543   -0.182388    0.777274        5.264631       -2.817237   15.756876    5.770322    0.159490    5.445586
    0.666667    0.840809   -0.099504   -0.231273    0.807747        5.264632       -2.817233   16.037999    5.887468    0.159490    5.445586
    0.676471    0.845761   -0.085842   -0.280577    0.835137        5.264638       -2.817229   16.320897    6.006244    0.159490    5.445586
    0.686275    0.849916   -0.069541   -0.330095    0.859330        5.264649       -2.817224   16.605327    6.126463    0.159490    5.445586
    0.696078    0.853133   -0.050595   -0.379638    0.880227        5.264665       -2.817219   16.890997    6.247880    0.159490    5.445586
    0.705882    0.855269   -0.029007   -0.429033    0.897741        5.264684       -2.817214   17.177568    6.370188    0.159490    5.445586
    0.715686    0.856183   -0.004790   -0.478122    0.911799        5.264706       -2.817208   17.464655    6.493016    0.159490    5.445586
    0.725490    0.855734    0.022037   -0.526757    0.922344        5.264728       -2.817202   17.751824    6.615928    0.159490    5.445586
    0.735294    0.853784    0.051445   -0.574799    0.929333        5.264748       -2.817197   18.038595    6.738420    0.159490    5.445586
    0.745098    0.850199    0.083399   -0.622120    0.932738        5.264765       -2.817192   18.324441    6.859930    0.159490    5.445586
    0.754902    0.844847    0.117857   -0.668600    0.932546        5.264775       -2.817187   18.608791    6.979836    0.159490    5.445586
    0.764706    0.837603    0.154772   -0.714125    0.928761        5.264780       -2.817183   18.891032    7.097470    0.159490    5.445586
    0.774510    0.828349    0.194090   -0.758587    0.921401        5.264778       -2.817180   19.170510    7.212126    0.159490    5.445586
    0.784314    0.816973    0.235751   -0.801885    0.910500        5.264770       -2.817177   19.446530    7.323074    0.159490    5.445586
    0.794118    0.803377    0.279690   -0.843922    0.896107        5.264758       -2.817175   19.718364    7.429582    0.159490    5.445586
    0.803922    0.787469    0.325837   -0.884606    0.878285        5.264743       -2.817174   19.985252    7.530928    0.159490    5.445586
    0.813725    0.769174    0.374119   -0.923851    0.857113        5.264727       -2.817173   20.246406    7.626431    0.159490    5.445586
    0.823529    0.748429    0.424456   -0.961573    0.832681        5.264709       -2.817173   20.501013    7.715466    0.159490    5.445586
    0.833333    0.725188    0.476764   -0.997696    0.805094        5.264693       -2.817173   20.748244    7.797493    0.159490    5.445586
    0.843137    0.699422    0.530956   -1.032144    0.774468        5.264677       -2.817174   20.987256    7.872080    0.159490    5.445586
    0.852941    0.671121    0.586941   -1.064848    0.740931        5.264663       -2.817175   21.217199    7.938920    0.159490    5.445586
    0.862745    0.640295    0.644624   -1.095744    0.704621        5.264650       -2.817176   21.437225    7.997852    0.159490    5.445586
    0.872549    0.606974    0.703907   -1.124771    0.665686        5.264639       -2.817177   21.646491    8.048874    0.159490    5.445586
    0.882353    0.571210    0.764689   -1.151872    0.624282        5.264629       -2.817178   21.844167    8.092144    0.159490    5.445586
    0.892157    0.533080    0.826865   -1.176996    0.580573        5.264621       -2.817179   22.029448    8.127987    0.159490    5.445586
    0.901961    0.492679    0.890328   -1.200093    0.534731        5.264614       -2.817181   22.201554    8.156881    0.159490    5.445586
    0.911765    0.450129    0.954969   -1.221121    0.486932        5.264608       -2.817182   22.359743    8.179442    0.159490    5.445586
    0.921569    0.405569    1.020677   -1.240040    0.437360        5.264604       -2.817184   22.503318    8.196400    0.159490    5.445586
    0.931373    0.359163    1.087338   -1.256815    0.386200        5.264600       -2.817185   22.631631    8.208569    0.159490    5.445586
    0.941176    0.311094    1.154836   -1.271416    0.333643        5.264597       -2.817187   22.744093    8.216805    0.159490    5.445586
    0.950980    0.261562    1.223056   -1.283816    0.279884        5.264594       -2.817188   22.840179    8.221970    0.159490    5.445586
    0.960784    0.210784    1.291878   -1.293991    0.225120        5.264593       -2.817190   22.919434    8.224889    0.159490    5.445586
    0.970588    0.158992    1.361183   -1.301925    0.169548        5.264591       -2.817191   22.981479    8.226304    0.159490    5.445586
    0.980392    0.106428    1.430852   -1.307601    0.113370        5.264591       -2.817193   23.026014    8.226838    0.159490    5.445586
    0.990196    0.053344    1.500763   -1.311012    0.056786        5.264590       -2.817195   23.052823    8.226962    0.159490    5.445586
    1.000000   -0.000000    1.570796   -1.312149    0.000000        5.264590       -2.817197   23.061773    8.226971    0.159490    5.445586
