           t           r         psi          cs          qs               p             sig           A           V          Q2           S
    0.000000    0.000000   -1.570796    1.144634    0.000000       65.952513       65.177886   -0.000000    0.000000    0.231144    4.432501
    0.009804    0.043438   -1.620916    1.169685   -1.429976       66.710368       53.407870    0.005931   -0.000003    0.231144    4.432501
    0.019608    0.086764   -1.672936    1.227880   -2.130935       69.146164       42.110091    0.023710   -0.000052    0.231144    4.432501
    0.029412    0.129851   -1.727741    1.293435   -2.063184       73.526591       31.259196    0.053290   -0.000267    0.231144    4.432501
    0.039216    0.172556   -1.785042    1.337515   -1.116012       80.156851       20.835692    0.094585   -0.000855    0.231144    4.432501
    0.049020    0.214726   -1.843192    1.326505    0.843435       89.345121       10.827107    0.147471   -0.002104    0.231144    4.432501
    0.058824    0.256227   -1.898980    1.222196    3.916056      101.342541        1.229502    0.211782   -0.004365    0.231144    4.432501
    0.068627    0.296995   -1.947478    0.984255    8.109458      116.260866       -7.950429    0.287325   -0.007998    0.231144    4.432501
    0.078431    0.337095   -1.982042    0.575328   13.272615      133.969882      -16.692204    0.373905   -0.013302    0.231144    4.432501
    0.088235    0.376779   -1.994611   -0.031014   19.033280      153.976012      -24.956469    0.471369   -0.020402    0.231144    4.432501
    0.098039    0.416499   -1.976397   -0.839848   24.748091      175.276302      -32.676449    0.579660   -0.029113    0.231144    4.432501
    0.107843    0.456841   -1.919066   -1.823439   29.485754      196.173763      -39.743521    0.698868   -0.038762    0.231144    4.432501
    0.117647    0.498327   -1.816375   -2.912145   32.090674      214.058611      -45.983629    0.829239   -0.047943    0.231144    4.432501
    0.127451    0.541084   -1.666059   -3.993376   31.402717      225.258700      -51.121250    0.971114   -0.054260    0.231144    4.432501
    0.137255    0.584471   -1.471472   -4.924853   26.670111      225.287518      -54.731470    1.124776   -0.054210    0.231144    4.432501
    0.147059    0.626864   -1.242289   -5.563661   18.028916      210.077384      -56.195287    1.290196   -0.043574    0.231144    4.432501
    0.156863    0.665857   -0.993738   -5.803395    6.747207      178.590490      -54.706310    1.466786   -0.018565    0.231144    4.432501
    0.166667    0.698938   -0.744288   -5.605276   -5.014257      135.713893      -49.414219    1.653268    0.022581    0.231144    4.432501
    0.176471    0.724347   -0.512343   -5.011330  -14.886255       92.067014      -39.757499    1.847762    0.078646    0.231144    4.432501
    0.186275    0.741617   -0.312866   -4.134226  -21.122688       58.384422      -25.853075    2.048077    0.145967    0.231144    4.432501
    0.196078    0.751524   -0.154936   -3.125366  -23.172788       38.665742       -8.617954    2.252074    0.220092    0.231144    4.432501
    0.205882    0.755616   -0.040982   -2.132557  -21.677489       29.149018       10.550909    2.457942    0.297316    0.231144    4.432501
    0.215686    0.755669    0.032259   -1.265734  -17.949231       22.942468       30.297158    2.664336    0.375306    0.231144    4.432501
    0.225490    0.753303    0.071719   -0.583305  -13.344689       14.489516       49.657605    2.870380    0.452929    0.231144    4.432501
    0.235294    0.749808    0.085820   -0.097602   -8.876528        0.986087       68.131288    3.075600    0.529801    0.231144    4.432501
    0.245098    0.746101    0.082785    0.210249   -5.116875      -18.184728       85.576264    3.279819    0.605895    0.231144    4.432501
    0.254902    0.742767    0.069624    0.374798   -2.274148      -42.426355      102.068501    3.483067    0.681319    0.231144    4.432501
    0.264706    0.740122    0.051728    0.434473   -0.322699      -70.648508      117.789270    3.685495    0.756217    0.231144    4.432501
    0.274510    0.738286    0.032870    0.424395    0.880763     -101.669587      132.953560    3.887309    0.830733    0.231144    4.432501
    0.284314    0.737245    0.015437    0.373066    1.516164     -134.403932      147.770658    4.088733    0.905006    0.231144    4.432501
    0.294118    0.736905    0.000734    0.301638    1.753911     -167.931130      162.425103    4.289970    0.979162    0.231144    4.432501
    0.303922    0.737133   -0.010701    0.224626    1.734585     -201.509067      177.069123    4.491196    1.053309    0.231144    4.432501
    0.313725    0.737787   -0.018842    0.151190    1.564404     -234.564199      191.821123    4.692545    1.127541    0.231144    4.432501
    0.323529    0.738727   -0.023969    0.086507    1.318566     -266.674939      206.767201    4.894114    1.201927    0.231144    4.432501
    0.333333    0.739833   -0.026523    0.032966    1.047418     -297.554384      221.964181    5.095966    1.276514    0.231144    4.432501
    0.343137    0.741002   -0.027004   -0.008885    0.782752     -327.033819      237.443377    5.298130    1.351330    0.231144    4.432501
    0.352941    0.742157   -0.025911   -0.039641    0.543136     -355.046581      253.214703    5.500613    1.426383    0.231144    4.432501
    0.362745    0.743238   -0.023702   -0.060538    0.338026     -381.611632      269.270885    5.703402    1.501666    0.231144    4.432501
    0.372549    0.744206   -0.020770   -0.073118    0.170781     -406.816590      285.591581    5.906472    1.577162    0.231144    4.432501
    0.382353    0.745037   -0.017444   -0.078998    0.040829     -430.800517      302.147241    6.109788    1.652846    0.231144    4.432501
    0.392157    0.745720   -0.013979   -0.079734   -0.054790     -453.737194      318.902581    6.313311    1.728688    0.231144    4.432501
    0.401961    0.746253   -0.010568   -0.076730   -0.120329     -475.819734      335.819543    6.516999    1.804658    0.231144    4.432501
    0.411765    0.746641   -0.007347   -0.071202   -0.160572     -497.247289      352.859702    6.720813    1.880725    0.231144    4.432501
    0.421569    0.746895   -0.004402   -0.064162   -0.180314     -518.214364      369.986089    6.924715    1.956858    0.231144    4.432501
    0.431373    0.747028   -0.001780   -0.056423   -0.184028     -538.902959      387.164471    7.128669    2.033031    0.231144    4.432501
    0.441176    0.747055    0.000501   -0.048615   -0.175675     -559.477426      404.364128    7.332645    2.109221    0.231144    4.432501
    0.450980    0.746990    0.002451   -0.041213   -0.158610     -580.081789      421.558215    7.536615    2.185407    0.231144    4.432501
    0.460784    0.746846    0.004094   -0.034554   -0.135569     -600.839087      438.723791    7.740556    2.261571    0.231144    4.432501
    0.470588    0.746638    0.005468   -0.028871   -0.108697     -621.852286      455.841591    7.944449    2.337698    0.231144    4.432501
    0.480392    0.746374    0.006619   -0.024310   -0.079607     -643.206325      472.895618    8.148277    2.413777    0.231144    4.432501
    0.490196    0.746065    0.007598   -0.020957   -0.049449     -664.970896      489.872616    8.352027    2.489796    0.231144    4.432501
    0.500000    0.745716    0.008459   -0.018852   -0.018985     -687.203654      506.761474    8.555687    2.565748    0.231144    4.432501
    0.509804    0.745331    0.009255   -0.018004    0.011346     -709.953600      523.552596    8.759246    2.641625    0.231144    4.432501
    0.519608    0.744912    0.010042   -0.018405    0.041359     -733.264486      540.237262    8.962696    2.717419    0.231144    4.432501
    0.529412    0.744457    0.010873   -0.020042    0.071075     -757.178106      556.807009    9.166026    2.793124    0.231144    4.432501
    0.539216    0.743965    0.011801   -0.022899    0.100674     -781.737407      573.253022    9.369228    2.868731    0.231144    4.432501
    0.549020    0.743430    0.012880   -0.026969    0.130458     -806.989382      589.565557    9.572289    2.944234    0.231144    4.432501
    0.558824    0.742843    0.014163   -0.032256    0.160820     -832.987706      605.733393    9.775197    3.019622    0.231144    4.432501
    0.568627    0.742195    0.015702   -0.038779    0.192223     -859.795102      621.743314    9.977937    3.094883    0.231144    4.432501
    0.578431    0.741474    0.017552   -0.046572    0.225178     -887.485407      637.579616   10.180491    3.170004    0.231144    4.432501
    0.588235    0.740664    0.019769   -0.055693    0.260227     -916.145298      653.223650   10.382835    3.244968    0.231144    4.432501
    0.598039    0.739750    0.022412   -0.066216    0.297929     -945.875633      668.653391   10.584945    3.319754    0.231144    4.432501
    0.607843    0.738710    0.025545   -0.078238    0.338843     -976.792320      683.843053   10.786789    3.394338    0.231144    4.432501
    0.617647    0.737522    0.029235   -0.091876    0.383518    -1009.026605      698.762744   10.988328    3.468691    0.231144    4.432501
    0.627451    0.736160    0.033556   -0.107267    0.432468    -1042.724659      713.378179   11.189521    3.542779    0.231144    4.432501
    0.637255    0.734595    0.038586   -0.124564    0.486160    -1078.046280      727.650478   11.390314    3.616563    0.231144    4.432501
    0.647059    0.732796    0.044412   -0.143939    0.544986    -1115.162533      741.536052   11.590649    3.689994    0.231144    4.432501
    0.656863    0.730724    0.051128   -0.165571    0.609240    -1154.252119      754.986625   11.790457    3.763019    0.231144    4.432501
    0.666667    0.728340    0.058837   -0.189651    0.679087    -1195.496277      767.949409   11.989657    3.835574    0.231144    4.432501
    0.676471    0.725597    0.067649   -0.216368    0.754533    -1239.072050      780.367476   12.188158    3.907585    0.231144    4.432501
    0.686275    0.722447    0.077683   -0.245907    0.835386    -1285.143808      792.180349   12.385856    3.978969    0.231144    4.432501
    0.696078    0.718833    0.089065   -0.278439    0.921226    -1333.853053      803.324867   12.582632    4.049629    0.231144    4.432501
    0.705882    0.714695    0.101928   -0.314110    1.011375    -1385.306678      813.736315   12.778351    4.119457    0.231144    4.432501
    0.715686    0.709967    0.116412   -0.353033    1.104876    -1439.564086      823.349849   12.972861    4.188329    0.231144    4.432501
    0.725490    0.704576    0.132659   -0.395279    1.200481    -1496.623839      832.102201   13.165991    4.256104    0.231144    4.432501
    0.735294    0.698444    0.150815   -0.440859    1.296663    -1556.410768      839.933605   13.357550    4.322628    0.231144    4.432501
    0.745098    0.691489    0.171023   -0.489724    1.391643    -1618.764751      846.789888   13.547324    4.387728    0.231144    4.432501
    0.754902    0.683622    0.193423   -0.541748    1.483449    -1683.432515      852.624610   13.735077    4.451214    0.231144    4.432501
    0.764706    0.674751    0.218150   -0.596731    1.569993    -1750.063852      857.401113   13.920547    4.512880    0.231144    4.432501
    0.774510    0.664780    0.245325   -0.654393    1.649180    -1818.213470      861.094333   14.103447    4.572504    0.231144    4.432501
    0.784314    0.653610    0.275058   -0.714379    1.719025    -1887.349267      863.692189   14.283463    4.629853    0.231144    4.432501
    0.794118    0.641141    0.307441   -0.776268    1.777782    -1956.867227      865.196430   14.460254    4.684682    0.231144    4.432501
    0.803922    0.627276    0.342545   -0.839584    1.824063    -2026.112349      865.622807   14.633452    4.736745    0.231144    4.432501
    0.813725    0.611918    0.380424   -0.903818    1.856940    -2094.404226      865.000521   14.802663    4.785795    0.231144    4.432501
    0.823529    0.594975    0.421104   -0.968440    1.876011    -2161.065233      863.370960   14.967466    4.831598    0.231144    4.432501
    0.833333    0.576364    0.464591   -1.032929    1.881432    -2225.448851      860.785806   15.127417    4.873939    0.231144    4.432501
    0.843137    0.556011    0.510868   -1.096789    1.873898    -2286.965607      857.304637   15.282050    4.912631    0.231144    4.432501
    0.852941    0.533851    0.559899   -1.159571    1.854592    -2345.104444      852.992231   15.430880    4.947531    0.231144    4.432501
    0.862745    0.509838    0.611627   -1.220886    1.825093    -2399.447926      847.915746   15.573408    4.978544    0.231144    4.432501
    0.872549    0.483939    0.665982   -1.280422    1.787264    -2449.680521      842.141979   15.709123    5.005638    0.231144    4.432501
    0.882353    0.456140    0.722882   -1.337944    1.743139    -2495.590033      835.734857   15.837506    5.028849    0.231144    4.432501
    0.892157    0.426448    0.782234   -1.393305    1.694797    -2537.062939      828.753284   15.958040    5.048290    0.231144    4.432501
    0.901961    0.394892    0.843944   -1.446438    1.644247    -2574.074931      821.249416   16.070212    5.064147    0.231144    4.432501
    0.911765    0.361523    0.907915   -1.497353    1.593322    -2606.678161      813.267374   16.173519    5.076683    0.231144    4.432501
    0.921569    0.326415    0.974051   -1.546133    1.543543    -2634.986728      804.842399   16.267475    5.086228    0.231144    4.432501
    0.931373    0.289669    1.042263   -1.592917    1.495926    -2659.161760      796.000412   16.351620    5.093168    0.231144    4.432501
    0.941176    0.251408    1.112468   -1.637885    1.450584    -2679.397192      786.757921   16.425521    5.097928    0.231144    4.432501
    0.950980    0.211781    1.184591   -1.681226    1.405796    -2695.907033      777.122224   16.488785    5.100953    0.231144    4.432501
    0.960784    0.170959    1.258564   -1.723057    1.355647    -2708.914661      767.091883   16.541062    5.102684    0.231144    4.432501
    0.970588    0.129141    1.334321   -1.763230    1.283797    -2718.644596      756.657401   16.582052    5.103534    0.231144    4.432501
    0.980392    0.086543    1.411773   -1.800772    1.146575    -2725.317369      745.802107   16.611513    5.103858    0.231144    4.432501
    0.990196    0.043409    1.490746   -1.832323    0.826229    -2729.149260      734.503229   16.629263    5.103935    0.231144    4.432501
    1.000000   -0.000000    1.570796   -1.847633    0.000000    -2730.365419      722.733135   16.635193    5.103940    0.231144    4.432501
