           t           r         psi          cs          qs               p             sig           A           V          Q2           S
    0.000000   -0.000000   -1.570796    0.154148    0.000000       76.107884      296.722370    0.000000    0.000000    0.089136    9.608081
    0.009804    0.094193   -1.585959    0.173462   -0.503133       76.745421      258.032656    0.027875   -0.000010    0.089136    9.608081
    0.019608    0.188362   -1.604375    0.222267   -0.906727       79.119599      221.063966    0.111493   -0.000169    0.089136    9.608081
    0.029412    0.282460   -1.628807    0.301998   -1.362350       84.406765      185.075539    0.250828   -0.000946    0.089136    9.608081
    0.039216    0.376396   -1.662159    0.408363   -1.584638       94.918227      149.345950    0.445813   -0.003382    0.089136    9.608081
    0.049020    0.469995   -1.704753    0.477766   -0.348793      114.997742      113.169232    0.696307   -0.009418    0.089136    9.608081
    0.058824    0.563055   -1.743939    0.274063    5.288527      151.455265       75.893963    1.002044   -0.021741    0.089136    9.608081
    0.068627    0.655819   -1.731085   -0.743892   19.248002      208.165578       37.129066    1.362734   -0.040839    0.089136    9.608081
    0.078431    0.749493   -1.556465   -3.236274   38.997806      250.486484       -2.243306    1.778538   -0.053787    0.089136    9.608081
    0.088235    0.840560   -1.089163   -6.616308   35.788951       61.031010      -33.702306    2.249576   -0.011445    0.089136    9.608081
    0.098039    0.903568   -0.407425   -6.896240  -27.321204     -561.083560       -9.318349    2.768034    0.152625    0.089136    9.608081
    0.107843    0.917097    0.042044   -2.328144  -50.100603     -122.662715      123.694403    3.308885    0.395077    0.089136    9.608081
    0.117647    0.908550    0.093362    0.624700  -12.315730      220.336835      252.202332    3.849356    0.640801    0.089136    9.608081
    0.127451    0.903368    0.015378    0.753506    5.439133      -57.362206      343.376279    4.385179    0.882916    0.089136    9.608081
    0.137255    0.904398   -0.027800    0.166052    5.431478     -438.826214      427.429821    4.919948    1.124475    0.089136    9.608081
    0.147059    0.907130   -0.025134   -0.157893    1.411183     -692.445623      520.357567    5.456045    1.367169    0.089136    9.608081
    0.156863    0.908703   -0.008210   -0.165679   -0.850796     -798.889247      622.924637    5.993482    1.611142    0.089136    9.608081
    0.166667    0.908881    0.002844   -0.066604   -1.021212     -845.976107      729.218490    6.531408    1.855595    0.089136    9.608081
    0.176471    0.908443    0.005317    0.005313   -0.471595     -907.668684      834.605727    7.069216    2.099941    0.089136    9.608081
    0.186275    0.908015    0.003439    0.027694   -0.038170    -1003.133328      937.879229    7.606748    2.344035    0.089136    9.608081
    0.196078    0.907811    0.000979    0.021932    0.127099    -1121.190874     1039.723732    8.144091    2.587959    0.089136    9.608081
    0.205882    0.907797   -0.000489    0.009275    0.124664    -1246.244041     1141.123113    8.681374    2.831830    0.089136    9.608081
    0.215686    0.907869   -0.000885    0.000060    0.066689    -1368.699040     1242.688020    9.218679    3.075721    0.089136    9.608081
    0.225490    0.907945   -0.000675   -0.003716    0.015131    -1485.679696     1344.601173    9.756030    3.319654    0.089136    9.608081
    0.235294    0.907991   -0.000303   -0.003739   -0.011660    -1598.299891     1446.791186   10.293419    3.563621    0.089136    9.608081
    0.245098    0.908005   -0.000017   -0.002246   -0.017794    -1708.864406     1549.111554   10.830825    3.807603    0.089136    9.608081
    0.254902    0.907999    0.000120   -0.000725   -0.013368    -1819.232168     1651.444394   11.368233    4.051587    0.089136    9.608081
    0.264706    0.907986    0.000138    0.000221   -0.006427    -1930.326320     1753.731190   11.905634    4.295565    0.089136    9.608081
    0.274510    0.907975    0.000097    0.000568   -0.001065    -2042.302346     1855.962071   12.443028    4.539537    0.089136    9.608081
    0.284314    0.907968    0.000044    0.000527    0.001682    -2154.914272     1958.152621   12.980417    4.783504    0.089136    9.608081
    0.294118    0.907966    0.000003    0.000327    0.002336    -2267.821824     2060.324417   13.517803    5.027468    0.089136    9.608081
    0.303922    0.907967   -0.000018    0.000124    0.001849    -2380.759781     2162.494284   14.055189    5.271433    0.089136    9.608081
    0.313725    0.907969   -0.000023   -0.000014    0.001018    -2493.588156     2264.671104   14.592576    5.515398    0.089136    9.608081
    0.323529    0.907971   -0.000018   -0.000077    0.000301    -2606.272951     2366.857031   15.129964    5.759364    0.089136    9.608081
    0.333333    0.907973   -0.000010   -0.000084   -0.000135    -2718.842379     2469.050277   15.667353    6.003331    0.089136    9.608081
    0.343137    0.907973   -0.000003   -0.000062   -0.000305    -2831.346254     2571.247680   16.204742    6.247298    0.089136    9.608081
    0.352941    0.907973    0.000002   -0.000033   -0.000297    -2943.829800     2673.446374   16.742132    6.491266    0.089136    9.608081
    0.362745    0.907973    0.000003   -0.000008   -0.000206    -3056.322368     2775.644494   17.279522    6.735234    0.089136    9.608081
    0.372549    0.907973    0.000003    0.000007   -0.000102    -3168.836661     2877.841237   17.816911    6.979201    0.089136    9.608081
    0.382353    0.907972    0.000003    0.000012   -0.000021    -3281.373227     2980.036567   18.354301    7.223169    0.089136    9.608081
    0.392157    0.907972    0.000001    0.000012    0.000026    -3393.926191     3082.230857   18.891690    7.467136    0.089136    9.608081
    0.401961    0.907972    0.000000    0.000009    0.000043    -3506.487959     3184.424589   19.429079    7.711103    0.089136    9.608081
    0.411765    0.907972   -0.000000    0.000005    0.000041    -3619.052098     3286.618170   19.966468    7.955070    0.089136    9.608081
    0.421569    0.907972   -0.000001    0.000001    0.000029    -3731.614498     3388.811861   20.503857    8.199037    0.089136    9.608081
    0.431373    0.907972   -0.000001   -0.000001    0.000015    -3844.173362     3491.005777   21.041246    8.443005    0.089136    9.608081
    0.441176    0.907972   -0.000000   -0.000002    0.000004    -3956.728597     3593.199923   21.578635    8.686972    0.089136    9.608081
    0.450980    0.907972   -0.000000   -0.000002   -0.000003    -4069.281058     3695.394245   22.116024    8.930939    0.089136    9.608081
    0.460784    0.907972   -0.000000   -0.000001   -0.000006    -4181.831898     3797.588669   22.653414    9.174906    0.089136    9.608081
    0.470588    0.907972    0.000000   -0.000001   -0.000006    -4294.382159     3899.783131   23.190803    9.418873    0.089136    9.608081
    0.480392    0.907972    0.000000   -0.000000   -0.000005    -4406.932566     4001.977583   23.728192    9.662841    0.089136    9.608081
    0.490196    0.907972    0.000000    0.000000   -0.000003    -4519.483504     4104.172001   24.265581    9.906808    0.089136    9.608081
    0.500000    0.907972    0.000000    0.000000   -0.000001    -4632.035081     4206.366379   24.802970   10.150775    0.089136    9.608081
    0.509804    0.907972    0.000000    0.000000    0.000000    -4744.587231     4308.560721   25.340359   10.394742    0.089136    9.608081
    0.519608    0.907972    0.000000    0.000000    0.000001    -4857.139820     4410.755035   25.877749   10.638709    0.089136    9.608081
    0.529412    0.907972    0.000000    0.000000    0.000002    -4969.692728     4512.949328   26.415138   10.882677    0.089136    9.608081
    0.539216    0.907972    0.000000   -0.000000    0.000003    -5082.245901     4615.143605   26.952527   11.126644    0.089136    9.608081
    0.549020    0.907972    0.000000   -0.000000    0.000003    -5194.799397     4717.337861   27.489916   11.370611    0.089136    9.608081
    0.558824    0.907972    0.000000   -0.000001    0.000005    -5307.353421     4819.532084   28.027305   11.614578    0.089136    9.608081
    0.568627    0.907972    0.000000   -0.000001    0.000007    -5419.908376     4921.726247   28.564694   11.858545    0.089136    9.608081
    0.578431    0.907972    0.000000   -0.000002    0.000012    -5532.464947     5023.920308   29.102084   12.102513    0.089136    9.608081
    0.588235    0.907972    0.000001   -0.000004    0.000019    -5645.024257     5126.114196   29.639473   12.346480    0.089136    9.608081
    0.598039    0.907972    0.000001   -0.000006    0.000031    -5757.588120     5228.307794   30.176862   12.590447    0.089136    9.608081
    0.607843    0.907972    0.000002   -0.000009    0.000050    -5870.159462     5330.500919   30.714251   12.834414    0.089136    9.608081
    0.617647    0.907972    0.000003   -0.000015    0.000080    -5982.743006     5432.693269   31.251640   13.078381    0.089136    9.608081
    0.627451    0.907971    0.000005   -0.000024    0.000128    -6095.346362     5534.884362   31.789028   13.322348    0.089136    9.608081
    0.637255    0.907971    0.000008   -0.000039    0.000204    -6207.981784     5637.073422   32.326417   13.566314    0.089136    9.608081
    0.647059    0.907970    0.000012   -0.000062    0.000325    -6320.668945     5739.259199   32.863805   13.810281    0.089136    9.608081
    0.656863    0.907968    0.000020   -0.000100    0.000516    -6433.439350     5841.439696   33.401192   14.054246    0.089136    9.608081
    0.666667    0.907966    0.000032   -0.000158    0.000817    -6546.343314     5943.611720   33.938578   14.298211    0.089136    9.608081
    0.676471    0.907962    0.000051   -0.000251    0.001291    -6659.460965     6045.770187   34.475963   14.542174    0.089136    9.608081
    0.686275    0.907956    0.000081   -0.000398    0.002032    -6772.919539     6147.907022   35.013344   14.786134    0.089136    9.608081
    0.696078    0.907946    0.000128   -0.000628    0.003192    -6886.920502     6250.009436   35.550721   15.030090    0.089136    9.608081
    0.705882    0.907931    0.000203   -0.000989    0.005002    -7001.781892     6352.057230   36.088091   15.274039    0.089136    9.608081
    0.715686    0.907907    0.000321   -0.001554    0.007815    -7118.004164     6454.018596   36.625449   15.517978    0.089136    9.608081
    0.725490    0.907868    0.000506   -0.002434    0.012179    -7236.372002     6555.843601   37.162789   15.761901    0.089136    9.608081
    0.735294    0.907808    0.000795   -0.003803    0.018922    -7358.110613     6657.454134   37.700100   16.005797    0.089136    9.608081
    0.745098    0.907714    0.001246   -0.005925    0.029299    -7485.123174     6758.728503   38.237366   16.249653    0.089136    9.608081
    0.754902    0.907566    0.001947   -0.009202    0.045186    -7620.346173     6859.478064   38.774562   16.493444    0.089136    9.608081
    0.764706    0.907335    0.003034   -0.014241    0.069346    -7768.268933     6959.412293   39.311647   16.737134    0.089136    9.608081
    0.774510    0.906975    0.004713   -0.021942    0.105741    -7935.665448     7058.087684   39.848560   16.980668    0.089136    9.608081
    0.784314    0.906419    0.007293   -0.033626    0.159843    -8132.562020     7154.835577   40.385207   17.223957    0.089136    9.608081
    0.794118    0.905559    0.011231   -0.051166    0.238725    -8373.373215     7248.665848   40.921440   17.466866    0.089136    9.608081
    0.803922    0.904239    0.017195   -0.077110    0.350513    -8677.909386     7338.150832   41.457038   17.709185    0.089136    9.608081
    0.813725    0.902227    0.026123   -0.114695    0.502426    -9071.502102     7421.312143   41.991664   17.950594    0.089136    9.608081
    0.823529    0.899186    0.039284   -0.167579    0.696472    -9582.810895     7495.567839   42.524814   18.190601    0.089136    9.608081
    0.833333    0.894646    0.058280   -0.239063    0.922671   -10237.372103     7557.844466   43.055748   18.428462    0.089136    9.608081
    0.843137    0.887973    0.084958   -0.330701    1.152581   -11045.864947     7604.983007   43.583398   18.663071    0.089136    9.608081
    0.852941    0.878364    0.121161   -0.440608    1.340224   -11990.040826     7634.490053   44.106274   18.892825    0.089136    9.608081
    0.862745    0.864867    0.168347   -0.562521    1.437373   -13015.343868     7645.442142   44.622362   19.115500    0.089136    9.608081
    0.872549    0.846451    0.227211   -0.686807    1.418471   -14040.421341     7639.065499   45.129057   19.328193    0.089136    9.608081
    0.882353    0.822109    0.297492   -0.803406    1.295678   -14982.846862     7618.537549   45.623147   19.527412    0.089136    9.608081
    0.892157    0.790971    0.378091   -0.904984    1.109778   -15785.413022     7588.048542   46.100856   19.709363    0.089136    9.608081
    0.901961    0.752394    0.467411   -0.988375    0.906507   -16426.804244     7551.677296   46.557959   19.870420    0.089136    9.608081
    0.911765    0.706012    0.563735   -1.053999    0.718539   -16915.111353     7512.638022   46.989932   20.007681    0.089136    9.608081
    0.921569    0.651747    0.665497   -1.104329    0.561353   -17274.132131     7473.054504   47.392117   20.119471    0.089136    9.608081
    0.931373    0.589795    0.771402   -1.142494    0.437843   -17531.672632     7434.090696   47.759895   20.205681    0.089136    9.608081
    0.941176    0.520593    0.880447   -1.171457    0.344502   -17712.978290     7396.207056   48.088834   20.267861    0.089136    9.608081
    0.950980    0.444786    0.991886   -1.193676    0.275769   -17838.354861     7359.399992   48.374824   20.309061    0.089136    9.608081
    0.960784    0.363196    1.105177   -1.211065    0.226236   -17923.087692     7323.375182   48.614191   20.333442    0.089136    9.608081
    0.970588    0.276792    1.219937   -1.225073    0.191446   -17978.260065     7287.656275   48.803793   20.345712    0.089136    9.608081
    0.980392    0.186659    1.335902   -1.236793    0.167928   -18011.740844     7251.647327   48.941097   20.350481    0.089136    9.608081
    0.990196    0.093978    1.452896   -1.247058    0.151993   -18029.056605     7214.668110   49.024241   20.351617    0.089136    9.608081
    1.000000    0.000000    1.570796   -1.255185    0.000000   -18034.113605     7175.977327   49.052084   20.351694    0.089136    9.608081
