           t           r         psi          cs          qs               p             sig           A           V          Q2           S
    0.000000    0.000000   -1.570796   -1.300194    0.000000        6.768501       -3.719108    0.000000    0.000000    0.072220    4.169115
    0.009804    0.040854   -1.517665   -1.299285   -0.059295        6.768491       -3.719285    0.005247    0.000003    0.072220    4.169115
    0.019608    0.081594   -1.464608   -1.296559   -0.118410        6.768461       -3.719459    0.020974    0.000045    0.072220    4.169115
    0.029412    0.122104   -1.411699   -1.292023   -0.177153        6.768407       -3.719629    0.047137    0.000229    0.072220    4.169115
    0.039216    0.162272   -1.359013   -1.285687   -0.235334        6.768326       -3.719797    0.083662    0.000717    0.072220    4.169115
    0.049020    0.201989   -1.306622   -1.277565   -0.292763        6.768216       -3.719962    0.130446    0.001733    0.072220    4.169115
    0.058824    0.241149   -1.254600   -1.267677   -0.349250        6.768072       -3.720126    0.187362    0.003552    0.072220    4.169115
    0.068627    0.279650   -1.203017   -1.256045   -0.404611        6.767889       -3.720290    0.254252    0.006489    0.072220    4.169115
    0.078431    0.317398   -1.151944   -1.242698   -0.458660        6.767663       -3.720453    0.330935    0.010894    0.072220    4.169115
    0.088235    0.354302   -1.101452   -1.227667   -0.511218        6.767387       -3.720617    0.417206    0.017138    0.072220    4.169115
    0.098039    0.390279   -1.051608   -1.210989   -0.562107        6.767054       -3.720782    0.512838    0.025604    0.072220    4.169115
    0.107843    0.425253   -1.002479   -1.192705   -0.611152        6.766657       -3.720948    0.617581    0.036674    0.072220    4.169115
    0.117647    0.459155   -0.954129   -1.172860   -0.658185        6.766186       -3.721117    0.731170    0.050721    0.072220    4.169115
    0.127451    0.491925   -0.906621   -1.151506   -0.703041        6.765629       -3.721288    0.853322    0.068099    0.072220    4.169115
    0.137255    0.523509   -0.860016   -1.128696   -0.745560        6.764975       -3.721462    0.983738    0.089132    0.072220    4.169115
    0.147059    0.553864   -0.814373   -1.104491   -0.785590        6.764209       -3.721640    1.122108    0.114109    0.072220    4.169115
    0.156863    0.582953   -0.769745   -1.078954   -0.822983        6.763314       -3.721821    1.268112    0.143278    0.072220    4.169115
    0.166667    0.610748   -0.726188   -1.052156   -0.857599        6.762272       -3.722006    1.421422    0.176840    0.072220    4.169115
    0.176471    0.637229   -0.683751   -1.024169   -0.889306        6.761061       -3.722195    1.581701    0.214948    0.072220    4.169115
    0.186275    0.662385   -0.642480   -0.995073   -0.917980        6.759658       -3.722388    1.748611    0.257707    0.072220    4.169115
    0.196078    0.686211   -0.602420   -0.964951   -0.943505        6.758034       -3.722585    1.921810    0.305171    0.072220    4.169115
    0.205882    0.708709   -0.563611   -0.933891   -0.965775        6.756161       -3.722786    2.100958    0.357345    0.072220    4.169115
    0.215686    0.729888   -0.526088   -0.901987   -0.984693        6.754006       -3.722989    2.285714    0.414191    0.072220    4.169115
    0.225490    0.749765   -0.489886   -0.869335   -1.000173        6.751534       -3.723195    2.475742    0.475627    0.072220    4.169115
    0.235294    0.768360   -0.455031   -0.836038   -1.012140        6.748709       -3.723401    2.670709    0.541534    0.072220    4.169115
    0.245098    0.785702   -0.421549   -0.802202   -1.020530        6.745495       -3.723607    2.870290    0.611762    0.072220    4.169115
    0.254902    0.801820   -0.389459   -0.767938   -1.025291        6.741857       -3.723809    3.074167    0.686131    0.072220    4.169115
    0.264706    0.816753   -0.358777   -0.733362   -1.026383        6.737765       -3.724005    3.282031    0.764439    0.072220    4.169115
    0.274510    0.830538   -0.329512   -0.698590   -1.023778        6.733194       -3.724192    3.493581    0.846466    0.072220    4.169115
    0.284314    0.843219   -0.301670   -0.663747   -1.017462        6.728135       -3.724365    3.708528    0.931980    0.072220    4.169115
    0.294118    0.854842   -0.275251   -0.628956   -1.007430        6.722594       -3.724519    3.926596    1.020741    0.072220    4.169115
    0.303922    0.865453   -0.250252   -0.594348   -0.993693        6.716602       -3.724649    4.147518    1.112504    0.072220    4.169115
    0.313725    0.875103   -0.226661   -0.560052   -0.976271        6.710218       -3.724746    4.371040    1.207026    0.072220    4.169115
    0.323529    0.883841   -0.204463   -0.526203   -0.955195        6.703542       -3.724805    4.596922    1.304066    0.072220    4.169115
    0.333333    0.891718   -0.183637   -0.492936   -0.930508        6.696713       -3.724816    4.824937    1.403389    0.072220    4.169115
    0.343137    0.898786   -0.164157   -0.460388   -0.902259        6.689917       -3.724772    5.054869    1.504769    0.072220    4.169115
    0.352941    0.905094   -0.145990   -0.428697   -0.870505        6.683386       -3.724662    5.286519    1.607991    0.072220    4.169115
    0.362745    0.910694   -0.129098   -0.398003   -0.835313        6.677390       -3.724479    5.519696    1.712849    0.072220    4.169115
    0.372549    0.915635   -0.113439   -0.368444   -0.796751        6.672227       -3.724216    5.754225    1.819151    0.072220    4.169115
    0.382353    0.919963   -0.098962   -0.340160   -0.754895        6.668208       -3.723865    5.989944    1.926719    0.072220    4.169115
    0.392157    0.923726   -0.085612   -0.313289   -0.709830        6.665630       -3.723422    6.226701    2.035387    0.072220    4.169115
    0.401961    0.926968   -0.073330   -0.287970   -0.661646        6.664755       -3.722886    6.464357    2.145002    0.072220    4.169115
    0.411765    0.929729   -0.062048   -0.264337   -0.610444        6.665784       -3.722256    6.702782    2.255424    0.072220    4.169115
    0.421569    0.932049   -0.051696   -0.242523   -0.556340        6.668831       -3.721536    6.941859    2.366526    0.072220    4.169115
    0.431373    0.933965   -0.042196   -0.222656   -0.499467        6.673914       -3.720732    7.181479    2.478190    0.072220    4.169115
    0.441176    0.935508   -0.033466   -0.204860   -0.439981        6.680946       -3.719852    7.421543    2.590311    0.072220    4.169115
    0.450980    0.936709   -0.025420   -0.189251   -0.378062        6.689737       -3.718906    7.661959    2.702793    0.072220    4.169115
    0.460784    0.937594   -0.017964   -0.175937   -0.313918        6.700005       -3.717908    7.902641    2.815548    0.072220    4.169115
    0.470588    0.938184   -0.011005   -0.165015   -0.247788        6.711400       -3.716870    8.143513    2.928494    0.072220    4.169115
    0.480392    0.938499   -0.004441   -0.156571   -0.179943        6.723521       -3.715808    8.384501    3.041558    0.072220    4.169115
    0.490196    0.938551    0.001829   -0.150678   -0.110682        6.735944       -3.714735    8.625536    3.154669    0.072220    4.169115
    0.500000    0.938352    0.007912   -0.147394   -0.040335        6.748244       -3.713667    8.866551    3.267760    0.072220    4.169115
    0.509804    0.937906    0.013914   -0.146759    0.030747        6.760016       -3.712616    9.107484    3.380769    0.072220    4.169115
    0.519608    0.937214    0.019946   -0.148797    0.102190        6.770893       -3.711597    9.348270    3.493631    0.072220    4.169115
    0.529412    0.936273    0.026115   -0.153514    0.173605        6.780560       -3.710620    9.588847    3.606283    0.072220    4.169115
    0.539216    0.935076    0.032531   -0.160897    0.244594        6.788764       -3.709696    9.829150    3.718660    0.072220    4.169115
    0.549020    0.933610    0.039304   -0.170914    0.314756        6.795318       -3.708834   10.069111    3.830693    0.072220    4.169115
    0.558824    0.931858    0.046538   -0.183514    0.383693        6.800109       -3.708041   10.308659    3.942310    0.072220    4.169115
    0.568627    0.929799    0.054340   -0.198628    0.451016        6.803092       -3.707324   10.547718    4.053434    0.072220    4.169115
    0.578431    0.927409    0.062809   -0.216172    0.516349        6.804295       -3.706686   10.786207    4.163978    0.072220    4.169115
    0.588235    0.924658    0.072043   -0.236044    0.579339        6.803804       -3.706130   11.024036    4.273850    0.072220    4.169115
    0.598039    0.921513    0.082135   -0.258128    0.639652        6.801764       -3.705656   11.261109    4.382949    0.072220    4.169115
    0.607843    0.917938    0.093172   -0.282297    0.696987        6.798358       -3.705264   11.497319    4.491161    0.072220    4.169115
    0.617647    0.913894    0.105238   -0.308409    0.751069        6.793805       -3.704951   11.732553    4.598364    0.072220    4.169115
    0.627451    0.909336    0.118409   -0.336317    0.801656        6.788339       -3.704713   11.966682    4.704421    0.072220    4.169115
    0.637255    0.904221    0.132754   -0.365864    0.848540        6.782198       -3.704546   12.199571    4.809185    0.072220    4.169115
    0.647059    0.898500    0.148337   -0.396889    0.891544        6.775613       -3.704443   12.431069    4.912495    0.072220    4.169115
    0.656863    0.892122    0.165216   -0.429225    0.930522        6.768797       -3.704398   12.661014    5.014177    0.072220    4.169115
    0.666667    0.885038    0.183441   -0.462706    0.965358        6.761938       -3.704404   12.889232    5.114044    0.072220    4.169115
    0.676471    0.877193    0.203054   -0.497163    0.995966        6.755195       -3.704454   13.115534    5.211896    0.072220    4.169115
    0.686275    0.868534    0.224093   -0.532427    1.022283        6.748693       -3.704542   13.339719    5.307524    0.072220    4.169115
    0.696078    0.859009    0.246588   -0.568333    1.044272        6.742528       -3.704662   13.561569    5.400708    0.072220    4.169115
    0.705882    0.848562    0.270560   -0.604717    1.061915        6.736763       -3.704807   13.780856    5.491219    0.072220    4.169115
    0.715686    0.837143    0.296026   -0.641420    1.075216        6.731440       -3.704971   13.997336    5.578825    0.072220    4.169115
    0.725490    0.824698    0.322996   -0.678286    1.084193        6.726576       -3.705151   14.210753    5.663292    0.072220    4.169115
    0.735294    0.811179    0.351474   -0.715164    1.088884        6.722173       -3.705342   14.420837    5.744384    0.072220    4.169115
    0.745098    0.796539    0.381457   -0.751908    1.089336        6.718217       -3.705541   14.627306    5.821875    0.072220    4.169115
    0.754902    0.780733    0.412937   -0.788378    1.085612        6.714689       -3.705745   14.829866    5.895545    0.072220    4.169115
    0.764706    0.763721    0.445900   -0.824441    1.077787        6.711559       -3.705950   15.028213    5.965193    0.072220    4.169115
    0.774510    0.745466    0.480326   -0.859967    1.065946        6.708797       -3.706157   15.222033    6.030635    0.072220    4.169115
    0.784314    0.725938    0.516191   -0.894834    1.050183        6.706370       -3.706362   15.411001    6.091714    0.072220    4.169115
    0.794118    0.705110    0.553465   -0.928926    1.030604        6.704247       -3.706565   15.594788    6.148304    0.072220    4.169115
    0.803922    0.682963    0.592116   -0.962133    1.007323        6.702394       -3.706765   15.773056    6.200313    0.072220    4.169115
    0.813725    0.659482    0.632104   -0.994350    0.980461        6.700783       -3.706961   15.945466    6.247691    0.072220    4.169115
    0.823529    0.634662    0.673386   -1.025478    0.950150        6.699385       -3.707154   16.111674    6.290432    0.072220    4.169115
    0.833333    0.608503    0.715918   -1.055427    0.916527        6.698176       -3.707343   16.271336    6.328577    0.072220    4.169115
    0.843137    0.581015    0.759647   -1.084108    0.879736        6.697133       -3.707528   16.424108    6.362217    0.072220    4.169115
    0.852941    0.552214    0.804522   -1.111441    0.839931        6.696235       -3.707709   16.569652    6.391493    0.072220    4.169115
    0.862745    0.522126    0.850485   -1.137352    0.797269        6.695465       -3.707886   16.707634    6.416596    0.072220    4.169115
    0.872549    0.490785    0.897477   -1.161769    0.751914        6.694806       -3.708060   16.837726    6.437761    0.072220    4.169115
    0.882353    0.458235    0.945436   -1.184629    0.704036        6.694245       -3.708231   16.959614    6.455270    0.072220    4.169115
    0.892157    0.424527    0.994296   -1.205872    0.653809        6.693769       -3.708400   17.072992    6.469441    0.072220    4.169115
    0.901961    0.389722    1.043990   -1.225446    0.601413        6.693367       -3.708566   17.177572    6.480620    0.072220    4.169115
    0.911765    0.353888    1.094449   -1.243300    0.547031        6.693030       -3.708731   17.273079    6.489178    0.072220    4.169115
    0.921569    0.317102    1.145602   -1.259391    0.490849        6.692751       -3.708895   17.359259    6.495496    0.072220    4.169115
    0.931373    0.279449    1.197377   -1.273681    0.433060        6.692522       -3.709058   17.435879    6.499957    0.072220    4.169115
    0.941176    0.241020    1.249697   -1.286134    0.373855        6.692336       -3.709222   17.502727    6.502934    0.072220    4.169115
    0.950980    0.201913    1.302489   -1.296721    0.313430        6.692190       -3.709386   17.559616    6.504778    0.072220    4.169115
    0.960784    0.162233    1.355675   -1.305417    0.251985        6.692078       -3.709551   17.606387    6.505809    0.072220    4.169115
    0.970588    0.122087    1.409178   -1.312202    0.189717        6.691996       -3.709719   17.642905    6.506305    0.072220    4.169115
    0.980392    0.081589    1.462918   -1.317060    0.126829        6.691941       -3.709889   17.669065    6.506491    0.072220    4.169115
    0.990196    0.040854    1.516817   -1.319980    0.063523        6.691910       -3.710063   17.684791    6.506534    0.072220    4.169115
    1.000000   -0.000000    1.570796   -1.320954    0.000000        6.691901       -3.710240   17.690038    6.506537    0.072220    4.169115
