           t           r         psi          cs          qs               p             sig           A           V          Q2           S
    0.000000   -0.000000   -1.570796   -1.083660    0.000000       12.086631       -2.570383    0.000000   -0.000000    0.198083    4.694232
    0.009804    0.046003   -1.520885   -1.086188    0.145082       12.078166       -2.710517    0.006653    0.000004    0.198083    4.694232
    0.019608    0.091891   -1.470746   -1.093531    0.279985       12.051102       -2.845430    0.026594    0.000061    0.198083    4.694232
    0.029412    0.137547   -1.420165   -1.105304    0.403858       12.002975       -2.975556    0.059773    0.000308    0.198083    4.694232
    0.039216    0.182851   -1.368948   -1.121091    0.515674       11.930940       -3.101261    0.106107    0.000972    0.198083    4.694232
    0.049020    0.227679   -1.316920   -1.140440    0.614237       11.831622       -3.222834    0.165475    0.002365    0.198083    4.694232
    0.058824    0.271900   -1.263930   -1.162849    0.698185       11.701023       -3.340460    0.237722    0.004881    0.198083    4.694232
    0.068627    0.315376   -1.209849   -1.187767    0.765989       11.534452       -3.454210    0.322651    0.008990    0.198083    4.694232
    0.078431    0.357964   -1.154575   -1.214583    0.815960       11.326478       -3.564002    0.420027    0.015226    0.198083    4.694232
    0.088235    0.399510   -1.098036   -1.242615    0.846250       11.070921       -3.669575    0.529571    0.024173    0.198083    4.694232
    0.098039    0.439858   -1.040193   -1.271112    0.854863       10.760922       -3.770439    0.650959    0.036452    0.198083    4.694232
    0.107843    0.478843   -0.981043   -1.299238    0.839683       10.389124       -3.865829    0.783822    0.052696    0.198083    4.694232
    0.117647    0.516297   -0.920626   -1.326066    0.798509        9.948051       -3.954633    0.927740    0.073530    0.198083    4.694232
    0.127451    0.552051   -0.859023   -1.350578    0.729134        9.430764       -4.035323    1.082247    0.099542    0.198083    4.694232
    0.137255    0.585937   -0.796366   -1.371656    0.629460        8.831900       -4.105877    1.246826    0.131252    0.198083    4.694232
    0.147059    0.617793   -0.732841   -1.388090    0.497672        8.149213       -4.163690    1.420915    0.169091    0.198083    4.694232
    0.156863    0.647464   -0.668692   -1.398583    0.332501        7.385683       -4.205524    1.603903    0.213363    0.198083    4.694232
    0.166667    0.674813   -0.604223   -1.401778    0.133569        6.552122       -4.227479    1.795138    0.264232    0.198083    4.694232
    0.176471    0.699721   -0.539800   -1.396295   -0.098160        5.670000       -4.225057    1.993931    0.321699    0.198083    4.694232
    0.186275    0.722094   -0.475856   -1.380792   -0.359864        4.773799       -4.193342    2.199561    0.385595    0.198083    4.694232
    0.196078    0.741871   -0.412880   -1.354049   -0.646346        3.911782       -4.127349    2.411287    0.455585    0.198083    4.694232
    0.205882    0.759024   -0.351412   -1.315078   -0.949634        3.143769       -4.022560    2.628353    0.531183    0.198083    4.694232
    0.215686    0.773565   -0.292032   -1.263240   -1.258882        2.534717       -3.875631    2.850000    0.611773    0.198083    4.694232
    0.225490    0.785548   -0.235339   -1.198377   -1.560749        2.144055       -3.685153    3.075480    0.696645    0.198083    4.694232
    0.235294    0.795065   -0.181923   -1.120905   -1.840374        2.012656       -3.452297    3.304067    0.785033    0.198083    4.694232
    0.245098    0.802251   -0.132344   -1.031868   -2.082884        2.151355       -3.181141    3.535064    0.876160    0.198083    4.694232
    0.254902    0.807272   -0.087098   -0.932920   -2.275182        2.535523       -2.878482    3.767822    0.969270    0.198083    4.694232
    0.264706    0.810327   -0.046594   -0.826236   -2.407588        3.108459       -2.553152    4.001743    1.063671    0.198083    4.694232
    0.274510    0.811636   -0.011128   -0.714357   -2.474930        3.792759       -2.214957    4.236289    1.158750    0.198083    4.694232
    0.284314    0.811432    0.019121   -0.600005   -2.476820        4.505582       -1.873521    4.470988    1.253992    0.198083    4.694232
    0.294118    0.809957    0.044102   -0.485898   -2.417164        5.172625       -1.537309    4.705440    1.348987    0.198083    4.694232
    0.303922    0.807454    0.063887   -0.374586   -2.303137        5.737196       -1.213009    4.939310    1.443420    0.198083    4.694232
    0.313725    0.804158    0.078658   -0.268342   -2.143943        6.163387       -0.905298    5.172336    1.537072    0.198083    4.694232
    0.323529    0.800294    0.088694   -0.169092   -1.949667        6.434557       -0.616932    5.404322    1.629800    0.198083    4.694232
    0.333333    0.796072    0.094354   -0.078382   -1.730358        6.549215       -0.349035    5.635134    1.721529    0.198083    4.694232
    0.343137    0.791682    0.096058    0.002617   -1.495419        6.516189       -0.101465    5.864697    1.812237    0.198083    4.694232
    0.352941    0.787297    0.094274    0.073099   -1.253256        6.350309        0.126819    6.092987    1.901943    0.198083    4.694232
    0.362745    0.783064    0.089498    0.132588   -1.011131        6.069107        0.337439    6.320027    1.990697    0.198083    4.694232
    0.372549    0.779108    0.082242    0.180914   -0.775147        5.690597        0.532358    6.545881    2.078573    0.198083    4.694232
    0.382353    0.775533    0.073016    0.218183   -0.550297        5.231967        0.713693    6.770644    2.165661    0.198083    4.694232
    0.392157    0.772416    0.062324    0.244743   -0.340547        4.708912        0.883600    6.994438    2.252063    0.198083    4.694232
    0.401961    0.769815    0.050645    0.261154   -0.148933        4.135422        1.044192    7.217403    2.337886    0.198083    4.694232
    0.411765    0.767765    0.038430    0.268158    0.022353        3.523803        1.197498    7.439696    2.423244    0.198083    4.694232
    0.421569    0.766280    0.026093    0.266644    0.171879        2.884858        1.345434    7.661478    2.508249    0.198083    4.694232
    0.431373    0.765359    0.014003    0.257610    0.298894        2.228107        1.489801    7.882912    2.593016    0.198083    4.694232
    0.441176    0.764983    0.002481    0.242134    0.403256        1.562029        1.632271    8.104159    2.677654    0.198083    4.694232
    0.450980    0.765118   -0.008202    0.221331    0.485357        0.894277        1.774400    8.325372    2.762268    0.198083    4.694232
    0.460784    0.765722   -0.017827    0.196324    0.546061        0.231860        1.917619    8.546694    2.846958    0.198083    4.694232
    0.470588    0.766740   -0.026225    0.168209    0.586632       -0.418713        2.063240    8.768251    2.931816    0.198083    4.694232
    0.480392    0.768114   -0.033278    0.138030    0.608680       -1.051349        2.212454    8.990155    3.016922    0.198083    4.694232
    0.490196    0.769781   -0.038913    0.106752    0.614098       -1.660326        2.366320    9.212501    3.102350    0.198083    4.694232
    0.500000    0.771673   -0.043100    0.075243    0.605017       -2.240316        2.525764    9.435363    3.188158    0.198083    4.694232
    0.509804    0.773725   -0.045847    0.044255    0.583755       -2.786444        2.691562    9.658796    3.274395    0.198083    4.694232
    0.519608    0.775870   -0.047191    0.014420    0.552772       -3.294407        2.864329    9.882838    3.361093    0.198083    4.694232
    0.529412    0.778046   -0.047199   -0.013766    0.514625       -3.760631        3.044507   10.107507    3.448275    0.198083    4.694232
    0.539216    0.780194   -0.045955   -0.039939    0.471925       -4.182457        3.232345   10.332801    3.535946    0.198083    4.694232
    0.549020    0.782257   -0.043558   -0.063874    0.427287       -4.558339        3.427890   10.558706    3.624099    0.198083    4.694232
    0.558824    0.784185   -0.040112   -0.085475    0.383276       -4.888047        3.630977   10.785189    3.712716    0.198083    4.694232
    0.568627    0.785934   -0.035725   -0.104779    0.342359       -5.172834        3.841221   11.012205    3.801764    0.198083    4.694232
    0.578431    0.787460   -0.030501   -0.121938    0.306841       -5.415574        4.058016   11.239695    3.891200    0.198083    4.694232
    0.588235    0.788729   -0.024531   -0.137216    0.278813       -5.620822        4.280540   11.467591    3.980970    0.198083    4.694232
    0.598039    0.789708   -0.017894   -0.150970    0.260098       -5.794814        4.507763   11.695811    4.071010    0.198083    4.694232
    0.607843    0.790367   -0.010651   -0.163640    0.252197       -5.945372        4.738467   11.924270    4.161249    0.198083    4.694232
    0.617647    0.790679   -0.002841   -0.175726    0.256249       -6.081741        4.971260   12.152869    4.251607    0.198083    4.694232
    0.627451    0.790620    0.005522   -0.187774    0.273002       -6.214338        5.204607   12.381506    4.341996    0.198083    4.694232
    0.637255    0.790162    0.014450   -0.200354    0.302790       -6.354437        5.436852   12.610068    4.432322    0.198083    4.694232
    0.647059    0.789280    0.023981   -0.214041    0.345522       -6.513809        5.666249   12.838438    4.522483    0.198083    4.694232
    0.656863    0.787945    0.034177   -0.229396    0.400692       -6.704314        5.890993   13.066488    4.612371    0.198083    4.694232
    0.666667    0.786124    0.045129   -0.246943    0.467393       -6.937470        6.109250   13.294082    4.701868    0.198083    4.694232
    0.676471    0.783780    0.056948   -0.267156    0.544347       -7.224004        6.319188   13.521075    4.790846    0.198083    4.694232
    0.686275    0.780870    0.069766   -0.290440    0.629941       -7.573404        6.519012   13.747309    4.879168    0.198083    4.694232
    0.696078    0.777346    0.083733   -0.317121    0.722283       -7.993471        6.706999   13.972614    4.966685    0.198083    4.694232
    0.705882    0.773152    0.099011   -0.347429    0.819255       -8.489906        6.881534   14.196805    5.053231    0.198083    4.694232
    0.715686    0.768225    0.115769   -0.381497    0.918584       -9.065931        7.041150   14.419679    5.138627    0.198083    4.694232
    0.725490    0.762495    0.134183   -0.419356    1.017913       -9.721999        7.184565   14.641014    5.222676    0.198083    4.694232
    0.735294    0.755884    0.154426   -0.460931    1.114879      -10.455598        7.310722   14.860567    5.305160    0.198083    4.694232
    0.745098    0.748309    0.176664   -0.506049    1.207195      -11.261204        7.418823   15.078070    5.385845    0.198083    4.694232
    0.754902    0.739677    0.201055   -0.554444    1.292727      -12.130401        7.508357   15.293233    5.464473    0.198083    4.694232
    0.764706    0.729895    0.227742   -0.605767    1.369567      -13.052180        7.579122   15.505735    5.540771    0.198083    4.694232
    0.774510    0.718862    0.256850   -0.659602    1.436093      -14.013422        7.631226   15.715231    5.614447    0.198083    4.694232
    0.784314    0.706478    0.288485   -0.715478    1.491018      -14.999531        7.665081   15.921343    5.685195    0.198083    4.694232
    0.794118    0.692642    0.322729   -0.772889    1.533414      -15.995168        7.681383   16.123667    5.752703    0.198083    4.694232
    0.803922    0.677254    0.359640   -0.831309    1.562724      -16.985025        7.681069   16.321768    5.816656    0.198083    4.694232
    0.813725    0.660217    0.399253   -0.890208    1.578741      -17.954565        7.665274   16.515183    5.876749    0.198083    4.694232
    0.823529    0.641445    0.441578   -0.949067    1.581583      -18.890660        7.635275   16.703422    5.932694    0.198083    4.694232
    0.833333    0.620856    0.486601   -1.007391    1.571638      -19.782080        7.592427   16.885973    5.984234    0.198083    4.694232
    0.843137    0.598382    0.534286   -1.064716    1.549508      -20.619801        7.538112   17.062299    6.031156    0.198083    4.694232
    0.852941    0.573969    0.584579   -1.120619    1.515939      -21.397132        7.473684   17.231847    6.073301    0.198083    4.694232
    0.862745    0.547578    0.637405   -1.174719    1.471762      -22.109672        7.400423   17.394051    6.110583    0.198083    4.694232
    0.872549    0.519190    0.692672   -1.226679    1.417824      -22.755138        7.319499   17.548335    6.142991    0.198083    4.694232
    0.882353    0.488803    0.750275   -1.276200    1.354938      -23.333095        7.231951   17.694120    6.170608    0.198083    4.694232
    0.892157    0.456442    0.810097   -1.323024    1.283827      -23.844637        7.138662   17.830833    6.193604    0.198083    4.694232
    0.901961    0.422150    0.872007   -1.366921    1.205095      -24.292048        7.040360   17.957907    6.212245    0.198083    4.694232
    0.911765    0.385998    0.935865   -1.407685    1.119188      -24.678479        6.937609   18.074795    6.226885    0.198083    4.694232
    0.921569    0.348080    1.001524   -1.445125    1.026377      -25.007651        6.830815   18.180970    6.237954    0.198083    4.694232
    0.931373    0.308514    1.068826   -1.479060    0.926738      -25.283611        6.720235   18.275940    6.245941    0.198083    4.694232
    0.941176    0.267442    1.137606   -1.509302    0.820144      -25.510521        6.605985   18.359247    6.251377    0.198083    4.694232
    0.950980    0.225031    1.207688   -1.535655    0.706255      -25.692509        6.488049   18.430480    6.254804    0.198083    4.694232
    0.960784    0.181466    1.278890   -1.557900    0.584512      -25.833556        6.366301   18.489278    6.256748    0.198083    4.694232
    0.970588    0.136952    1.351017   -1.575787    0.454135      -25.937422        6.240506   18.535336    6.257695    0.198083    4.694232
    0.980392    0.091712    1.423860   -1.589024    0.314119      -26.007611        6.110344   18.568411    6.258053    0.198083    4.694232
    0.990196    0.045980    1.497200   -1.597271    0.163229      -26.047382        5.975422   18.588328    6.258137    0.198083    4.694232
    1.000000    0.000000    1.570796   -1.600121    0.000000      -26.059870        5.835287   18.594979    6.258142    0.198083    4.694232
