           t           r         psi          cs          qs               p             sig           A           V          Q2           S
    0.000000   -0.000000   -1.570796   -1.333542    0.000000        7.232366       -3.891345    0.000000    0.000000    0.093960    4.078565
    0.009804    0.039967   -1.517486   -1.332599   -0.062873        7.232357       -3.891510    0.005022    0.000003    0.093960    4.078565
    0.019608    0.079821   -1.464251   -1.329772   -0.125555        7.232328       -3.891671    0.020073    0.000043    0.093960    4.078565
    0.029412    0.119448   -1.411167   -1.325066   -0.187841        7.232277       -3.891829    0.045111    0.000215    0.093960    4.078565
    0.039216    0.158739   -1.358308   -1.318494   -0.249529        7.232201       -3.891984    0.080065    0.000673    0.093960    4.078565
    0.049020    0.197586   -1.305749   -1.310069   -0.310419        7.232097       -3.892136    0.124837    0.001628    0.093960    4.078565
    0.058824    0.235884   -1.253564   -1.299812   -0.370309        7.231962       -3.892287    0.179302    0.003336    0.093960    4.078565
    0.068627    0.273535   -1.201825   -1.287746   -0.429003        7.231791       -3.892437    0.243309    0.006093    0.093960    4.078565
    0.078431    0.310444   -1.150604   -1.273901   -0.486306        7.231581       -3.892587    0.316685    0.010229    0.093960    4.078565
    0.088235    0.346522   -1.099972   -1.258308   -0.542026        7.231326       -3.892736    0.399231    0.016089    0.093960    4.078565
    0.098039    0.381688   -1.049997   -1.241007   -0.595974        7.231020       -3.892885    0.490728    0.024034    0.093960    4.078565
    0.107843    0.415868   -1.000748   -1.222040   -0.647966        7.230657       -3.893035    0.590938    0.034420    0.093960    4.078565
    0.117647    0.448993   -0.952290   -1.201454   -0.697821        7.230229       -3.893186    0.699604    0.047596    0.093960    4.078565
    0.127451    0.481006   -0.904687   -1.179302   -0.745364        7.229728       -3.893338    0.816454    0.063893    0.093960    4.078565
    0.137255    0.511854   -0.857999   -1.155639   -0.790426        7.229144       -3.893491    0.941201    0.083611    0.093960    4.078565
    0.147059    0.541494   -0.812287   -1.130529   -0.832843        7.228467       -3.893646    1.073548    0.107021    0.093960    4.078565
    0.156863    0.569892   -0.767607   -1.104038   -0.872458        7.227683       -3.893803    1.213186    0.134352    0.093960    4.078565
    0.166667    0.597020   -0.724013   -1.076238   -0.909120        7.226781       -3.893961    1.359800    0.165791    0.093960    4.078565
    0.176471    0.622860   -0.681555   -1.047206   -0.942688        7.225746       -3.894120    1.513068    0.201478    0.093960    4.078565
    0.186275    0.647400   -0.640281   -1.017024   -0.973028        7.224561       -3.894281    1.672665    0.241509    0.093960    4.078565
    0.196078    0.670637   -0.600236   -0.985779   -1.000014        7.223211       -3.894442    1.838263    0.285931    0.093960    4.078565
    0.205882    0.692574   -0.561460   -0.953564   -1.023530        7.221678       -3.894603    2.009536    0.334747    0.093960    4.078565
    0.215686    0.713220   -0.523989   -0.920476   -1.043470        7.219946       -3.894763    2.186158    0.387919    0.093960    4.078565
    0.225490    0.732593   -0.487858   -0.886616   -1.059739        7.217996       -3.894920    2.367807    0.445369    0.093960    4.078565
    0.235294    0.750714   -0.453094   -0.852094   -1.072249        7.215813       -3.895074    2.554165    0.506984    0.093960    4.078565
    0.245098    0.767611   -0.419722   -0.817019   -1.080929        7.213385       -3.895222    2.744922    0.572621    0.093960    4.078565
    0.254902    0.783315   -0.387761   -0.781510   -1.085714        7.210703       -3.895362    2.939773    0.642111    0.093960    4.078565
    0.264706    0.797862   -0.357227   -0.745688   -1.086554        7.207764       -3.895491    3.138423    0.715266    0.093960    4.078565
    0.274510    0.811293   -0.328129   -0.709679   -1.083411        7.204573       -3.895606    3.340588    0.791879    0.093960    4.078565
    0.284314    0.823649   -0.300473   -0.673613   -1.076257        7.201147       -3.895704    3.545990    0.871734    0.093960    4.078565
    0.294118    0.834978   -0.274258   -0.637623   -1.065079        7.197513       -3.895781    3.754367    0.954607    0.093960    4.078565
    0.303922    0.845325   -0.249478   -0.601848   -1.049875        7.193715       -3.895831    3.965466    1.040272    0.093960    4.078565
    0.313725    0.854739   -0.226123   -0.566429   -1.030657        7.189813       -3.895851    4.179046    1.128503    0.093960    4.078565
    0.323529    0.863271   -0.204173   -0.531508   -1.007449        7.185886       -3.895836    4.394880    1.219076    0.093960    4.078565
    0.333333    0.870971   -0.183608   -0.497233   -0.980287        7.182026       -3.895780    4.612751    1.311776    0.093960    4.078565
    0.343137    0.877889   -0.164398   -0.463751   -0.949222        7.178345       -3.895679    4.832458    1.406392    0.093960    4.078565
    0.352941    0.884075   -0.146509   -0.431211   -0.914316        7.174963       -3.895529    5.053810    1.502727    0.093960    4.078565
    0.362745    0.889580   -0.129899   -0.399764   -0.875648        7.172009       -3.895326    5.276629    1.600594    0.093960    4.078565
    0.372549    0.894450   -0.114522   -0.369559   -0.833308        7.169609       -3.895066    5.500751    1.699814    0.093960    4.078565
    0.382353    0.898734   -0.100326   -0.340744   -0.787404        7.167881       -3.894749    5.726022    1.800226    0.093960    4.078565
    0.392157    0.902475   -0.087252   -0.313467   -0.738060        7.166929       -3.894373    5.952300    1.901677    0.093960    4.078565
    0.401961    0.905716   -0.075235   -0.287871   -0.685416        7.166830       -3.893940    6.179454    2.004027    0.093960    4.078565
    0.411765    0.908499   -0.064206   -0.264095   -0.629633        7.167633       -3.893449    6.407364    2.107150    0.093960    4.078565
    0.421569    0.910860   -0.054089   -0.242274   -0.570893        7.169352       -3.892906    6.635919    2.210928    0.093960    4.078565
    0.431373    0.912833   -0.044803   -0.222534   -0.509397        7.171969       -3.892313    6.865018    2.315256    0.093960    4.078565
    0.441176    0.914451   -0.036263   -0.204996   -0.445371        7.175426       -3.891677    7.094568    2.420036    0.093960    4.078565
    0.450980    0.915741   -0.028378   -0.189767   -0.379062        7.179639       -3.891003    7.324482    2.525181    0.093960    4.078565
    0.460784    0.916728   -0.021055   -0.176947   -0.310739        7.184494       -3.890297    7.554682    2.630610    0.093960    4.078565
    0.470588    0.917431   -0.014194   -0.166621   -0.240693        7.189857       -3.889568    7.785094    2.736249    0.093960    4.078565
    0.480392    0.917868   -0.007696   -0.158862   -0.169235        7.195577       -3.888822    8.015649    2.842030    0.093960    4.078565
    0.490196    0.918050   -0.001455   -0.153728   -0.096694        7.201498       -3.888066    8.246282    2.947886    0.093960    4.078565
    0.500000    0.917986    0.004634   -0.151259   -0.023414        7.207458       -3.887309    8.476929    3.053757    0.093960    4.078565
    0.509804    0.917680    0.010677   -0.151482    0.050250        7.213296       -3.886557    8.707529    3.159583    0.093960    4.078565
    0.519608    0.917132    0.016784   -0.154405    0.123931        7.218861       -3.885818    8.938022    3.265303    0.093960    4.078565
    0.529412    0.916336    0.023061   -0.160018    0.197262        7.224011       -3.885099    9.168347    3.370857    0.093960    4.078565
    0.539216    0.915284    0.029616   -0.168295    0.269871        7.228618       -3.884405    9.398440    3.476184    0.093960    4.078565
    0.549020    0.913962    0.036555   -0.179192    0.341391        7.232576       -3.883744    9.628234    3.581217    0.093960    4.078565
    0.558824    0.912355    0.043981   -0.192650    0.411460        7.235795       -3.883120    9.857662    3.685886    0.093960    4.078565
    0.568627    0.910439    0.051995   -0.208592    0.479729        7.238213       -3.882538   10.086647    3.790117    0.093960    4.078565
    0.578431    0.908189    0.060694   -0.226927    0.545861        7.239791       -3.882002   10.315109    3.893828    0.093960    4.078565
    0.588235    0.905577    0.070173   -0.247550    0.609536        7.240518       -3.881517   10.542961    3.996928    0.093960    4.078565
    0.598039    0.902570    0.080520   -0.270344    0.670457        7.240410       -3.881083   10.770109    4.099320    0.093960    4.078565
    0.607843    0.899132    0.091820   -0.295179    0.728344        7.239510       -3.880704   10.996447    4.200895    0.093960    4.078565
    0.617647    0.895224    0.104152   -0.321918    0.782947        7.237880       -3.880379   11.221864    4.301535    0.093960    4.078565
    0.627451    0.890804    0.117588   -0.350415    0.834037        7.235606       -3.880108   11.446235    4.401108    0.093960    4.078565
    0.637255    0.885827    0.132196   -0.380515    0.881413        7.232787       -3.879889   11.669426    4.499475    0.093960    4.078565
    0.647059    0.880247    0.148038   -0.412061    0.924903        7.229529       -3.879722   11.891293    4.596479    0.093960    4.078565
    0.656863    0.874015    0.165167   -0.444892    0.964358        7.225946       -3.879602   12.111676    4.691957    0.093960    4.078565
    0.666667    0.867081    0.183632   -0.478843    0.999656        7.222145       -3.879526   12.330407    4.785728    0.093960    4.078565
    0.676471    0.859395    0.203474   -0.513749    1.030702        7.218231       -3.879491   12.547303    4.877605    0.093960    4.078565
    0.686275    0.850904    0.224728   -0.549446    1.057424        7.214294       -3.879492   12.762167    4.967387    0.093960    4.078565
    0.696078    0.841556    0.247422   -0.585772    1.079771        7.210414       -3.879524   12.974791    5.054867    0.093960    4.078565
    0.705882    0.831301    0.271579   -0.622565    1.097715        7.206657       -3.879585   13.184954    5.139828    0.093960    4.078565
    0.715686    0.820087    0.297214   -0.659667    1.111247        7.203072       -3.879668   13.392422    5.222051    0.093960    4.078565
    0.725490    0.807865    0.324336   -0.696925    1.120376        7.199697       -3.879771   13.596946    5.301315    0.093960    4.078565
    0.735294    0.794586    0.352948   -0.734189    1.125128        7.196555       -3.879890   13.798267    5.377399    0.093960    4.078565
    0.745098    0.780206    0.383049   -0.771314    1.125544        7.193659       -3.880022   13.996116    5.450091    0.093960    4.078565
    0.754902    0.764683    0.414628   -0.808160    1.121679        7.191013       -3.880164   14.190208    5.519185    0.093960    4.078565
    0.764706    0.747977    0.447673   -0.844594    1.113603        7.188615       -3.880313   14.380253    5.584492    0.093960    4.078565
    0.774510    0.730055    0.482165   -0.880486    1.101395        7.186455       -3.880467   14.565948    5.645841    0.093960    4.078565
    0.784314    0.710886    0.518078   -0.915714    1.085149        7.184523       -3.880625   14.746985    5.703087    0.093960    4.078565
    0.794118    0.690445    0.555386   -0.950161    1.064969        7.182802       -3.880785   14.923046    5.756112    0.093960    4.078565
    0.803922    0.668713    0.594053   -0.983715    1.040967        7.181277       -3.880946   15.093810    5.804833    0.093960    4.078565
    0.813725    0.645679    0.634042   -1.016272    1.013266        7.179932       -3.881107   15.258951    5.849204    0.093960    4.078565
    0.823529    0.621337    0.675311   -1.047733    0.981999        7.178750       -3.881268   15.418140    5.889223    0.093960    4.078565
    0.833333    0.595688    0.717815   -1.078002    0.947305        7.177714       -3.881427   15.571050    5.924930    0.093960    4.078565
    0.843137    0.568741    0.761504   -1.106994    0.909333        7.176811       -3.881585   15.717352    5.956412    0.093960    4.078565
    0.852941    0.540513    0.806325   -1.134626    0.868239        7.176026       -3.881742   15.856722    5.983804    0.093960    4.078565
    0.862745    0.511031    0.852223   -1.160821    0.824185        7.175346       -3.881896   15.988842    6.007284    0.093960    4.078565
    0.872549    0.480327    0.899138   -1.185510    0.777339        7.174759       -3.882050   16.113402    6.027078    0.093960    4.078565
    0.882353    0.448445    0.947009   -1.208625    0.727878        7.174256       -3.882202   16.230098    6.043449    0.093960    4.078565
    0.892157    0.415435    0.995772   -1.230108    0.675981        7.173825       -3.882353   16.338641    6.056695    0.093960    4.078565
    0.901961    0.381356    1.045361   -1.249903    0.621834        7.173460       -3.882503   16.438755    6.067143    0.093960    4.078565
    0.911765    0.346274    1.095706   -1.267961    0.565626        7.173152       -3.882652   16.530180    6.075140    0.093960    4.078565
    0.921569    0.310267    1.146738   -1.284236    0.507551        7.172895       -3.882801   16.612673    6.081043    0.093960    4.078565
    0.931373    0.273415    1.198385   -1.298690    0.447808        7.172683       -3.882950   16.686011    6.085210    0.093960    4.078565
    0.941176    0.235808    1.250572   -1.311287    0.386595        7.172510       -3.883100   16.749994    6.087991    0.093960    4.078565
    0.950980    0.197541    1.303226   -1.321996    0.324118        7.172374       -3.883251   16.804444    6.089713    0.093960    4.078565
    0.960784    0.158716    1.356269   -1.330794    0.260580        7.172269       -3.883404   16.849208    6.090676    0.093960    4.078565
    0.970588    0.119438    1.409626   -1.337658    0.196190        7.172192       -3.883559   16.884157    6.091139    0.093960    4.078565
    0.980392    0.079818    1.463218   -1.342573    0.131157        7.172140       -3.883717   16.909194    6.091313    0.093960    4.078565
    0.990196    0.039967    1.516968   -1.345526    0.065690        7.172111       -3.883878   16.924245    6.091353    0.093960    4.078565
    1.000000    0.000000    1.570796   -1.346512    0.000000        7.172102       -3.884042   16.929267    6.091356    0.093960    4.078565
