           t           r         psi          cs          qs               p             sig           A           V          Q2           S
    0.000000   -0.000000   -1.570796    0.576006    0.000000       41.926109        9.907754    0.000000    0.000000    0.138705    7.075087
    0.002488    0.017599   -1.580923    0.574212    0.273033       41.932992        9.257975    0.000973   -0.000000    0.138705    7.075087
    0.004975    0.035197   -1.590987    0.568745    0.555534       41.954338        8.616323    0.003892   -0.000001    0.138705    7.075087
    0.007463    0.052791   -1.600921    0.559465    0.848048       41.990871        7.982399    0.008757   -0.000003    0.138705    7.075087
    0.009950    0.070380   -1.610656    0.546228    1.151024       42.043148        7.355810    0.015568   -0.000011    0.138705    7.075087
    0.012438    0.087962   -1.620123    0.528882    1.464809       42.111619        6.736172    0.024323   -0.000027    0.138705    7.075087
    0.014925    0.105536   -1.629248    0.507271    1.789643       42.196632        6.123112    0.035021   -0.000055    0.138705    7.075087
    0.017413    0.123101   -1.637953    0.481239    2.125654       42.298425        5.516264    0.047663   -0.000100    0.138705    7.075087
    0.019900    0.140656   -1.646160    0.450625    2.472852       42.417120        4.915272    0.062247   -0.000169    0.138705    7.075087
    0.022388    0.158201   -1.653787    0.415272    2.831118       42.552705        4.319792    0.078771   -0.000267    0.138705    7.075087
    0.024876    0.175734   -1.660749    0.375027    3.200200       42.705016        3.729490    0.097235   -0.000401    0.138705    7.075087
    0.027363    0.193258   -1.666958    0.329739    3.579700       42.873716        3.144042    0.117637   -0.000576    0.138705    7.075087
    0.029851    0.210771   -1.672325    0.279268    3.969068       43.058268        2.563137    0.139976   -0.000799    0.138705    7.075087
    0.032338    0.228276   -1.676757    0.223484    4.367591       43.257909        1.986479    0.164252   -0.001076    0.138705    7.075087
    0.034826    0.245774   -1.680160    0.162268    4.774378       43.471612        1.413783    0.190462   -0.001410    0.138705    7.075087
    0.037313    0.263266   -1.682436    0.095518    5.188354       43.698051        0.844780    0.218608   -0.001806    0.138705    7.075087
    0.039801    0.280755   -1.683489    0.023152    5.608242       43.935557        0.279219    0.248687   -0.002264    0.138705    7.075087
    0.042289    0.298243   -1.683218   -0.054890    6.032557       44.182062       -0.283136    0.280701   -0.002785    0.138705    7.075087
    0.044776    0.315733   -1.681523   -0.138646    6.459585       44.435047       -0.842499    0.314648   -0.003366    0.138705    7.075087
    0.047264    0.333228   -1.678304   -0.228120    6.887374       44.691471       -1.399061    0.350530   -0.004001    0.138705    7.075087
    0.049751    0.350730   -1.673460   -0.323288    7.313720       44.947696       -1.952989    0.388347   -0.004680    0.138705    7.075087
    0.052239    0.368243   -1.666892   -0.424087    7.736151       45.199396       -2.504420    0.428100   -0.005390    0.138705    7.075087
    0.054726    0.385768   -1.658500   -0.530414    8.151915       45.441458       -3.053457    0.469790   -0.006112    0.138705    7.075087
    0.057214    0.403308   -1.648190   -0.642123    8.557969       45.667866       -3.600166    0.513418   -0.006822    0.138705    7.075087
    0.059701    0.420862   -1.635867   -0.759020    8.950963       45.871568       -4.144563    0.558988   -0.007491    0.138705    7.075087
    0.062189    0.438432   -1.621444   -0.880858    9.327237       46.044323       -4.686612    0.606499   -0.008082    0.138705    7.075087
    0.064677    0.456016   -1.604834   -1.007336    9.682806       46.176537       -5.226213    0.655954   -0.008551    0.138705    7.075087
    0.067164    0.473610   -1.585961   -1.138089   10.013363       46.257070       -5.763184    0.707354   -0.008846    0.138705    7.075087
    0.069652    0.491209   -1.564752   -1.272693   10.314276       46.273021       -6.297254    0.760700   -0.008906    0.138705    7.075087
    0.072139    0.508806   -1.541143   -1.410654   10.580590       46.209508       -6.828034    0.815992   -0.008660    0.138705    7.075087
    0.074627    0.526389   -1.515081   -1.551406   10.807043       46.049413       -7.355000    0.873229   -0.008029    0.138705    7.075087
    0.077114    0.543945   -1.486522   -1.694312   10.988077       45.773131       -7.877460    0.932409   -0.006922    0.138705    7.075087
    0.079602    0.561457   -1.455434   -1.838655   11.117872       45.358314       -8.394518    0.993529   -0.005239    0.138705    7.075087
    0.082090    0.578903   -1.421798   -1.983639   11.190373       44.779639       -8.905033    1.056581   -0.002871    0.138705    7.075087
    0.084577    0.596257   -1.385612   -2.128386   11.199341       44.008616       -9.407562    1.121558    0.000303    0.138705    7.075087
    0.087065    0.613490   -1.346887   -2.271934   11.138408       43.013486       -9.900302    1.188448    0.004412    0.138705    7.075087
    0.089552    0.630566   -1.305655   -2.413236   11.001158       41.759259      -10.381009    1.257235    0.009591    0.138705    7.075087
    0.092040    0.647445   -1.261963   -2.551160   10.781212       40.207969      -10.846912    1.327900    0.015982    0.138705    7.075087
    0.094527    0.664084   -1.215882   -2.684488   10.472349       38.319254      -11.294608    1.400418    0.023729    0.138705    7.075087
    0.097015    0.680434   -1.167505   -2.811920   10.068641       36.051384      -11.719945    1.474761    0.032977    0.138705    7.075087
    0.099502    0.696442   -1.116947   -2.932075    9.564636       33.362917      -12.117888    1.550893    0.043868    0.138705    7.075087
    0.101990    0.712051   -1.064349   -3.043500    8.955566       30.215155      -12.482381    1.628774    0.056536    0.138705    7.075087
    0.104478    0.727202   -1.009877   -3.144672    8.237614       26.575618      -12.806198    1.708357    0.071103    0.138705    7.075087
    0.106965    0.741836   -0.953727   -3.234020    7.408241       22.422710      -13.080808    1.789587    0.087677    0.138705    7.075087
    0.109453    0.755890   -0.896121   -3.309932    6.466573       17.751686      -13.296262    1.872403    0.106342    0.138705    7.075087
    0.111940    0.769304   -0.837308   -3.370786    5.413862       12.581857      -13.441141    1.956739    0.127159    0.138705    7.075087
    0.114428    0.782019   -0.777569   -3.414978    4.254017        6.964706      -13.502572    2.042520    0.150161    0.138705    7.075087
    0.116915    0.793980   -0.717209   -3.440964    2.994183        0.992139      -13.466394    2.129666    0.175346    0.138705    7.075087
    0.119403    0.805139   -0.656564   -3.447309    1.645332       -5.196410      -13.317478    2.218091    0.202681    0.138705    7.075087
    0.121891    0.815453   -0.595989   -3.432753    0.222804      -11.409907      -13.040282    2.307703    0.232099    0.138705    7.075087
    0.124378    0.824888   -0.535861   -3.396276   -1.253298      -17.406962      -12.619637    2.398408    0.263498    0.138705    7.075087
    0.126866    0.833419   -0.476575   -3.337181   -2.757981      -22.904721      -12.041795    2.490106    0.296748    0.138705    7.075087
    0.129353    0.841032   -0.418529   -3.255172   -4.261637      -27.596975      -11.295654    2.582697    0.331693    0.138705    7.075087
    0.131841    0.847725   -0.362128   -3.150429   -5.730842      -31.181457      -10.374078    2.676079    0.368154    0.138705    7.075087
    0.134328    0.853507   -0.307765   -3.023666   -7.129737      -33.393828       -9.275134    2.770150    0.405942    0.138705    7.075087
    0.136816    0.858397   -0.255818   -2.876165   -8.421954      -34.043228       -8.003020    2.864811    0.444859    0.138705    7.075087
    0.139303    0.862426   -0.206637   -2.709778   -9.572954      -33.042393       -6.568512    2.959965    0.484707    0.138705    7.075087
    0.141791    0.865634   -0.160532   -2.526890  -10.552468      -30.425341       -4.988756    3.055519    0.525296    0.138705    7.075087
    0.144279    0.868070   -0.117772   -2.330336  -11.336727      -26.347850       -3.286390    3.151384    0.566447    0.138705    7.075087
    0.146766    0.869789   -0.078567   -2.123295  -11.910125      -21.070050       -1.488079    3.247479    0.607997    0.138705    7.075087
    0.149254    0.870853   -0.043075   -1.909152  -12.266079      -14.924850        0.377320    3.343727    0.649804    0.138705    7.075087
    0.151741    0.871327   -0.011388   -1.691356  -12.406991       -8.279133        2.280697    3.440059    0.691746    0.138705    7.075087
    0.154229    0.871277    0.016459   -1.473282  -12.343386       -1.495518        4.194456    3.536414    0.733724    0.138705    7.075087
    0.156716    0.870770    0.040488   -1.258108  -12.092439        5.098948        6.093915    3.632738    0.775657    0.138705    7.075087
    0.159204    0.869874    0.060777   -1.048722  -11.676162       11.233582        7.958237    3.728983    0.817486    0.138705    7.075087
    0.161692    0.868653    0.077451   -0.847649  -11.119525       16.703762        9.770875    3.825111    0.859166    0.138705    7.075087
    0.164179    0.867171    0.090675   -0.657022  -10.448731       21.371205       11.519599    3.921089    0.900669    0.138705    7.075087
    0.166667    0.865485    0.100649   -0.478559   -9.689776       25.157605       13.196213    4.016891    0.941976    0.138705    7.075087
    0.169154    0.863652    0.107600   -0.313579   -8.867366       28.034581       14.796075    4.112498    0.983081    0.138705    7.075087
    0.171642    0.861721    0.111772   -0.163018   -8.004176       30.012392       16.317519    4.207897    1.023983    0.138705    7.075087
    0.174129    0.859740    0.113426   -0.027466   -7.120424       31.129100       17.761258    4.303078    1.064686    0.138705    7.075087
    0.176617    0.857750    0.112828    0.092800   -6.233680       31.441170       19.129827    4.398040    1.105198    0.138705    7.075087
    0.179104    0.855789    0.110249    0.197777   -5.358866       31.015882       20.427089    4.492783    1.145532    0.138705    7.075087
    0.181592    0.853887    0.105955    0.287692   -4.508365       29.925592       21.657824    4.587313    1.185699    0.138705    7.075087
    0.184080    0.852075    0.100208    0.362971   -3.692215       28.243619       22.827393    4.681636    1.225712    0.138705    7.075087
    0.186567    0.850373    0.093261    0.424201   -2.918334       26.041483       23.941481    4.775766    1.265587    0.138705    7.075087
    0.189055    0.848802    0.085355    0.472101   -2.192757       23.387185       25.005898    4.869714    1.305335    0.138705    7.075087
    0.191542    0.847377    0.076717    0.507492   -1.519873       20.344260       26.026440    4.963496    1.344972    0.138705    7.075087
    0.194030    0.846108    0.067560    0.531272   -0.902645       16.971368       27.008785    5.057129    1.384509    0.138705    7.075087
    0.196517    0.845002    0.058079    0.544393   -0.342814       13.322259       27.958425    5.150631    1.423961    0.138705    7.075087
    0.199005    0.844065    0.048454    0.547845    0.158914        9.445964       28.880626    5.244020    1.463339    0.138705    7.075087
    0.201493    0.843297    0.038846    0.542633    0.602710        5.387125       29.780399    5.337315    1.502656    0.138705    7.075087
    0.203980    0.842697    0.029399    0.529765    0.989472        1.186392       30.662485    5.430534    1.541925    0.138705    7.075087
    0.206468    0.842261    0.020238    0.510240    1.320701       -3.119162       31.531356    5.523695    1.581155    0.138705    7.075087
    0.208955    0.841983    0.011472    0.485033    1.598385       -7.495629       32.391209    5.616818    1.620360    0.138705    7.075087
    0.211443    0.841854    0.003193    0.455089    1.824911      -11.911891       33.245971    5.709918    1.659549    0.138705    7.075087
    0.213930    0.841867   -0.004525    0.421311    2.002973      -16.339287       34.099305    5.803011    1.698735    0.138705    7.075087
    0.216418    0.842010   -0.011620    0.384559    2.135506      -20.751325       34.954611    5.896114    1.737926    0.138705    7.075087
    0.218905    0.842272   -0.018048    0.345639    2.225626      -25.123450       35.815033    5.989238    1.777133    0.138705    7.075087
    0.221393    0.842641   -0.023778    0.305303    2.276573      -29.432873       36.683459    6.082398    1.816366    0.138705    7.075087
    0.223881    0.843105   -0.028790    0.264244    2.291673      -33.658439       37.562521    6.175604    1.855632    0.138705    7.075087
    0.226368    0.843650   -0.033079    0.223096    2.274302      -37.780562       38.454599    6.268866    1.894940    0.138705    7.075087
    0.228856    0.844265   -0.036646    0.182428    2.227849      -41.781197       39.361814    6.362192    1.934298    0.138705    7.075087
    0.231343    0.844936   -0.039506    0.142749    2.155692      -45.643859       40.286032    6.455590    1.973711    0.138705    7.075087
    0.233831    0.845651   -0.041679    0.104506    2.061178      -49.353673       41.228856    6.549064    2.013184    0.138705    7.075087
    0.236318    0.846398   -0.043195    0.068085    1.947593      -52.897460       42.191626    6.642619    2.052723    0.138705    7.075087
    0.238806    0.847167   -0.044088    0.033809    1.818149      -56.263836       43.175417    6.736258    2.092332    0.138705    7.075087
    0.241294    0.847946   -0.044399    0.001944    1.675960      -59.443321       44.181040    6.829983    2.132011    0.138705    7.075087
    0.243781    0.848726   -0.044172   -0.027298    1.524024      -62.428457       45.209040    6.923794    2.171764    0.138705    7.075087
    0.246269    0.849498   -0.043455   -0.053763    1.365207      -65.213904       46.259700    7.017691    2.211590    0.138705    7.075087
    0.248756    0.850253   -0.042297   -0.077346    1.202220      -67.796524       47.333049    7.111672    2.251489    0.138705    7.075087
    0.251244    0.850984   -0.040749   -0.097991    1.037603      -70.175432       48.428869    7.205736    2.291461    0.138705    7.075087
    0.253731    0.851685   -0.038865   -0.115686    0.873712      -72.352018       49.546705    7.299878    2.331503    0.138705    7.075087
    0.256219    0.852350   -0.036695   -0.130459    0.712695      -74.329916       50.685883    7.394097    2.371612    0.138705    7.075087
    0.258706    0.852975   -0.034289   -0.142378    0.556489      -76.114935       51.845526    7.488386    2.411786    0.138705    7.075087
    0.261194    0.853556   -0.031699   -0.151542    0.406800      -77.714944       53.024573    7.582743    2.452019    0.138705    7.075087
    0.263682    0.854090   -0.028971   -0.158077    0.265100      -79.139704       54.221806    7.677161    2.492309    0.138705    7.075087
    0.266169    0.854575   -0.026149   -0.162136    0.132621      -80.400669       55.435869    7.771635    2.532650    0.138705    7.075087
    0.268657    0.855010   -0.023277   -0.163890    0.010357      -81.510742       56.665299    7.866161    2.573038    0.138705    7.075087
    0.271144    0.855394   -0.020393   -0.163528   -0.100938      -82.484013       57.908552    7.960731    2.613467    0.138705    7.075087
    0.273632    0.855728   -0.017532   -0.161249   -0.200741      -83.335471       59.164026    8.055342    2.653932    0.138705    7.075087
    0.276119    0.856011   -0.014727   -0.157259   -0.288745      -84.080710       60.430093    8.149986    2.694429    0.138705    7.075087
    0.278607    0.856246   -0.012006   -0.151768   -0.364854      -84.735638       61.705119    8.244659    2.734952    0.138705    7.075087
    0.281095    0.856434   -0.009393   -0.144987   -0.429156      -85.316193       62.987492    8.339356    2.775496    0.138705    7.075087
    0.283582    0.856578   -0.006909   -0.137125   -0.481915      -85.838078       64.275641    8.434071    2.816057    0.138705    7.075087
    0.286070    0.856679   -0.004571   -0.128383   -0.523539      -86.316521       65.568056    8.528799    2.856629    0.138705    7.075087
    0.288557    0.856740   -0.002394   -0.118955   -0.554568      -86.766065       66.863303    8.623536    2.897210    0.138705    7.075087
    0.291045    0.856764   -0.000387   -0.109025   -0.575645      -87.200392       68.160040    8.718278    2.937796    0.138705    7.075087
    0.293532    0.856754    0.001442   -0.098764   -0.587496      -87.632177       69.457026    8.813021    2.978382    0.138705    7.075087
    0.296020    0.856714    0.003089   -0.088333   -0.590910      -88.072988       70.753128    8.907761    3.018965    0.138705    7.075087
    0.298507    0.856647    0.004551   -0.077874   -0.586716      -88.533205       72.047330    9.002495    3.059543    0.138705    7.075087
    0.300995    0.856555    0.005830   -0.067518   -0.575767      -89.021984       73.338731    9.097220    3.100114    0.138705    7.075087
    0.303483    0.856442    0.006929   -0.057379   -0.558919      -89.547243       74.626549    9.191933    3.140674    0.138705    7.075087
    0.305970    0.856312    0.007852   -0.047559   -0.537020      -90.115678       75.910118    9.286634    3.181222    0.138705    7.075087
    0.308458    0.856167    0.008605   -0.038141   -0.510894      -90.732791       77.188887    9.381319    3.221758    0.138705    7.075087
    0.310945    0.856010    0.009197   -0.029197   -0.481332      -91.402948       78.462410    9.475987    3.262278    0.138705    7.075087
    0.313433    0.855844    0.009636   -0.020784   -0.449084      -92.129440       79.730346    9.570638    3.302784    0.138705    7.075087
    0.315920    0.855672    0.009932   -0.012947   -0.414848      -92.914563       80.992452    9.665269    3.343273    0.138705    7.075087
    0.318408    0.855495    0.010096   -0.005719   -0.379271      -93.759695       82.248572    9.759882    3.383745    0.138705    7.075087
    0.320896    0.855317    0.010137    0.000880   -0.342939      -94.665389       83.498631    9.854474    3.424200    0.138705    7.075087
    0.323383    0.855139    0.010068    0.006838   -0.306381      -95.631453       84.742630    9.949048    3.464639    0.138705    7.075087
    0.325871    0.854963    0.009900    0.012153   -0.270069      -96.657043       85.980634   10.043601    3.505061    0.138705    7.075087
    0.328358    0.854791    0.009644    0.016829   -0.234411      -97.740748       87.212768   10.138135    3.545467    0.138705    7.075087
    0.330846    0.854624    0.009312    0.020880   -0.199761      -98.880667       88.439205   10.232651    3.585857    0.138705    7.075087
    0.333333    0.854464    0.008913    0.024325   -0.166418     -100.074494       89.660164   10.327148    3.626231    0.138705    7.075087
    0.335821    0.854311    0.008459    0.027186   -0.134630     -101.319581       90.875898   10.421628    3.666591    0.138705    7.075087
    0.338308    0.854166    0.007959    0.029491   -0.104593     -102.613016       92.086691   10.516092    3.706936    0.138705    7.075087
    0.340796    0.854031    0.007424    0.031272   -0.076460     -103.951674       93.292850   10.610540    3.747269    0.138705    7.075087
    0.343284    0.853905    0.006861    0.032562   -0.050345     -105.332281       94.494700   10.704974    3.787590    0.138705    7.075087
    0.345771    0.853790    0.006280    0.033396   -0.026322     -106.751461       95.692580   10.799394    3.827899    0.138705    7.075087
    0.348259    0.853684    0.005688    0.033812   -0.004432     -108.205781       96.886833   10.893802    3.868198    0.138705    7.075087
    0.350746    0.853589    0.005092    0.033848    0.015313     -109.691794       98.077812   10.988199    3.908488    0.138705    7.075087
    0.353234    0.853505    0.004499    0.033539    0.032928     -111.206070       99.265864   11.082586    3.948769    0.138705    7.075087
    0.355721    0.853431    0.003914    0.032924    0.048449     -112.745232      100.451335   11.176964    3.989044    0.138705    7.075087
    0.358209    0.853367    0.003342    0.032040    0.061933     -114.305978      101.634565   11.271335    4.029311    0.138705    7.075087
    0.360697    0.853313    0.002787    0.030922    0.073452     -115.885108      102.815884   11.365699    4.069573    0.138705    7.075087
    0.363184    0.853269    0.002254    0.029604    0.083091     -117.479540      103.995611   11.460058    4.109831    0.138705    7.075087
    0.365672    0.853234    0.001746    0.028120    0.090948     -119.086329      105.174051   11.554413    4.150085    0.138705    7.075087
    0.368159    0.853207    0.001265    0.026499    0.097125     -120.702680      106.351495   11.648764    4.190336    0.138705    7.075087
    0.370647    0.853189    0.000814    0.024773    0.101735     -122.325955      107.528216   11.743112    4.230585    0.138705    7.075087
    0.373134    0.853178    0.000394    0.022967    0.104892     -123.953689      108.704473   11.837459    4.270832    0.138705    7.075087
    0.375622    0.853175    0.000006    0.021108    0.106713     -125.583585      109.880503   11.931805    4.311079    0.138705    7.075087
    0.378109    0.853178   -0.000349    0.019219    0.107317     -127.213529      111.056529   12.026151    4.351326    0.138705    7.075087
    0.380597    0.853187   -0.000671    0.017320    0.106823     -128.841584      112.232752   12.120498    4.391574    0.138705    7.075087
    0.383085    0.853201   -0.000959    0.015432    0.105346     -130.465995      113.409356   12.214846    4.431822    0.138705    7.075087
    0.385572    0.853221   -0.001214    0.013571    0.103001     -132.085185      114.586503   12.309196    4.472073    0.138705    7.075087
    0.388060    0.853244   -0.001437    0.011752    0.099897     -133.697757      115.764340   12.403549    4.512325    0.138705    7.075087
    0.390547    0.853271   -0.001628    0.009988    0.096141     -135.302485      116.942995   12.497904    4.552579    0.138705    7.075087
    0.393035    0.853301   -0.001789    0.008292    0.091835     -136.898313      118.122577   12.592262    4.592837    0.138705    7.075087
    0.395522    0.853334   -0.001920    0.006672    0.087076     -138.484347      119.303178   12.686624    4.633097    0.138705    7.075087
    0.398010    0.853369   -0.002024    0.005136    0.081952     -140.059852      120.484875   12.780989    4.673360    0.138705    7.075087
    0.400498    0.853405   -0.002101    0.003690    0.076550     -141.624241      121.667727   12.875359    4.713627    0.138705    7.075087
    0.402985    0.853442   -0.002154    0.002341    0.070949     -143.177069      122.851781   12.969732    4.753897    0.138705    7.075087
    0.405473    0.853481   -0.002184    0.001090    0.065220     -144.718028      124.037067   13.064110    4.794171    0.138705    7.075087
    0.407960    0.853519   -0.002193   -0.000060    0.059431     -146.246930      125.223604   13.158492    4.834448    0.138705    7.075087
    0.410448    0.853558   -0.002183   -0.001108    0.053640     -147.763706      126.411398   13.252878    4.874729    0.138705    7.075087
    0.412935    0.853596   -0.002155   -0.002054    0.047904     -149.268395      127.600445   13.347269    4.915014    0.138705    7.075087
    0.415423    0.853633   -0.002111   -0.002899    0.042268     -150.761132      128.790730   13.441663    4.955302    0.138705    7.075087
    0.417910    0.853670   -0.002054   -0.003644    0.036776     -152.242140      129.982228   13.536062    4.995594    0.138705    7.075087
    0.420398    0.853706   -0.001984   -0.004293    0.031465     -153.711721      131.174908   13.630465    5.035889    0.138705    7.075087
    0.422886    0.853740   -0.001903   -0.004848    0.026365     -155.170249      132.368729   13.724872    5.076188    0.138705    7.075087
    0.425373    0.853773   -0.001813   -0.005314    0.021502     -156.618157      133.563648   13.819282    5.116489    0.138705    7.075087
    0.427861    0.853804   -0.001716   -0.005694    0.016899     -158.055931      134.759613   13.913696    5.156794    0.138705    7.075087
    0.430348    0.853833   -0.001613   -0.005993    0.012571     -159.484099      135.956569   14.008113    5.197101    0.138705    7.075087
    0.432836    0.853860   -0.001506   -0.006215    0.008531     -160.903226      137.154457   14.102533    5.237412    0.138705    7.075087
    0.435323    0.853886   -0.001395   -0.006367    0.004788     -162.313905      138.353215   14.196957    5.277724    0.138705    7.075087
    0.437811    0.853909   -0.001282   -0.006453    0.001347     -163.716749      139.552781   14.291383    5.318039    0.138705    7.075087
    0.440299    0.853931   -0.001168   -0.006478   -0.001790     -165.112385      140.753089   14.385811    5.358356    0.138705    7.075087
    0.442786    0.853951   -0.001054   -0.006448   -0.004626     -166.501446      141.954073   14.480242    5.398676    0.138705    7.075087
    0.445274    0.853968   -0.000942   -0.006367   -0.007162     -167.884567      143.155669   14.574675    5.438996    0.138705    7.075087
    0.447761    0.853984   -0.000831   -0.006242   -0.009406     -169.262380      144.357810   14.669109    5.479319    0.138705    7.075087
    0.450249    0.853997   -0.000722   -0.006078   -0.011366     -170.635508      145.560433   14.763546    5.519643    0.138705    7.075087
    0.452736    0.854009   -0.000617   -0.005879   -0.013052     -172.004558      146.763476   14.857983    5.559968    0.138705    7.075087
    0.455224    0.854019   -0.000515   -0.005650   -0.014474     -173.370124      147.966876   14.952422    5.600294    0.138705    7.075087
    0.457711    0.854027   -0.000418   -0.005395   -0.015646     -174.732777      149.170576   15.046862    5.640621    0.138705    7.075087
    0.460199    0.854034   -0.000326   -0.005120   -0.016581     -176.093065      150.374519   15.141303    5.680948    0.138705    7.075087
    0.462687    0.854039   -0.000238   -0.004829   -0.017294     -177.451510      151.578651   15.235744    5.721277    0.138705    7.075087
    0.465174    0.854042   -0.000156   -0.004524   -0.017798     -178.808607      152.782922   15.330186    5.761605    0.138705    7.075087
    0.467662    0.854044   -0.000079   -0.004211   -0.018110     -180.164822      153.987283   15.424628    5.801934    0.138705    7.075087
    0.470149    0.854045   -0.000008   -0.003892   -0.018245     -181.520587      155.191690   15.519070    5.842263    0.138705    7.075087
    0.472637    0.854045    0.000058   -0.003570   -0.018217     -182.876308      156.396102   15.613512    5.882592    0.138705    7.075087
    0.475124    0.854043    0.000118   -0.003249   -0.018043     -184.232354      157.600481   15.707954    5.922921    0.138705    7.075087
    0.477612    0.854041    0.000172   -0.002930   -0.017737     -185.589066      158.804791   15.802396    5.963249    0.138705    7.075087
    0.480100    0.854037    0.000221   -0.002617   -0.017314     -186.946750      160.009001   15.896838    6.003578    0.138705    7.075087
    0.482587    0.854033    0.000265   -0.002311   -0.016788     -188.305683      161.213083   15.991279    6.043906    0.138705    7.075087
    0.485075    0.854028    0.000303   -0.002014   -0.016173     -189.666109      162.417012   16.085720    6.084233    0.138705    7.075087
    0.487562    0.854022    0.000336   -0.001727   -0.015481     -191.028242      163.620765   16.180160    6.124560    0.138705    7.075087
    0.490050    0.854016    0.000364   -0.001453   -0.014724     -192.392269      164.824324   16.274599    6.164887    0.138705    7.075087
    0.492537    0.854009    0.000387   -0.001192   -0.013916     -193.758347      166.027672   16.369038    6.205213    0.138705    7.075087
    0.495025    0.854002    0.000406   -0.000945   -0.013066     -195.126607      167.230795   16.463476    6.245538    0.138705    7.075087
    0.497512    0.853995    0.000420   -0.000713   -0.012184     -196.497154      168.433684   16.557913    6.285863    0.138705    7.075087
    0.500000    0.853988    0.000431   -0.000496   -0.011281     -197.870070      169.636329   16.652349    6.326187    0.138705    7.075087
    0.502488    0.853980    0.000438   -0.000295   -0.010364     -199.245414      170.838725   16.746785    6.366510    0.138705    7.075087
    0.504975    0.853972    0.000441   -0.000110   -0.009442     -200.623225      172.040866   16.841219    6.406832    0.138705    7.075087
    0.507463    0.853964    0.000442    0.000059   -0.008521     -202.003522      173.242752   16.935653    6.447154    0.138705    7.075087
    0.509950    0.853957    0.000439    0.000211   -0.007609     -203.386306      174.444383   17.030086    6.487475    0.138705    7.075087
    0.512438    0.853949    0.000434    0.000348   -0.006709     -204.771564      175.645758   17.124518    6.527795    0.138705    7.075087
    0.514925    0.853941    0.000427    0.000469   -0.005829     -206.159267      176.846883   17.218949    6.568115    0.138705    7.075087
    0.517413    0.853934    0.000418    0.000574   -0.004971     -207.549373      178.047760   17.313380    6.608434    0.138705    7.075087
    0.519900    0.853927    0.000407    0.000664   -0.004140     -208.941831      179.248395   17.407809    6.648752    0.138705    7.075087
    0.522388    0.853920    0.000395    0.000739   -0.003337     -210.336578      180.448794   17.502238    6.689069    0.138705    7.075087
    0.524876    0.853913    0.000381    0.000801   -0.002567     -211.733544      181.648965   17.596666    6.729386    0.138705    7.075087
    0.527363    0.853906    0.000367    0.000848   -0.001830     -213.132653      182.848915   17.691093    6.769702    0.138705    7.075087
    0.529851    0.853900    0.000351    0.000883   -0.001128     -214.533822      184.048653   17.785520    6.810018    0.138705    7.075087
    0.532338    0.853894    0.000336    0.000905   -0.000462     -215.936965      185.248188   17.879946    6.850333    0.138705    7.075087
    0.534826    0.853888    0.000319    0.000916    0.000168     -217.341993      186.447529   17.974371    6.890647    0.138705    7.075087
    0.537313    0.853883    0.000303    0.000915    0.000762     -218.748816      187.646685   18.068796    6.930961    0.138705    7.075087
    0.539801    0.853877    0.000287    0.000904    0.001321     -220.157342      188.845665   18.163220    6.971275    0.138705    7.075087
    0.542289    0.853873    0.000272    0.000883    0.001844     -221.567482      190.044480   18.257643    7.011587    0.138705    7.075087
    0.544776    0.853868    0.000256    0.000852    0.002334     -222.979147      191.243137   18.352066    7.051900    0.138705    7.075087
    0.547264    0.853864    0.000242    0.000813    0.002792     -224.392251      192.441645   18.446488    7.092212    0.138705    7.075087
    0.549751    0.853859    0.000228    0.000766    0.003218     -225.806712      193.640014   18.540910    7.132524    0.138705    7.075087
    0.552239    0.853856    0.000215    0.000711    0.003616     -227.222451      194.838252   18.635332    7.172835    0.138705    7.075087
    0.554726    0.853852    0.000203    0.000649    0.003987     -228.639395      196.036365   18.729753    7.213146    0.138705    7.075087
    0.557214    0.853848    0.000192    0.000580    0.004333     -230.057477      197.234361   18.824174    7.253456    0.138705    7.075087
    0.559701    0.853845    0.000182    0.000506    0.004657     -231.476636      198.432246   18.918594    7.293767    0.138705    7.075087
    0.562189    0.853842    0.000174    0.000425    0.004962     -232.896818      199.630025   19.013014    7.334077    0.138705    7.075087
    0.564677    0.853839    0.000167    0.000340    0.005250     -234.317978      200.827703   19.107434    7.374386    0.138705    7.075087
    0.567164    0.853836    0.000162    0.000249    0.005524     -235.740077      202.025285   19.201853    7.414696    0.138705    7.075087
    0.569652    0.853833    0.000159    0.000153    0.005786     -237.163086      203.222773   19.296272    7.455005    0.138705    7.075087
    0.572139    0.853830    0.000157    0.000053    0.006041     -238.586985      204.420169   19.390691    7.495313    0.138705    7.075087
    0.574627    0.853828    0.000157   -0.000052    0.006291     -240.011765      205.617475   19.485109    7.535622    0.138705    7.075087
    0.577114    0.853825    0.000159   -0.000161    0.006540     -241.437424      206.814689   19.579527    7.575930    0.138705    7.075087
    0.579602    0.853822    0.000163   -0.000274    0.006789     -242.863974      208.011812   19.673945    7.616238    0.138705    7.075087
    0.582090    0.853819    0.000168   -0.000392    0.007044     -244.291435      209.208841   19.768362    7.656546    0.138705    7.075087
    0.584577    0.853816    0.000176   -0.000514    0.007307     -245.719841      210.405772   19.862779    7.696854    0.138705    7.075087
    0.587065    0.853813    0.000187   -0.000641    0.007582     -247.149235      211.602602   19.957196    7.737161    0.138705    7.075087
    0.589552    0.853810    0.000199   -0.000772    0.007871     -248.579675      212.799324   20.051613    7.777468    0.138705    7.075087
    0.592040    0.853806    0.000214   -0.000908    0.008180     -250.011231      213.995930   20.146029    7.817774    0.138705    7.075087
    0.594527    0.853802    0.000231   -0.001050    0.008511     -251.443984      215.192413   20.240444    7.858081    0.138705    7.075087
    0.597015    0.853798    0.000251   -0.001197    0.008867     -252.878031      216.388763   20.334859    7.898386    0.138705    7.075087
    0.599502    0.853793    0.000273   -0.001350    0.009254     -254.313483      217.584967   20.429274    7.938692    0.138705    7.075087
    0.601990    0.853788    0.000298   -0.001510    0.009674     -255.750464      218.781014   20.523688    7.978997    0.138705    7.075087
    0.604478    0.853783    0.000326   -0.001676    0.010131     -257.189116      219.976889   20.618102    8.019301    0.138705    7.075087
    0.606965    0.853777    0.000357   -0.001851    0.010630     -258.629594      221.172575   20.712515    8.059605    0.138705    7.075087
    0.609453    0.853770    0.000392   -0.002034    0.011175     -260.072071      222.368054   20.806927    8.099908    0.138705    7.075087
    0.611940    0.853763    0.000429   -0.002226    0.011770     -261.516739      223.563308   20.901338    8.140211    0.138705    7.075087
    0.614428    0.853755    0.000470   -0.002427    0.012420     -262.963806      224.758314   20.995749    8.180513    0.138705    7.075087
    0.616915    0.853746    0.000514   -0.002640    0.013129     -264.413499      225.953049   21.090159    8.220814    0.138705    7.075087
    0.619403    0.853737    0.000563   -0.002865    0.013901     -265.866068      227.147486   21.184567    8.261115    0.138705    7.075087
    0.621891    0.853726    0.000615   -0.003103    0.014743     -267.321781      228.341599   21.278975    8.301414    0.138705    7.075087
    0.624378    0.853715    0.000672   -0.003355    0.015659     -268.780930      229.535358   21.373381    8.341712    0.138705    7.075087
    0.626866    0.853703    0.000734   -0.003622    0.016655     -270.243831      230.728728   21.467787    8.382010    0.138705    7.075087
    0.629353    0.853689    0.000800   -0.003906    0.017736     -271.710823      231.921676   21.562190    8.422306    0.138705    7.075087
    0.631841    0.853675    0.000871   -0.004208    0.018908     -273.182273      233.114162   21.656592    8.462600    0.138705    7.075087
    0.634328    0.853659    0.000948   -0.004530    0.020179     -274.658578      234.306147   21.750993    8.502893    0.138705    7.075087
    0.636816    0.853641    0.001031   -0.004874    0.021554     -276.140160      235.497586   21.845391    8.543185    0.138705    7.075087
    0.639303    0.853622    0.001120   -0.005240    0.023041     -277.627476      236.688432   21.939788    8.583475    0.138705    7.075087
    0.641791    0.853602    0.001215   -0.005632    0.024647     -279.121017      237.878634   22.034182    8.623763    0.138705    7.075087
    0.644279    0.853579    0.001318   -0.006050    0.026380     -280.621307      239.068136   22.128574    8.664049    0.138705    7.075087
    0.646766    0.853555    0.001429   -0.006497    0.028248     -282.128912      240.256881   22.222964    8.704333    0.138705    7.075087
    0.649254    0.853529    0.001547   -0.006976    0.030261     -283.644435      241.444806   22.317350    8.744615    0.138705    7.075087
    0.651741    0.853501    0.001674   -0.007489    0.032427     -285.168523      242.631842   22.411734    8.784893    0.138705    7.075087
    0.654229    0.853470    0.001811   -0.008038    0.034757     -286.701871      243.817918   22.506115    8.825169    0.138705    7.075087
    0.656716    0.853437    0.001957   -0.008627    0.037261     -288.245221      245.002956   22.600491    8.865443    0.138705    7.075087
    0.659204    0.853401    0.002115   -0.009257    0.039950     -289.799367      246.186873   22.694864    8.905712    0.138705    7.075087
    0.661692    0.853362    0.002284   -0.009932    0.042836     -291.365161      247.369579   22.789233    8.945979    0.138705    7.075087
    0.664179    0.853321    0.002465   -0.010656    0.045932     -292.943510      248.550980   22.883598    8.986241    0.138705    7.075087
    0.666667    0.853276    0.002659   -0.011432    0.049250     -294.535387      249.730973   22.977958    9.026500    0.138705    7.075087
    0.669154    0.853227    0.002867   -0.012264    0.052805     -296.141832      250.909448   23.072312    9.066753    0.138705    7.075087
    0.671642    0.853175    0.003091   -0.013155    0.056612     -297.763953      252.086289   23.166661    9.107003    0.138705    7.075087
    0.674129    0.853118    0.003331   -0.014110    0.060686     -299.402938      253.261371   23.261004    9.147247    0.138705    7.075087
    0.676617    0.853057    0.003588   -0.015134    0.065043     -301.060052      254.434558   23.355340    9.187485    0.138705    7.075087
    0.679104    0.852992    0.003864   -0.016230    0.069701     -302.736644      255.605709   23.449670    9.227717    0.138705    7.075087
    0.681592    0.852921    0.004160   -0.017405    0.074678     -304.434156      256.774669   23.543992    9.267943    0.138705    7.075087
    0.684080    0.852845    0.004477   -0.018662    0.079993     -306.154123      257.941276   23.638306    9.308162    0.138705    7.075087
    0.686567    0.852763    0.004817   -0.020009    0.085667     -307.898181      259.105353   23.732611    9.348374    0.138705    7.075087
    0.689055    0.852675    0.005182   -0.021451    0.091721     -309.668072      260.266713   23.826907    9.388577    0.138705    7.075087
    0.691542    0.852581    0.005573   -0.022993    0.098176     -311.465650      261.425158   23.921192    9.428772    0.138705    7.075087
    0.694030    0.852479    0.005992   -0.024644    0.105056     -313.292886      262.580474   24.015467    9.468957    0.138705    7.075087
    0.696517    0.852370    0.006441   -0.026410    0.112386     -315.151875      263.732434   24.109730    9.509133    0.138705    7.075087
    0.699005    0.852252    0.006922   -0.028297    0.120189     -317.044842      264.880795   24.203981    9.549297    0.138705    7.075087
    0.701493    0.852126    0.007438   -0.030316    0.128493     -318.974146      266.025300   24.298218    9.589450    0.138705    7.075087
    0.703980    0.851990    0.007990   -0.032472    0.137324     -320.942287      267.165672   24.392440    9.629591    0.138705    7.075087
    0.706468    0.851844    0.008582   -0.034776    0.146711     -322.951914      268.301619   24.486647    9.669718    0.138705    7.075087
    0.708955    0.851688    0.009215   -0.037235    0.156681     -325.005827      269.432830   24.580838    9.709830    0.138705    7.075087
    0.711443    0.851520    0.009893   -0.039861    0.167265     -327.106985      270.558973   24.675010    9.749927    0.138705    7.075087
    0.713930    0.851339    0.010619   -0.042662    0.178493     -329.258509      271.679697   24.769163    9.790007    0.138705    7.075087
    0.716418    0.851146    0.011396   -0.045650    0.190395     -331.463688      272.794628   24.863296    9.830070    0.138705    7.075087
    0.718905    0.850938    0.012227   -0.048836    0.203003     -333.725981      273.903370   24.957406    9.870113    0.138705    7.075087
    0.721393    0.850715    0.013116   -0.052230    0.216348     -336.049023      275.005504   25.051493    9.910136    0.138705    7.075087
    0.723881    0.850476    0.014067   -0.055846    0.230462     -338.436625      276.100584   25.145554    9.950136    0.138705    7.075087
    0.726368    0.850220    0.015083   -0.059695    0.245375     -340.892775      277.188143   25.239587    9.990112    0.138705    7.075087
    0.728856    0.849945    0.016170   -0.063790    0.261119     -343.421640      278.267683   25.333591   10.030063    0.138705    7.075087
    0.731343    0.849650    0.017330   -0.068145    0.277724     -346.027560      279.338681   25.427564   10.069986    0.138705    7.075087
    0.733831    0.849334    0.018570   -0.072775    0.295219     -348.715050      280.400586   25.521503   10.109880    0.138705    7.075087
    0.736318    0.848996    0.019894   -0.077692    0.313632     -351.488791      281.452818   25.615406   10.149743    0.138705    7.075087
    0.738806    0.848633    0.021307   -0.082912    0.332990     -354.353625      282.494766   25.709270   10.189571    0.138705    7.075087
    0.741294    0.848245    0.022814   -0.088450    0.353315     -357.314540      283.525792   25.803093   10.229363    0.138705    7.075087
    0.743781    0.847830    0.024422   -0.094322    0.374629     -360.376665      284.545224   25.896871   10.269115    0.138705    7.075087
    0.746269    0.847385    0.026136   -0.100542    0.396950     -363.545248      285.552364   25.990601   10.308826    0.138705    7.075087
    0.748756    0.846909    0.027963   -0.107128    0.420293     -366.825636      286.546479   26.084281   10.348492    0.138705    7.075087
    0.751244    0.846400    0.029909   -0.114095    0.444667     -370.223258      287.526809   26.177907   10.388110    0.138705    7.075087
    0.753731    0.845856    0.031981   -0.121459    0.470077     -373.743593      288.492562   26.271474   10.427676    0.138705    7.075087
    0.756219    0.845274    0.034187   -0.129236    0.496523     -377.392141      289.442919   26.364979   10.467187    0.138705    7.075087
    0.758706    0.844652    0.036533   -0.137442    0.523997     -381.174387      290.377030   26.458417   10.506638    0.138705    7.075087
    0.761194    0.843987    0.039027   -0.146094    0.552485     -385.095760      291.294021   26.551784   10.546026    0.138705    7.075087
    0.763682    0.843278    0.041678   -0.155206    0.581967     -389.161589      292.192991   26.645075   10.585346    0.138705    7.075087
    0.766169    0.842520    0.044493   -0.164793    0.612411     -393.377056      293.073018   26.738286   10.624593    0.138705    7.075087
    0.768657    0.841711    0.047482   -0.174870    0.643779     -397.747136      293.933158   26.831409   10.663762    0.138705    7.075087
    0.771144    0.840848    0.050652   -0.185450    0.676023     -402.276541      294.772451   26.924440   10.702848    0.138705    7.075087
    0.773632    0.839928    0.054012   -0.196545    0.709083     -406.969657      295.589921   27.017373   10.741844    0.138705    7.075087
    0.776119    0.838947    0.057573   -0.208167    0.742890     -411.830476      296.384585   27.110200   10.780746    0.138705    7.075087
    0.778607    0.837901    0.061343   -0.220327    0.777364     -416.862525      297.155451   27.202916   10.819545    0.138705    7.075087
    0.781095    0.836788    0.065332   -0.233033    0.812413     -422.068790      297.901530   27.295512   10.858235    0.138705    7.075087
    0.783582    0.835602    0.069549   -0.246291    0.847934     -427.451643      298.621834   27.387981   10.896808    0.138705    7.075087
    0.786070    0.834340    0.074004   -0.260107    0.883811     -433.012766      299.315387   27.480315   10.935257    0.138705    7.075087
    0.788557    0.832998    0.078708   -0.274484    0.919920     -438.753069      299.981230   27.572504   10.973573    0.138705    7.075087
    0.791045    0.831571    0.083669   -0.289423    0.956122     -444.672621      300.618428   27.664541   11.011748    0.138705    7.075087
    0.793532    0.830055    0.088898   -0.304923    0.992271     -450.770577      301.226074   27.756415   11.049771    0.138705    7.075087
    0.796020    0.828444    0.094406   -0.320979    1.028209     -457.045109      301.803301   27.848116   11.087634    0.138705    7.075087
    0.798507    0.826735    0.100200   -0.337585    1.063772     -463.493345      302.349283   27.939634   11.125325    0.138705    7.075087
    0.800995    0.824921    0.106291   -0.354732    1.098787     -470.111321      302.863252   28.030957   11.162833    0.138705    7.075087
    0.803483    0.822999    0.112689   -0.372406    1.133075     -476.893935      303.344494   28.122073   11.200147    0.138705    7.075087
    0.805970    0.820961    0.119403   -0.390594    1.166455     -483.834919      303.792367   28.212971   11.237254    0.138705    7.075087
    0.808458    0.818804    0.126441   -0.409276    1.198741     -490.926819      304.206300   28.303637   11.274142    0.138705    7.075087
    0.810945    0.816521    0.133812   -0.428432    1.229749     -498.160999      304.585804   28.394057   11.310796    0.138705    7.075087
    0.813433    0.814106    0.141524   -0.448038    1.259296     -505.527650      304.930479   28.484217   11.347204    0.138705    7.075087
    0.815920    0.811554    0.149585   -0.468065    1.287205     -513.015824      305.240016   28.574103   11.383349    0.138705    7.075087
    0.818408    0.808858    0.158002   -0.488486    1.313303     -520.613481      305.514203   28.663699   11.419217    0.138705    7.075087
    0.820896    0.806013    0.166782   -0.509267    1.337429     -528.307560      305.752934   28.752988   11.454791    0.138705    7.075087
    0.823383    0.803013    0.175930   -0.530373    1.359432     -536.084059      305.956202   28.841955   11.490055    0.138705    7.075087
    0.825871    0.799850    0.185452   -0.551768    1.379174     -543.928137      306.124113   28.930580   11.524991    0.138705    7.075087
    0.828358    0.796520    0.195353   -0.573412    1.396534     -551.824229      306.256876   29.018847   11.559582    0.138705    7.075087
    0.830846    0.793016    0.205637   -0.595265    1.411407     -559.756178      306.354810   29.106736   11.593809    0.138705    7.075087
    0.833333    0.789331    0.216307   -0.617285    1.423708     -567.707373      306.418340   29.194227   11.627653    0.138705    7.075087
    0.835821    0.785459    0.227366   -0.639429    1.433372     -575.660900      306.447993   29.281301   11.661094    0.138705    7.075087
    0.838308    0.781394    0.238815   -0.661654    1.440355     -583.599698      306.444398   29.367936   11.694113    0.138705    7.075087
    0.840796    0.777130    0.250656   -0.683915    1.444635     -591.506715      306.408276   29.454110   11.726690    0.138705    7.075087
    0.843284    0.772661    0.262889   -0.706168    1.446212     -599.365068      306.340438   29.539802   11.758804    0.138705    7.075087
    0.845771    0.767981    0.275513   -0.728371    1.445108     -607.158198      306.241779   29.624988   11.790433    0.138705    7.075087
    0.848259    0.763084    0.288526   -0.750480    1.441365     -614.870020      306.113266   29.709644   11.821558    0.138705    7.075087
    0.850746    0.757964    0.301928   -0.772454    1.435047     -622.485058      305.955932   29.793747   11.852156    0.138705    7.075087
    0.853234    0.752615    0.315715   -0.794252    1.426235     -629.988577      305.770868   29.877271   11.882207    0.138705    7.075087
    0.855721    0.747033    0.329884   -0.815836    1.415030     -637.366695      305.559215   29.960190   11.911690    0.138705    7.075087
    0.858209    0.741211    0.344431   -0.837170    1.401546     -644.606485      305.322150   30.042479   11.940584    0.138705    7.075087
    0.860697    0.735145    0.359350   -0.858220    1.385915     -651.696051      305.060882   30.124111   11.968869    0.138705    7.075087
    0.863184    0.728831    0.374638   -0.878953    1.368276     -658.624599      304.776638   30.205058   11.996523    0.138705    7.075087
    0.865672    0.722263    0.390287   -0.899340    1.348781     -665.382480      304.470656   30.285293   12.023529    0.138705    7.075087
    0.868159    0.715438    0.406292   -0.919355    1.327588     -671.961221      304.144179   30.364788   12.049866    0.138705    7.075087
    0.870647    0.708351    0.422646   -0.938974    1.304861     -678.353537      303.798442   30.443513   12.075517    0.138705    7.075087
    0.873134    0.700999    0.439341   -0.958175    1.280768     -684.553327      303.434664   30.521440   12.100464    0.138705    7.075087
    0.875622    0.693378    0.456370   -0.976941    1.255474     -690.555657      303.054048   30.598539   12.124691    0.138705    7.075087
    0.878109    0.685486    0.473726   -0.995255    1.229149     -696.356727      302.657765   30.674781   12.148183    0.138705    7.075087
    0.880597    0.677319    0.491400   -1.013106    1.201956     -701.953830      302.246955   30.750134   12.170926    0.138705    7.075087
    0.883085    0.668876    0.509384   -1.030483    1.174057     -707.345297      301.822719   30.824569   12.192907    0.138705    7.075087
    0.885572    0.660154    0.527670   -1.047379    1.145605     -712.530436      301.386114   30.898056   12.214115    0.138705    7.075087
    0.888060    0.651152    0.546248   -1.063789    1.116750     -717.509467      300.938153   30.970562   12.234541    0.138705    7.075087
    0.890547    0.641868    0.565111   -1.079710    1.087631     -722.283447      300.479798   31.042057   12.254177    0.138705    7.075087
    0.893035    0.632302    0.584251   -1.095142    1.058383     -726.854199      300.011959   31.112510   12.273016    0.138705    7.075087
    0.895522    0.622453    0.603657   -1.110086    1.029127     -731.224233      299.535494   31.181889   12.291053    0.138705    7.075087
    0.898010    0.612321    0.623322   -1.124546    0.999978     -735.396671      299.051203   31.250164   12.308288    0.138705    7.075087
    0.900498    0.601906    0.643238   -1.138526    0.971041     -739.375171      298.559835   31.317302   12.324718    0.138705    7.075087
    0.902985    0.591209    0.663395   -1.152034    0.942410     -743.163856      298.062082   31.383274   12.340345    0.138705    7.075087
    0.905473    0.580230    0.683786   -1.165078    0.914171     -746.767242      297.558579   31.448046   12.355173    0.138705    7.075087
    0.907960    0.568972    0.704402   -1.177666    0.886399     -750.190171      297.049909   31.511590   12.369207    0.138705    7.075087
    0.910448    0.557437    0.725236   -1.189808    0.859162     -753.437750      296.536600   31.573873   12.382455    0.138705    7.075087
    0.912935    0.545625    0.746280   -1.201517    0.832516     -756.515292      296.019129   31.634865   12.394925    0.138705    7.075087
    0.915423    0.533540    0.767527   -1.212804    0.806511     -759.428262      295.497920   31.694536   12.406630    0.138705    7.075087
    0.917910    0.521185    0.788968   -1.223681    0.781187     -762.182229      294.973348   31.752855   12.417583    0.138705    7.075087
    0.920398    0.508563    0.810597   -1.234162    0.756580     -764.782821      294.445742   31.809793   12.427800    0.138705    7.075087
    0.922886    0.495677    0.832407   -1.244259    0.732714     -767.235685      293.915383   31.865321   12.437297    0.138705    7.075087
    0.925373    0.482532    0.854392   -1.253988    0.709609     -769.546453      293.382508   31.919410   12.446094    0.138705    7.075087
    0.927861    0.469132    0.876545   -1.263360    0.687278     -771.720712      292.847313   31.972031   12.454212    0.138705    7.075087
    0.930348    0.455482    0.898860   -1.272391    0.665728     -773.763974      292.309951   32.023156   12.461673    0.138705    7.075087
    0.932836    0.441586    0.921331   -1.281095    0.644960     -775.681658      291.770540   32.072759   12.468502    0.138705    7.075087
    0.935323    0.427451    0.943952   -1.289485    0.624970     -777.479064      291.229157   32.120811   12.474723    0.138705    7.075087
    0.937811    0.413081    0.966718   -1.297575    0.605748     -779.161366      290.685847   32.167287   12.480363    0.138705    7.075087
    0.940299    0.398483    0.989624   -1.305378    0.587279     -780.733591      290.140622   32.212161   12.485450    0.138705    7.075087
    0.942786    0.383663    1.012665   -1.312909    0.569542     -782.200611      289.593459   32.255409   12.490012    0.138705    7.075087
    0.945274    0.368627    1.035836   -1.320179    0.552509     -783.567136      289.044310   32.297006   12.494080    0.138705    7.075087
    0.947761    0.353383    1.059133   -1.327201    0.536149     -784.837710      288.493093   32.336929   12.497683    0.138705    7.075087
    0.950249    0.337938    1.082551   -1.333988    0.520419     -786.016703      287.939705   32.375154   12.500852    0.138705    7.075087
    0.952736    0.322299    1.106087   -1.340550    0.505269     -787.108311      287.384012   32.411662   12.503617    0.138705    7.075087
    0.955224    0.306474    1.129737   -1.346898    0.490641     -788.116554      286.825860   32.446429   12.506010    0.138705    7.075087
    0.957711    0.290471    1.153496   -1.353042    0.476461     -789.045281      286.265070   32.479436   12.508062    0.138705    7.075087
    0.960199    0.274298    1.177362   -1.358991    0.462642     -789.898164      285.701441   32.510665   12.509802    0.138705    7.075087
    0.962687    0.257964    1.201331   -1.364752    0.449074     -790.678707      285.134753   32.540095   12.511261    0.138705    7.075087
    0.965174    0.241477    1.225399   -1.370331    0.435626     -791.390249      284.564767   32.567711   12.512469    0.138705    7.075087
    0.967662    0.224846    1.249565   -1.375732    0.422133     -792.035962      283.991223   32.593496   12.513454    0.138705    7.075087
    0.970149    0.208081    1.273823   -1.380957    0.408390     -792.618865      283.413847   32.617434   12.514243    0.138705    7.075087
    0.972637    0.191191    1.298173   -1.386005    0.394141     -793.141821      282.832346   32.639512   12.514863    0.138705    7.075087
    0.975124    0.174185    1.322609   -1.390870    0.379062     -793.607548      282.246415   32.659715   12.515340    0.138705    7.075087
    0.977612    0.157073    1.347129   -1.395544    0.362744     -794.018623      281.655732   32.678031   12.515695    0.138705    7.075087
    0.980100    0.139866    1.371730   -1.400009    0.344667     -794.377492      281.059962   32.694450   12.515952    0.138705    7.075087
    0.982587    0.122572    1.396407   -1.404243    0.324168     -794.686473      280.458759   32.708962   12.516129    0.138705    7.075087
    0.985075    0.105204    1.421157   -1.408211    0.300397     -794.947769      279.851765   32.721556   12.516246    0.138705    7.075087
    0.987562    0.087770    1.445974   -1.411866    0.272263     -795.163476      279.238611   32.732227   12.516317    0.138705    7.075087
    0.990050    0.070282    1.470852   -1.415143    0.238364     -795.335600      278.618919   32.740966   12.516356    0.138705    7.075087
    0.992537    0.052750    1.495783   -1.417955    0.196890     -795.466070      277.992303   32.747769   12.516374    0.138705    7.075087
    0.995025    0.035185    1.520760   -1.420185    0.145504     -795.556768      277.358368   32.752631   12.516381    0.138705    7.075087
    0.997512    0.017598    1.545769   -1.421680    0.081181     -795.609584      276.716714   32.755550   12.516383    0.138705    7.075087
    1.000000    0.000000    1.570796   -1.422234    0.000000     -795.626586      276.066934   32.756523   12.516383    0.138705    7.075087
