           t           r         psi          cs          qs               p             sig           A           V          Q2           S
    0.000000   -0.000000   -1.570796   -1.500462    0.000000        8.373127       -4.089025    0.000000   -0.000000    0.205539    4.099422
    0.009804    0.040166   -1.510508   -1.499282   -0.078290        8.373118       -4.089145    0.005073    0.000003    0.205539    4.099422
    0.019608    0.080186   -1.450314   -1.495743   -0.156344        8.373091       -4.089260    0.020273    0.000049    0.205539    4.099422
    0.029412    0.119916   -1.390310   -1.489851   -0.233917        8.373042       -4.089372    0.045546    0.000246    0.205539    4.099422
    0.039216    0.159215   -1.330590   -1.481618   -0.310766        8.372970       -4.089480    0.080801    0.000770    0.205539    4.099422
    0.049020    0.197945   -1.271248   -1.471059   -0.386647        8.372873       -4.089585    0.125910    0.001857    0.205539    4.099422
    0.058824    0.235974   -1.212376   -1.458192   -0.461320        8.372749       -4.089687    0.180713    0.003792    0.205539    4.099422
    0.068627    0.273177   -1.154068   -1.443044   -0.534544        8.372594       -4.089786    0.245018    0.006903    0.205539    4.099422
    0.078431    0.309438   -1.096414   -1.425641   -0.606083        8.372407       -4.089882    0.318601    0.011541    0.205539    4.099422
    0.088235    0.344647   -1.039503   -1.406020   -0.675702        8.372184       -4.089975    0.401210    0.018071    0.205539    4.099422
    0.098039    0.378707   -0.983426   -1.384217   -0.743173        8.371923       -4.090065    0.492567    0.026858    0.205539    4.099422
    0.107843    0.411528   -0.928267   -1.360276   -0.808268        8.371621       -4.090151    0.592371    0.038255    0.205539    4.099422
    0.117647    0.443034   -0.874114   -1.334247   -0.870766        8.371274       -4.090234    0.700298    0.052588    0.205539    4.099422
    0.127451    0.473158   -0.821047   -1.306183   -0.930451        8.370881       -4.090312    0.816008    0.070150    0.205539    4.099422
    0.137255    0.501846   -0.769148   -1.276143   -0.987112        8.370439       -4.090386    0.939145    0.091189    0.205539    4.099422
    0.147059    0.529053   -0.718495   -1.244192   -1.040544        8.369948       -4.090455    1.069339    0.115903    0.205539    4.099422
    0.156863    0.554748   -0.669163   -1.210402   -1.090552        8.369405       -4.090517    1.206214    0.144436    0.205539    4.099422
    0.166667    0.578910   -0.621226   -1.174848   -1.136945        8.368813       -4.090573    1.349384    0.176876    0.205539    4.099422
    0.176471    0.601530   -0.574751   -1.137613   -1.179542        8.368173       -4.090620    1.498462    0.213256    0.205539    4.099422
    0.186275    0.622609   -0.529805   -1.098787   -1.218170        8.367489       -4.090658    1.653056    0.253552    0.205539    4.099422
    0.196078    0.642157   -0.486449   -1.058464   -1.252667        8.366765       -4.090686    1.812780    0.297692    0.205539    4.099422
    0.205882    0.660195   -0.444743   -1.016748   -1.282879        8.366011       -4.090703    1.977249    0.345558    0.205539    4.099422
    0.215686    0.676750   -0.404740   -0.973748   -1.308661        8.365234       -4.090706    2.146085    0.396991    0.205539    4.099422
    0.225490    0.691860   -0.366488   -0.929582   -1.329881        8.364447       -4.090695    2.318918    0.451799    0.205539    4.099422
    0.235294    0.705570   -0.330033   -0.884372   -1.346415        8.363662       -4.090670    2.495389    0.509763    0.205539    4.099422
    0.245098    0.717928   -0.295414   -0.838252   -1.358153        8.362893       -4.090628    2.675151    0.570646    0.205539    4.099422
    0.254902    0.728991   -0.262664   -0.791363   -1.364995        8.362154       -4.090569    2.857868    0.634195    0.205539    4.099422
    0.264706    0.738820   -0.231812   -0.743854   -1.366853        8.361458       -4.090493    3.043222    0.700154    0.205539    4.099422
    0.274510    0.747480   -0.202879   -0.695882   -1.363652        8.360817       -4.090400    3.230909    0.768264    0.205539    4.099422
    0.284314    0.755039   -0.175880   -0.647614   -1.355329        8.360241       -4.090290    3.420642    0.838269    0.205539    4.099422
    0.294118    0.761568   -0.150824   -0.599227   -1.341837        8.359736       -4.090163    3.612153    0.909922    0.205539    4.099422
    0.303922    0.767141   -0.127713   -0.550904   -1.323141        8.359306       -4.090021    3.805190    0.982990    0.205539    4.099422
    0.313725    0.771831   -0.106539   -0.502840   -1.299225        8.358952       -4.089865    3.999521    1.057253    0.205539    4.099422
    0.323529    0.775714   -0.087288   -0.455238   -1.270088        8.358669       -4.089696    4.194933    1.132507    0.205539    4.099422
    0.333333    0.778863   -0.069937   -0.408310   -1.235749        8.358452       -4.089516    4.391232    1.208567    0.205539    4.099422
    0.343137    0.781355   -0.054456   -0.362274   -1.196245        8.358293       -4.089327    4.588241    1.285268    0.205539    4.099422
    0.352941    0.783263   -0.040802   -0.317358   -1.151639        8.358182       -4.089131    4.785804    1.362463    0.205539    4.099422
    0.362745    0.784658   -0.028928   -0.273795   -1.102015        8.358110       -4.088928    4.983783    1.440023    0.205539    4.099422
    0.372549    0.785611   -0.018773   -0.231821   -1.047486        8.358066       -4.088721    5.182057    1.517840    0.205539    4.099422
    0.382353    0.786189   -0.010270   -0.191676   -0.988192        8.358041       -4.088512    5.380522    1.595822    0.205539    4.099422
    0.392157    0.786457   -0.003338   -0.153603   -0.924306        8.358027       -4.088301    5.579093    1.673893    0.205539    4.099422
    0.401961    0.786477    0.002108   -0.117841   -0.856030        8.358016       -4.088089    5.777700    1.751993    0.205539    4.099422
    0.411765    0.786306    0.006168   -0.084624   -0.783606        8.358003       -4.087878    5.976286    1.830077    0.205539    4.099422
    0.421569    0.785999    0.008947   -0.054180   -0.707307        8.357984       -4.087668    6.174810    1.908111    0.205539    4.099422
    0.431373    0.785603    0.010563   -0.026725   -0.627444        8.357956       -4.087459    6.373245    1.986073    0.205539    4.099422
    0.441176    0.785163    0.011138   -0.002463   -0.544365        8.357917       -4.087251    6.571573    2.063950    0.205539    4.099422
    0.450980    0.784720    0.010806    0.018422   -0.458451        8.357868       -4.087045    6.769790    2.141739    0.205539    4.099422
    0.460784    0.784305    0.009705    0.035768   -0.370116        8.357807       -4.086841    6.967897    2.219444    0.205539    4.099422
    0.470588    0.783948    0.007980    0.049434   -0.279803        8.357738       -4.086638    7.165906    2.297072    0.205539    4.099422
    0.480392    0.783670    0.005782    0.059310   -0.187980        8.357661       -4.086436    7.363834    2.374639    0.205539    4.099422
    0.490196    0.783487    0.003265    0.065314   -0.095135        8.357578       -4.086235    7.561705    2.452160    0.205539    4.099422
    0.500000    0.783410    0.000585    0.067395   -0.001768        8.357493       -4.086035    7.759542    2.529657    0.205539    4.099422
    0.509804    0.783440   -0.002100    0.065537    0.091612        8.357406       -4.085834    7.957373    2.607149    0.205539    4.099422
    0.519608    0.783576   -0.004630    0.059753    0.184498        8.357322       -4.085634    8.155225    2.684657    0.205539    4.099422
    0.529412    0.783808   -0.006851    0.050093    0.276389        8.357242       -4.085432    8.353124    2.762201    0.205539    4.099422
    0.539216    0.784121   -0.008606    0.036637    0.366799        8.357169       -4.085230    8.551093    2.839798    0.205539    4.099422
    0.549020    0.784492   -0.009746    0.019494    0.455258        8.357104       -4.085026    8.749148    2.917462    0.205539    4.099422
    0.558824    0.784894   -0.010125   -0.001199    0.541326        8.357048       -4.084821    8.947301    2.995203    0.205539    4.099422
    0.568627    0.785294   -0.009604   -0.025281    0.624587        8.357002       -4.084615    9.145556    3.073024    0.205539    4.099422
    0.578431    0.785652   -0.008050   -0.052567    0.704661        8.356966       -4.084407    9.343908    3.150922    0.205539    4.099422
    0.588235    0.785925   -0.005339   -0.082857    0.781202        8.356938       -4.084198    9.542341    3.228884    0.205539    4.099422
    0.598039    0.786064   -0.001353   -0.115936    0.853899        8.356915       -4.083988    9.740827    3.306889    0.205539    4.099422
    0.607843    0.786016    0.004015   -0.151577    0.922478        8.356893       -4.083778    9.939325    3.384904    0.205539    4.099422
    0.617647    0.785722    0.010862   -0.189547    0.986698        8.356867       -4.083569   10.137781    3.462885    0.205539    4.099422
    0.627451    0.785121    0.019279   -0.229605    1.046356        8.356830       -4.083361   10.336126    3.540771    0.205539    4.099422
    0.637255    0.784150    0.029343   -0.271513    1.101279        8.356774       -4.083156   10.534274    3.618488    0.205539    4.099422
    0.647059    0.782740    0.041125   -0.315031    1.151323        8.356690       -4.082956   10.732122    3.695945    0.205539    4.099422
    0.656863    0.780822    0.054684   -0.359920    1.196375        8.356567       -4.082761   10.929552    3.773035    0.205539    4.099422
    0.666667    0.778323    0.070071   -0.405950    1.236346        8.356396       -4.082573   11.126426    3.849629    0.205539    4.099422
    0.676471    0.775169    0.087326   -0.452892    1.271170        8.356169       -4.082395   11.322587    3.925583    0.205539    4.099422
    0.686275    0.771287    0.106484   -0.500529    1.300802        8.355876       -4.082228   11.517862    4.000731    0.205539    4.099422
    0.696078    0.766601    0.127566   -0.548647    1.325220        8.355513       -4.082073   11.712056    4.074890    0.205539    4.099422
    0.705882    0.761036    0.150588   -0.597044    1.344416        8.355076       -4.081933   11.904958    4.147858    0.205539    4.099422
    0.715686    0.754518    0.175558   -0.645524    1.358401        8.354565       -4.081808   12.096336    4.219415    0.205539    4.099422
    0.725490    0.746973    0.202474   -0.693902    1.367201        8.353984       -4.081699   12.285939    4.289329    0.205539    4.099422
    0.735294    0.738330    0.231330   -0.742001    1.370857        8.353339       -4.081606   12.473500    4.357354    0.205539    4.099422
    0.745098    0.728522    0.262111   -0.789653    1.369424        8.352640       -4.081531   12.658733    4.423235    0.205539    4.099422
    0.754902    0.717481    0.294795   -0.836698    1.362972        8.351899       -4.081474   12.841334    4.486715    0.205539    4.099422
    0.764706    0.705148    0.329355   -0.882985    1.351583        8.351129       -4.081432   13.020986    4.547536    0.205539    4.099422
    0.774510    0.691465    0.365758   -0.928373    1.335352        8.350343       -4.081407   13.197354    4.605448    0.205539    4.099422
    0.784314    0.676383    0.403965   -0.972726    1.314387        8.349556       -4.081397   13.370091    4.660211    0.205539    4.099422
    0.794118    0.659857    0.443931   -1.015919    1.288809        8.348779       -4.081400   13.538838    4.711608    0.205539    4.099422
    0.803922    0.641849    0.485608   -1.057832    1.258749        8.348024       -4.081417   13.703225    4.759446    0.205539    4.099422
    0.813725    0.622331    0.528942   -1.098355    1.224351        8.347301       -4.081445   13.862875    4.803566    0.205539    4.099422
    0.823529    0.601282    0.573875   -1.137382    1.185767        8.346617       -4.081483   14.017403    4.843850    0.205539    4.099422
    0.833333    0.578691    0.620345   -1.174817    1.143164        8.345976       -4.081531   14.166421    4.880222    0.205539    4.099422
    0.843137    0.554557    0.668285   -1.210569    1.096713        8.345384       -4.081586   14.309540    4.912660    0.205539    4.099422
    0.852941    0.528888    0.717627   -1.244554    1.046599        8.344841       -4.081649   14.446369    4.941195    0.205539    4.099422
    0.862745    0.501707    0.768299   -1.276693    0.993013        8.344349       -4.081717   14.576526    4.965914    0.205539    4.099422
    0.872549    0.473043    0.820223   -1.306915    0.936154        8.343907       -4.081791   14.699631    4.986960    0.205539    4.099422
    0.882353    0.442941    0.873323   -1.335153    0.876228        8.343514       -4.081870   14.815314    5.004530    0.205539    4.099422
    0.892157    0.411454    0.927517   -1.361347    0.813449        8.343167       -4.081953   14.923220    5.018871    0.205539    4.099422
    0.901961    0.378649    0.982721   -1.385442    0.748034        8.342865       -4.082039   15.023007    5.030276    0.205539    4.099422
    0.911765    0.344604    1.038851   -1.407389    0.680208        8.342603       -4.082129   15.114352    5.039071    0.205539    4.099422
    0.921569    0.309407    1.095819   -1.427142    0.610198        8.342380       -4.082221   15.196952    5.045607    0.205539    4.099422
    0.931373    0.273156    1.153536   -1.444663    0.538238        8.342193       -4.082317   15.270528    5.050249    0.205539    4.099422
    0.941176    0.235960    1.211912   -1.459917    0.464563        8.342038       -4.082416   15.334829    5.053363    0.205539    4.099422
    0.950980    0.197937    1.270854   -1.472875    0.389412        8.341914       -4.082518   15.389629    5.055301    0.205539    4.099422
    0.960784    0.159211    1.330271   -1.483510    0.313025        8.341817       -4.082623   15.434737    5.056389    0.205539    4.099422
    0.970588    0.119915    1.390069   -1.491803    0.235645        8.341745       -4.082732   15.469990    5.056914    0.205539    4.099422
    0.980392    0.080186    1.450152   -1.497738    0.157517        8.341696       -4.082843   15.495263    5.057111    0.205539    4.099422
    0.990196    0.040166    1.510426   -1.501304    0.078887        8.341668       -4.082959   15.510464    5.057157    0.205539    4.099422
    1.000000    0.000000    1.570796   -1.502494    0.000000        8.341659       -4.083079   15.515536    5.057160    0.205539    4.099422
