           t           r         psi          cs          qs               p             sig           A           V          Q2           S
    0.000000    0.000000   -1.570796   -0.992614    0.000000    -5363.677456     2701.948220    0.000000    0.000000    0.009738    6.479202
    0.009804    0.063480   -1.507741   -0.992722    0.003445    -5363.696897     2701.633215    0.012672    0.000013    0.009738    6.479202
    0.019608    0.126707   -1.444677   -0.992887    0.003960    -5363.761559     2701.326625    0.050638    0.000202    0.009738    6.479202
    0.029412    0.189430   -1.381601   -0.993068    0.004336    -5363.881793     2701.025168    0.113747    0.001016    0.009738    6.479202
    0.039216    0.251400   -1.318514   -0.993270    0.004806    -5364.070963     2700.725496    0.201748    0.003182    0.009738    6.479202
    0.049020    0.312370   -1.255413   -0.993500    0.005430    -5364.346936     2700.424146    0.314290    0.007676    0.009738    6.479202
    0.058824    0.372097   -1.192296   -0.993768    0.006260    -5364.733954     2700.117466    0.450927    0.015688    0.009738    6.479202
    0.068627    0.430343   -1.129160   -0.994087    0.007368    -5365.265332     2699.801512    0.611114    0.028569    0.009738    6.479202
    0.078431    0.486874   -1.066002   -0.994476    0.008855    -5365.987526     2699.471912    0.794214    0.047780    0.009738    6.479202
    0.088235    0.541466   -1.002817   -0.994961    0.010869    -5366.966381     2699.123670    0.999497    0.074830    0.009738    6.479202
    0.098039    0.593899   -0.939596   -0.995577    0.013638    -5368.297021     2698.750909    1.226144    0.111216    0.009738    6.479202
    0.107843    0.643961   -0.876331   -0.996378    0.017518    -5370.119907     2698.346504    1.473252    0.158358    0.009738    6.479202
    0.117647    0.691452   -0.813008   -0.997446    0.023082    -5372.647725     2697.901571    1.739835    0.217536    0.009738    6.479202
    0.127451    0.736177   -0.749605   -0.998905    0.031286    -5376.212045     2697.404728    2.024826    0.289836    0.009738    6.479202
    0.137255    0.777953   -0.686091   -1.000961    0.043793    -5381.347555     2696.841003    2.327086    0.376095    0.009738    6.479202
    0.147059    0.816605   -0.622420   -1.003955    0.063640    -5388.951314     2696.190207    2.645401    0.476860    0.009738    6.479202
    0.156863    0.851965   -0.558513   -1.008493    0.096682    -5400.600331     2695.424461    2.978491    0.592349    0.009738    6.479202
    0.166667    0.883876   -0.494241   -1.015713    0.154994    -5419.225174     2694.504505    3.325011    0.722432    0.009738    6.479202
    0.176471    0.912177   -0.429370   -1.027894    0.265385    -5450.643245     2693.374606    3.683552    0.866614    0.009738    6.479202
    0.186275    0.936706   -0.363449   -1.049982    0.491985    -5507.326193     2691.958078    4.052642    1.024032    0.009738    6.479202
    0.196078    0.957269   -0.295535   -1.093466    0.991434    -5618.270491     2690.168860    4.430737    1.193464    0.009738    6.479202
    0.205882    0.973596   -0.223547   -1.184010    2.033943    -5853.603515     2688.035485    4.816205    1.373325    0.009738    6.479202
    0.215686    0.985240   -0.143526   -1.343391    2.645311    -6331.783465     2686.520350    5.207274    1.561626    0.009738    6.479202
    0.225490    0.991565   -0.056014   -1.326161   -5.508558    -6509.456853     2691.060740    5.601949    1.755735    0.009738    6.479202
    0.235294    0.992829    0.008376   -0.608922  -13.686227    -4320.831948     2707.688038    5.998089    1.952255    0.009738    6.479202
    0.245098    0.991584    0.024109    0.022348   -5.536360    -2557.509219     2722.681819    6.394128    2.148707    0.009738    6.479202
    0.254902    0.990262    0.015847    0.183741   -0.389901    -2211.899841     2731.221949    6.789605    2.344598    0.009738    6.479202
    0.264706    0.989621    0.004727    0.150920    1.093769    -2342.603835     2736.865944    7.184685    2.540128    0.009738    6.479202
    0.274510    0.989574   -0.002431    0.073071    1.227723    -2573.049597     2741.776905    7.579636    2.735542    0.009738    6.479202
    0.284314    0.989826   -0.004801    0.005828    0.827452    -2767.004321     2746.966541    7.974638    2.931004    0.009738    6.479202
    0.294118    0.990113   -0.003863   -0.029474    0.278032    -2869.029622     2752.821927    8.369755    3.126580    0.009738    6.479202
    0.303922    0.990292   -0.001735   -0.033226   -0.123518    -2881.719963     2759.282703    8.764967    3.322252    0.009738    6.479202
    0.313725    0.990343   -0.000004   -0.019872   -0.255662    -2847.679924     2766.046471    9.160224    3.517969    0.009738    6.479202
    0.323529    0.990314    0.000761   -0.004874   -0.195514    -2811.242746     2772.825560    9.555484    3.713688    0.009738    6.479202
    0.333333    0.990263    0.000752    0.003913   -0.079577    -2793.698536     2779.483649    9.950726    3.909390    0.009738    6.479202
    0.343137    0.990225    0.000408    0.006002    0.006689    -2795.331132     2786.017587   10.345949    4.105073    0.009738    6.479202
    0.352941    0.990211    0.000071    0.004230    0.041521    -2807.566668     2792.482258   10.741162    4.300746    0.009738    6.479202
    0.362745    0.990213   -0.000111    0.001548    0.038453    -2821.975451     2798.932672   11.136373    4.496417    0.009738    6.479202
    0.372549    0.990222   -0.000143   -0.000344    0.019922    -2833.863836     2805.399623   11.531586    4.692091    0.009738    6.479202
    0.382353    0.990229   -0.000093   -0.001036    0.002724    -2842.244361     2811.889548   11.926803    4.887768    0.009738    6.479202
    0.392157    0.990233   -0.000029   -0.000882   -0.006184    -2848.237240     2818.395083   12.322022    5.083447    0.009738    6.479202
    0.401961    0.990234    0.000012   -0.000420   -0.007395    -2853.414919     2824.905942   12.717242    5.279127    0.009738    6.479202
    0.411765    0.990232    0.000025   -0.000026   -0.004633    -2858.847337     2831.415138   13.112462    5.474807    0.009738    6.479202
    0.421569    0.990231    0.000020    0.000162   -0.001335    -2864.899290     2837.920287   13.507681    5.670486    0.009738    6.479202
    0.431373    0.990230    0.000009    0.000174    0.000731    -2871.457640     2844.422128   13.902900    5.866165    0.009738    6.479202
    0.441176    0.990230   -0.000000    0.000102    0.001329    -2878.246450     2850.922463   14.298118    6.061844    0.009738    6.479202
    0.450980    0.990230   -0.000004    0.000024    0.001006    -2885.039752     2857.422769   14.693337    6.257522    0.009738    6.479202
    0.460784    0.990230   -0.000004   -0.000021    0.000415    -2891.734241     2863.923720   15.088555    6.453201    0.009738    6.479202
    0.470588    0.990230   -0.000002   -0.000032   -0.000033    -2898.327375     2870.425334   15.483774    6.648879    0.009738    6.479202
    0.480392    0.990230   -0.000000   -0.000023   -0.000219    -2904.862905     2876.927324   15.878992    6.844558    0.009738    6.479202
    0.490196    0.990230    0.000001   -0.000009   -0.000206    -2911.385967     2883.429396   16.274211    7.040237    0.009738    6.479202
    0.500000    0.990230    0.000001    0.000002   -0.000109    -2917.922352     2889.931381   16.669430    7.235916    0.009738    6.479202
    0.509804    0.990230    0.000001    0.000005   -0.000017    -2924.477770     2896.433241   17.064648    7.431594    0.009738    6.479202
    0.519608    0.990230    0.000000    0.000005    0.000031    -2931.046397     2902.935015   17.459867    7.627273    0.009738    6.479202
    0.529412    0.990230   -0.000000    0.000002    0.000039    -2937.619797     2909.436757   17.855086    7.822952    0.009738    6.479202
    0.539216    0.990230   -0.000000    0.000000    0.000026    -2944.192077     2915.938507   18.250304    8.018631    0.009738    6.479202
    0.549020    0.990230   -0.000000   -0.000001    0.000008    -2950.761085     2922.440279   18.645523    8.214309    0.009738    6.479202
    0.558824    0.990230   -0.000000   -0.000001   -0.000003    -2957.327310     2928.942068   19.040742    8.409988    0.009738    6.479202
    0.568627    0.990230    0.000000   -0.000001   -0.000006    -2963.892248     2935.443866   19.435960    8.605667    0.009738    6.479202
    0.578431    0.990230    0.000000   -0.000000   -0.000003    -2970.457260     2941.945664   19.831179    8.801345    0.009738    6.479202
    0.588235    0.990230    0.000000   -0.000000    0.000004    -2977.023216     2948.447455   20.226397    8.997024    0.009738    6.479202
    0.598039    0.990230    0.000000   -0.000001    0.000015    -2983.590761     2954.949236   20.621616    9.192703    0.009738    6.479202
    0.607843    0.990230    0.000000   -0.000003    0.000036    -2990.161029     2961.450999   21.016835    9.388382    0.009738    6.479202
    0.617647    0.990230    0.000000   -0.000006    0.000082    -2996.736898     2967.952726   21.412053    9.584060    0.009738    6.479202
    0.627451    0.990230    0.000001   -0.000014    0.000187    -3003.325427     2974.454370   21.807272    9.779739    0.009738    6.479202
    0.637255    0.990230    0.000002   -0.000033    0.000430    -3009.943219     2980.955822   22.202490    9.975418    0.009738    6.479202
    0.647059    0.990230    0.000006   -0.000075    0.000990    -3016.628682     2987.456833   22.597709   10.171096    0.009738    6.479202
    0.656863    0.990229    0.000013   -0.000173    0.002277    -3023.470291     2993.956823   22.992927   10.366775    0.009738    6.479202
    0.666667    0.990228    0.000030   -0.000397    0.005232    -3030.671594     3000.454461   23.388145   10.562453    0.009738    6.479202
    0.676471    0.990225    0.000070   -0.000912    0.012005    -3038.700246     3006.946690   23.783363   10.758130    0.009738    6.479202
    0.686275    0.990218    0.000160   -0.002092    0.027483    -3048.627831     3013.426490   24.178578   10.953806    0.009738    6.479202
    0.696078    0.990202    0.000367   -0.004788    0.062631    -3062.896498     3019.877817   24.573789   11.149477    0.009738    6.479202
    0.705882    0.990166    0.000839   -0.010902    0.141394    -3087.007351     3026.264281   24.968990   11.345138    0.009738    6.479202
    0.715686    0.990083    0.001909   -0.024566    0.312865    -3133.034991     3032.504707   25.364169   11.540777    0.009738    6.479202
    0.725490    0.989896    0.004293   -0.054160    0.663678    -3225.974611     3038.424612   25.759296   11.736365    0.009738    6.479202
    0.735294    0.989480    0.009433   -0.114314    1.294333    -3411.056498     3043.678251   26.154310   11.931836    0.009738    6.479202
    0.745098    0.988587    0.019850   -0.222936    2.170064    -3747.229478     3047.690803   26.549072   12.127043    0.009738    6.479202
    0.754902    0.986775    0.038910   -0.384786    2.887251    -4254.986395     3049.810324   26.943314   12.321674    0.009738    6.479202
    0.764706    0.983404    0.069270   -0.571159    2.897533    -4842.080936     3049.821281   27.336545   12.515109    0.009738    6.479202
    0.774510    0.977743    0.110964   -0.734506    2.240204    -5350.488119     3048.300333   27.727997   12.706299    0.009738    6.479202
    0.784314    0.969154    0.161530   -0.849201    1.449381    -5700.449644     3046.165880   28.116624   12.893750    0.009738    6.479202
    0.794118    0.957200    0.217906   -0.919629    0.860986    -5911.847994     3044.055128   28.501162   13.075667    0.009738    6.479202
    0.803922    0.941634    0.277742   -0.960610    0.502090    -6033.727577     3042.219763   28.880214   13.250160    0.009738    6.479202
    0.813725    0.922348    0.339585   -0.984417    0.298122    -6104.221015     3040.696226   29.252313   13.415414    0.009738    6.479202
    0.823529    0.899321    0.402604   -0.998590    0.183077    -6146.072151     3039.444617   29.615967   13.569811    0.009738    6.479202
    0.833333    0.872590    0.466335   -1.007326    0.116803    -6171.774210     3038.410752   29.969690   13.712005    0.009738    6.479202
    0.843137    0.842231    0.530512   -1.012910    0.077374    -6188.110395     3037.546299   30.312016   13.840972    0.009738    6.479202
    0.852941    0.808348    0.594979   -1.016608    0.053081    -6198.829295     3036.812837   30.641519   13.956042    0.009738    6.479202
    0.862745    0.771070    0.659640   -1.019136    0.037596    -6206.063471     3036.180972   30.956817   14.056911    0.009738    6.479202
    0.872549    0.730544    0.724437   -1.020916    0.027411    -6211.065951     3035.628403   31.256583   14.143634    0.009738    6.479202
    0.882353    0.686934    0.789330   -1.022203    0.020518    -6214.596912     3035.138135   31.539553   14.216615    0.009738    6.479202
    0.892157    0.640421    0.854294   -1.023157    0.015735    -6217.131641     3034.697049   31.804532   14.276571    0.009738    6.479202
    0.901961    0.591197    0.919311   -1.023879    0.012342    -6218.975658     3034.294861   32.050399   14.324492    0.009738    6.479202
    0.911765    0.539469    0.984368   -1.024438    0.009889    -6220.330364     3033.923343   32.276114   14.361593    0.009738    6.479202
    0.921569    0.485454    1.049456   -1.024880    0.008087    -6221.331578     3033.575770   32.480718   14.389251    0.009738    6.479202
    0.931373    0.429381    1.114570   -1.025236    0.006748    -6222.072777     3033.246508   32.663346   14.408940    0.009738    6.479202
    0.941176    0.371485    1.179704   -1.025528    0.005745    -6222.619481     3032.930708   32.823223   14.422171    0.009738    6.479202
    0.950980    0.312013    1.244855   -1.025774    0.004990    -6223.018365     3032.624087   32.959669   14.430415    0.009738    6.479202
    0.960784    0.251216    1.310021   -1.025986    0.004422    -6223.303159     3032.322753   33.072107   14.435047    0.009738    6.479202
    0.970588    0.189352    1.375199   -1.026172    0.003994    -6223.498549     3032.023082   33.160057   14.437282    0.009738    6.479202
    0.980392    0.126683    1.440388   -1.026339    0.003656    -6223.622811     3031.721623   33.223147   14.438123    0.009738    6.479202
    0.990196    0.063477    1.505588   -1.026491    0.003211    -6223.689667     3031.415032   33.261108   14.438319    0.009738    6.479202
    1.000000    0.000000    1.570796   -1.026593    0.000000    -6223.709772     3031.100026   33.273780   14.438332    0.009738    6.479202
