           t           r         psi          cs          qs               p             sig           A           V          Q2           S
    0.000000   -0.000000   -1.570796    0.311592    0.000000       61.542343      117.373778    0.000000   -0.000000    0.214876    4.618246
    0.009804    0.045275   -1.584955    0.314593   -0.142558       61.772141      104.364246    0.006440   -0.000001    0.214876    4.618246
    0.019608    0.090542   -1.599288    0.317869   -0.046250       62.508107       91.864174    0.025759   -0.000017    0.214876    4.618246
    0.029412    0.135789   -1.613607    0.312294    0.317751       63.816959       79.840442    0.057954   -0.000084    0.214876    4.618246
    0.039216    0.181010   -1.627271    0.287002    1.006852       65.759050       68.267571    0.103016   -0.000265    0.214876    4.618246
    0.049020    0.226198   -1.639097    0.228599    2.091746       68.368127       57.129385    0.160939   -0.000638    0.214876    4.618246
    0.058824    0.271355   -1.647231    0.121045    3.637549       71.616310       46.421417    0.231712   -0.001282    0.214876    4.618246
    0.068627    0.316494   -1.649046   -0.053570    5.678503       75.359679       36.154459    0.315329   -0.002242    0.214876    4.618246
    0.078431    0.361643   -1.641097   -0.313081    8.185656       79.258142       26.359875    0.411788   -0.003471    0.214876    4.618246
    0.088235    0.406835   -1.619193   -0.671891   11.029737       82.663711       17.097720    0.521096   -0.004737    0.214876    4.618246
    0.098039    0.452089   -1.578656   -1.136179   13.945374       84.475907        8.469312    0.643270   -0.005503    0.214876    4.618246
    0.107843    0.497347   -1.514825   -1.698059   16.508304       82.978886        0.636716    0.778321   -0.004767    0.214876    4.618246
    0.117647    0.542387   -1.423824   -2.329754   18.145116       75.718661       -6.147725    0.926224   -0.000912    0.214876    4.618246
    0.127451    0.586692   -1.303569   -2.979712   18.203298       59.576551      -11.499647    1.086852    0.008372    0.214876    4.618246
    0.137255    0.629348   -1.154841   -3.573445   16.108836       31.355846      -14.852473    1.259877    0.025964    0.214876    4.618246
    0.147059    0.669020   -0.982171   -4.022047   11.611868      -10.692646      -15.420356    1.444648    0.054829    0.214876    4.618246
    0.156863    0.704122   -0.794124   -4.240046    5.053419      -64.354004      -12.229616    1.640093    0.097169    0.214876    4.618246
    0.166667    0.733179   -0.602586   -4.170477   -2.504783     -121.335703       -4.304034    1.844695    0.153515    0.214876    4.618246
    0.176471    0.755267   -0.420910   -3.808984   -9.482324     -168.705051        8.957904    2.056584    0.222314    0.214876    4.618246
    0.186275    0.770300   -0.261226   -3.213421  -14.361759     -195.432895       27.365938    2.273745    0.300421    0.214876    4.618246
    0.196078    0.779014   -0.131880   -2.488512  -16.355142     -199.355027       49.815916    2.494258    0.384231    0.214876    4.618246
    0.205882    0.782684   -0.036066   -1.750528  -15.669344     -187.573088       74.641271    2.716499    0.470721    0.214876    4.618246
    0.215686    0.782757    0.027858   -1.092011  -13.203120     -170.682685      100.194483    2.939238    0.557904    0.214876    4.618246
    0.225490    0.780570    0.064815   -0.564305  -10.000459     -157.200201      125.263059    3.161648    0.644738    0.214876    4.618246
    0.235294    0.777203    0.081135   -0.179925   -6.858909     -151.669619      149.172392    3.383245    0.730805    0.214876    4.618246
    0.245098    0.773447    0.083075    0.074485   -4.214867     -155.384731      171.682002    3.603814    0.816017    0.214876    4.618246
    0.254902    0.769825    0.075969    0.224293   -2.209541     -167.759970      192.825975    3.823324    0.900433    0.214876    4.618246
    0.264706    0.766648    0.063926    0.296977   -0.808070     -187.394934      212.779961    4.041862    0.984165    0.214876    4.618246
    0.274510    0.764070    0.049872    0.316819    0.100179     -212.688209      231.774290    4.259578    1.067339    0.214876    4.618246
    0.284314    0.762135    0.035743    0.303010    0.639836     -242.128616      250.045080    4.476653    1.150082    0.214876    4.618246
    0.294118    0.760817    0.022726    0.269661    0.920338     -274.405419      267.809999    4.693266    1.232514    0.214876    4.618246
    0.303922    0.760050    0.011468    0.226632    1.026974     -308.431136      285.258044    4.909585    1.314746    0.214876    4.618246
    0.313725    0.759748    0.002248    0.180528    1.021892     -343.328326      302.546624    5.125753    1.396873    0.214876    4.618246
    0.323529    0.759815   -0.004898    0.135595    0.948667     -378.405252      319.802173    5.341891    1.478978    0.214876    4.618246
    0.333333    0.760162   -0.010087    0.094414    0.837225     -413.131039      337.122331    5.558089    1.561128    0.214876    4.618246
    0.343137    0.760702   -0.013526    0.058408    0.707911     -447.113778      354.578777    5.774416    1.643371    0.214876    4.618246
    0.352941    0.761364   -0.015464    0.028203    0.574443     -480.081883      372.220295    5.990915    1.725743    0.214876    4.618246
    0.362745    0.762084   -0.016169    0.003879    0.445931     -511.867800      390.075903    6.207612    1.808264    0.214876    4.618246
    0.372549    0.762813   -0.015900   -0.014846    0.328210     -542.393057      408.157979    6.424516    1.890943    0.214876    4.618246
    0.382353    0.763513   -0.014901   -0.028487    0.224736     -571.653901      426.465315    6.641624    1.973778    0.214876    4.618246
    0.392157    0.764155   -0.013388   -0.037691    0.137203     -599.707165      444.986052    6.858924    2.056760    0.214876    4.618246
    0.401961    0.764720   -0.011544   -0.043167    0.066008     -626.656456      463.700426    7.076395    2.139876    0.214876    4.618246
    0.411765    0.765197   -0.009524   -0.045632    0.010610     -652.638933      482.583255    7.294016    2.223108    0.214876    4.618246
    0.421569    0.765582   -0.007447   -0.045770   -0.030170     -677.813153      501.606120    7.511758    2.306435    0.214876    4.618246
    0.431373    0.765872   -0.005405   -0.044208   -0.057906     -702.348391      520.739189    7.729597    2.389836    0.214876    4.618246
    0.441176    0.766073   -0.003461   -0.041505   -0.074365     -726.415773      539.952667    7.947506    2.473292    0.214876    4.618246
    0.450980    0.766188   -0.001657   -0.038138   -0.081352     -750.181400      559.217882    8.165459    2.556783    0.214876    4.618246
    0.460784    0.766225   -0.000012   -0.034507   -0.080596     -773.801477      578.508015    8.383433    2.640290    0.214876    4.618246
    0.470588    0.766191    0.001469   -0.030938   -0.073667     -797.419336      597.798529    8.601408    2.723798    0.214876    4.618246
    0.480392    0.766094    0.002795   -0.027691   -0.061935     -821.164146      617.067312    8.819365    2.807291    0.214876    4.618246
    0.490196    0.765940    0.003985   -0.024966   -0.046538     -845.151026      636.294613    9.037285    2.890756    0.214876    4.618246
    0.500000    0.765735    0.005066   -0.022918   -0.028384     -869.482279      655.462796    9.255154    2.974182    0.214876    4.618246
    0.509804    0.765483    0.006072   -0.021660   -0.008155     -894.249479      674.555963    9.472958    3.057558    0.214876    4.618246
    0.519608    0.765186    0.007040   -0.021281    0.013676     -919.536154      693.559476    9.690684    3.140873    0.214876    4.618246
    0.529412    0.764845    0.008013   -0.021847    0.036822     -945.420853      712.459413    9.908319    3.224118    0.214876    4.618246
    0.539216    0.764460    0.009034   -0.023413    0.061165     -971.980444      731.241986   10.125851    3.307284    0.214876    4.618246
    0.549020    0.764026    0.010149   -0.026028    0.086731     -999.293494      749.892926   10.343267    3.390359    0.214876    4.618246
    0.558824    0.763538    0.011407   -0.029741    0.113668    -1027.443631      768.396855   10.560551    3.473334    0.214876    4.618246
    0.568627    0.762990    0.012860   -0.034609    0.142228    -1056.522806      786.736656   10.777689    3.556195    0.214876    4.618246
    0.578431    0.762370    0.014560   -0.040697    0.172750    -1086.634365      804.892843   10.994660    3.638928    0.214876    4.618246
    0.588235    0.761667    0.016565   -0.048083    0.205642    -1117.895851      822.842946   11.211444    3.721515    0.214876    4.618246
    0.598039    0.760865    0.018935   -0.056863    0.241362    -1150.441429      840.560904   11.428014    3.803937    0.214876    4.618246
    0.607843    0.759946    0.021736   -0.067147    0.280409    -1184.423818      858.016490   11.644339    3.886169    0.214876    4.618246
    0.617647    0.758889    0.025040   -0.079068    0.323297    -1220.015540      875.174775   11.860385    3.968182    0.214876    4.618246
    0.627451    0.757670    0.028923   -0.092777    0.370538    -1257.409308      891.995647   12.076107    4.049943    0.214876    4.618246
    0.637255    0.756260    0.033471   -0.108442    0.422620    -1296.817266      908.433413   12.291455    4.131411    0.214876    4.618246
    0.647059    0.754628    0.038776   -0.126251    0.479977    -1338.468797      924.436518   12.506372    4.212539    0.214876    4.618246
    0.656863    0.752737    0.044939   -0.146402    0.542956    -1382.606541      939.947416   12.720789    4.293272    0.214876    4.618246
    0.666667    0.750546    0.052071   -0.169107    0.611782    -1429.480279      954.902646   12.934626    4.373545    0.214876    4.618246
    0.676471    0.748007    0.060294   -0.194579    0.686513    -1479.338344      969.233163   13.147791    4.453282    0.214876    4.618246
    0.686275    0.745071    0.069736   -0.223027    0.766996    -1532.416315      982.864982   13.360179    4.532397    0.214876    4.618246
    0.696078    0.741677    0.080538   -0.254645    0.852822    -1588.922896      995.720192   13.571668    4.610788    0.214876    4.618246
    0.705882    0.737763    0.092846   -0.289605    0.943279    -1649.023171     1007.718375   13.782120    4.688338    0.214876    4.618246
    0.715686    0.733257    0.106815   -0.328037    1.037327    -1712.819739     1018.778468   13.991375    4.764916    0.214876    4.618246
    0.725490    0.728082    0.122604   -0.370021    1.133573    -1780.332724     1028.821036   14.199255    4.840370    0.214876    4.618246
    0.735294    0.722153    0.140376   -0.415573    1.230281    -1851.480124     1037.770934   14.405558    4.914530    0.214876    4.618246
    0.745098    0.715381    0.160289   -0.464628    1.325410    -1926.060436     1045.560215   14.610056    4.987203    0.214876    4.618246
    0.754902    0.707668    0.182500   -0.517036    1.416678    -2003.739842     1052.131159   14.812496    5.058179    0.214876    4.618246
    0.764706    0.698912    0.207155   -0.572551    1.501675    -2084.046294     1057.439182   15.012597    5.127224    0.214876    4.618246
    0.774510    0.689007    0.234389   -0.630834    1.577998    -2166.372565     1061.455388   15.210045    5.194084    0.214876    4.618246
    0.784314    0.677844    0.264315   -0.691453    1.643410    -2249.989569     1064.168506   15.404499    5.258491    0.214876    4.618246
    0.794118    0.665313    0.297030   -0.753903    1.696002    -2334.070170     1065.585975   15.595586    5.320161    0.214876    4.618246
    0.803922    0.651304    0.332603   -0.817615    1.734345    -2417.722273     1065.734025   15.782900    5.378804    0.214876    4.618246
    0.813725    0.635712    0.371078   -0.881987    1.757605    -2500.028628     1064.656664   15.966006    5.434129    0.214876    4.618246
    0.823529    0.618435    0.412471   -0.946405    1.765613    -2580.089671     1062.413629   16.144439    5.485856    0.214876    4.618246
    0.833333    0.599382    0.456770   -1.010276    1.758872    -2657.065173     1059.077463   16.317706    5.533726    0.214876    4.618246
    0.843137    0.578472    0.503939   -1.073049    1.738505    -2730.210613     1054.729950   16.485291    5.577513    0.214876    4.618246
    0.852941    0.555636    0.553915   -1.134240    1.706159    -2798.905007     1049.458221   16.646655    5.617038    0.214876    4.618246
    0.862745    0.530824    0.606619   -1.193448    1.663867    -2862.668208     1043.350839   16.801242    5.652180    0.214876    4.618246
    0.872549    0.504004    0.661952   -1.250367    1.613897    -2921.167175     1036.494145   16.948486    5.682893    0.214876    4.618246
    0.882353    0.475164    0.719806   -1.304787    1.558603    -2974.212093     1028.969062   17.087812    5.709207    0.214876    4.618246
    0.892157    0.444315    0.780066   -1.356597    1.500290    -3021.744213     1020.848512   17.218648    5.731245    0.214876    4.618246
    0.901961    0.411491    0.842612   -1.405774    1.441101    -3063.817882     1012.195484   17.340425    5.749216    0.214876    4.618246
    0.911765    0.376751    0.907325   -1.452378    1.382929    -3100.579321     1003.061746   17.452591    5.763416    0.214876    4.618246
    0.921569    0.340180    0.974093   -1.496542    1.327338    -3132.244456      993.487147   17.554610    5.774221    0.214876    4.618246
    0.931373    0.301886    1.042809   -1.538452    1.275455    -3159.077642      983.499412   17.645978    5.782070    0.214876    4.618246
    0.941176    0.262006    1.113375   -1.578340    1.227758    -3181.372570      973.114348   17.726223    5.787449    0.214876    4.618246
    0.950980    0.220699    1.185707   -1.616457    1.183518    -3199.436120      962.336369   17.794916    5.790865    0.214876    4.618246
    0.960784    0.178150    1.259729   -1.653025    1.139213    -3213.575541      951.159276   17.851676    5.792818    0.214876    4.618246
    0.970588    0.134564    1.335372   -1.688103    1.083762    -3224.089122      939.567242   17.896179    5.793775    0.214876    4.618246
    0.980392    0.090174    1.412563   -1.721156    0.983587    -3231.260707      927.535974   17.928162    5.794141    0.214876    4.618246
    0.990196    0.045229    1.491163   -1.749626    0.734239    -3235.359640      915.034040   17.947432    5.794226    0.214876    4.618246
    1.000000   -0.000000    1.570796   -1.764048    0.000000    -3236.655347      902.024376   17.953869    5.794232    0.214876    4.618246
