           t           r         psi          cs          qs               p             sig           A           V          Q2           S
    0.000000   -0.000000   -1.570796   -0.942948    0.000000     -310.938065      165.511181    0.000000    0.000000    0.038691    9.567534
    0.002488    0.023798   -1.548353   -0.943065    0.012729     -310.940429      165.399046    0.001779    0.000000    0.038691    9.567534
    0.004975    0.047584   -1.525905   -0.943383    0.022918     -310.947868      165.288376    0.007117    0.000004    0.038691    9.567534
    0.007463    0.071346   -1.503447   -0.943860    0.031222     -310.960816      165.179018    0.016009    0.000019    0.038691    9.567534
    0.009950    0.095071   -1.480977   -0.944467    0.038141     -310.979704      165.070816    0.028453    0.000061    0.038691    9.567534
    0.012438    0.118749   -1.458490   -0.945183    0.044060     -311.004992      164.963616    0.044441    0.000148    0.038691    9.567534
    0.014925    0.142367   -1.435986   -0.945992    0.049280     -311.037183      164.857265    0.063965    0.000306    0.038691    9.567534
    0.017413    0.165913   -1.413461   -0.946885    0.054035     -311.076834      164.751607    0.087016    0.000566    0.038691    9.567534
    0.019900    0.189375   -1.390914   -0.947857    0.058511     -311.124560      164.646488    0.113582    0.000964    0.038691    9.567534
    0.022388    0.212741   -1.368342   -0.948904    0.062861     -311.181046      164.541752    0.143649    0.001540    0.038691    9.567534
    0.024876    0.235998   -1.345745   -0.950028    0.067211     -311.247055      164.437243    0.177202    0.002341    0.038691    9.567534
    0.027363    0.259136   -1.323121   -0.951231    0.071669     -311.323442      164.332802    0.214225    0.003417    0.038691    9.567534
    0.029851    0.282142   -1.300466   -0.952516    0.076332     -311.411162      164.228271    0.254698    0.004822    0.038691    9.567534
    0.032338    0.305003   -1.277781   -0.953890    0.081289     -311.511286      164.123488    0.298600    0.006616    0.038691    9.567534
    0.034826    0.327708   -1.255061   -0.955360    0.086626     -311.625018      164.018289    0.345909    0.008861    0.038691    9.567534
    0.037313    0.350246   -1.232305   -0.956936    0.092429     -311.753711      163.912509    0.396602    0.011625    0.038691    9.567534
    0.039801    0.372603   -1.209510   -0.958630    0.098788     -311.898894      163.805977    0.450651    0.014977    0.038691    9.567534
    0.042289    0.394769   -1.186673   -0.960453    0.105799     -312.062289      163.698520    0.508030    0.018988    0.038691    9.567534
    0.044776    0.416730   -1.163792   -0.962422    0.113564     -312.245849      163.589959    0.568707    0.023735    0.038691    9.567534
    0.047264    0.438476   -1.140861   -0.964554    0.122201     -312.451790      163.480111    0.632653    0.029295    0.038691    9.567534
    0.049751    0.459994   -1.117878   -0.966868    0.131839     -312.682628      163.368785    0.699834    0.035745    0.038691    9.567534
    0.052239    0.481272   -1.094837   -0.969389    0.142627     -312.941233      163.255788    0.770215    0.043168    0.038691    9.567534
    0.054726    0.502299   -1.071733   -0.972142    0.154734     -313.230884      163.140913    0.843760    0.051643    0.038691    9.567534
    0.057214    0.523062   -1.048561   -0.975158    0.168354     -313.555338      163.023951    0.920429    0.061252    0.038691    9.567534
    0.059701    0.543550   -1.025314   -0.978471    0.183712     -313.918910      162.904679    1.000182    0.072078    0.038691    9.567534
    0.062189    0.563750   -1.001984   -0.982124    0.201067     -314.326570      162.782868    1.082978    0.084202    0.038691    9.567534
    0.064677    0.583651   -0.978562   -0.986161    0.220716     -314.784062      162.658275    1.168772    0.097704    0.038691    9.567534
    0.067164    0.603239   -0.955039   -0.990637    0.243004     -315.298043      162.530649    1.257519    0.112664    0.038691    9.567534
    0.069652    0.622504   -0.931404   -0.995613    0.268324     -315.876252      162.399724    1.349171    0.129159    0.038691    9.567534
    0.072139    0.641432   -0.907644   -1.001161    0.297131     -316.527719      162.265224    1.443679    0.147266    0.038691    9.567534
    0.074627    0.660011   -0.883744   -1.007363    0.329940     -317.263011      162.126859    1.540992    0.167059    0.038691    9.567534
    0.077114    0.678228   -0.859688   -1.014314    0.367336     -318.094540      161.984328    1.641056    0.188606    0.038691    9.567534
    0.079602    0.696070   -0.835456   -1.022122    0.409974     -319.036932      161.837322    1.743816    0.211976    0.038691    9.567534
    0.082090    0.713523   -0.811027   -1.030913    0.458582     -320.107485      161.685520    1.849215    0.237231    0.038691    9.567534
    0.084577    0.730575   -0.786376   -1.040827    0.513950     -321.326726      161.528603    1.957195    0.264431    0.038691    9.567534
    0.087065    0.747209   -0.761474   -1.052025    0.576919     -322.719093      161.366249    2.067693    0.293631    0.038691    9.567534
    0.089552    0.763413   -0.736288   -1.064689    0.648353     -324.313768      161.198156    2.180647    0.324879    0.038691    9.567534
    0.092040    0.779169   -0.710782   -1.079017    0.729086     -326.145698      161.024047    2.295990    0.358220    0.038691    9.567534
    0.094527    0.794463   -0.684913   -1.095229    0.819855     -328.256816      160.843697    2.413656    0.393693    0.038691    9.567534
    0.097015    0.809275   -0.658633   -1.113559    0.921176     -330.697505      160.656965    2.533572    0.431328    0.038691    9.567534
    0.099502    0.823589   -0.631889   -1.134250    1.033181     -333.528308      160.463841    2.655667    0.471151    0.038691    9.567534
    0.101990    0.837384   -0.604622   -1.157542    1.155366     -336.821843      160.264516    2.779863    0.513180    0.038691    9.567534
    0.104478    0.850640   -0.576768   -1.183656    1.286254     -340.664816      160.059477    2.906083    0.557422    0.038691    9.567534
    0.106965    0.863333   -0.548257   -1.212764    1.422919     -345.159867      159.849650    3.034243    0.603878    0.038691    9.567534
    0.109453    0.875440   -0.519016   -1.244952    1.560366     -350.426662      159.636602    3.164257    0.652539    0.038691    9.567534
    0.111940    0.886935   -0.488973   -1.280160    1.690729     -356.601163      159.422822    3.296037    0.703382    0.038691    9.567534
    0.114428    0.897789   -0.458059   -1.318111    1.802294     -363.831060      159.212125    3.429488    0.756375    0.038691    9.567534
    0.116915    0.907974   -0.426215   -1.358202    1.878405     -372.263946      159.010196    3.564512    0.811471    0.038691    9.567534
    0.119403    0.917458   -0.393400   -1.399380    1.896395     -382.022535      158.825331    3.701007    0.868605    0.038691    9.567534
    0.121891    0.926210   -0.359609   -1.439992    1.826860     -393.158361      158.669375    3.838867    0.927697    0.038691    9.567534
    0.124378    0.934198   -0.324881   -1.477626    1.633887     -405.572587      158.558839    3.977978    0.988646    0.038691    9.567534
    0.126866    0.941394   -0.289324   -1.508969    1.277148     -418.892671      158.516028    4.118225    1.051332    0.038691    9.567534
    0.129353    0.947771   -0.253138   -1.529761    0.717130     -432.303292      158.569788    4.259487    1.115611    0.038691    9.567534
    0.131841    0.953310   -0.216632   -1.534899   -0.075314     -444.360007      158.755150    4.401640    1.181319    0.038691    9.567534
    0.134328    0.958001   -0.180245   -1.518836   -1.104924     -452.874009      159.110763    4.544558    1.248271    0.038691    9.567534
    0.136816    0.961847   -0.144546   -1.476327   -2.336050     -455.031604      159.673020    4.688114    1.316269    0.038691    9.567534
    0.139303    0.964867   -0.110214   -1.403526   -3.681403     -447.929685      160.466715    4.832184    1.385105    0.038691    9.567534
    0.141791    0.967098   -0.077990   -1.299203   -5.005177     -429.545107      161.494346    4.976645    1.454573    0.038691    9.567534
    0.144279    0.968597   -0.048605   -1.165650   -6.147239     -399.783966      162.728763    5.121384    1.524478    0.038691    9.567534
    0.146766    0.969438   -0.022691   -1.008813   -6.963802     -360.954003      164.114323    5.266298    1.594648    0.038691    9.567534
    0.149254    0.969708   -0.000701   -0.837438   -7.367158     -317.211135      165.577879    5.411293    1.664937    0.038691    9.567534
    0.151741    0.969504    0.017135   -0.661490   -7.344924     -273.233434      167.045098    5.556292    1.735232    0.038691    9.567534
    0.154229    0.968925    0.030825   -0.490432   -6.951892     -232.901959      168.454711    5.701231    1.805451    0.038691    9.567534
    0.156716    0.968068    0.040580   -0.331939   -6.283479     -198.610994      169.765755    5.846062    1.875541    0.038691    9.567534
    0.159204    0.967023    0.046767   -0.191287   -5.446162     -171.278558      170.957616    5.990749    1.945470    0.038691    9.567534
    0.161692    0.965868    0.049850   -0.071359   -4.535780     -150.752716      172.025731    6.135271    2.015224    0.038691    9.567534
    0.164179    0.964671    0.050335    0.026970   -3.626762     -136.286434      172.976093    6.279617    2.084802    0.038691    9.567534
    0.166667    0.963489    0.048733    0.104304   -2.770042     -126.905175      173.820476    6.423784    2.154211    0.038691    9.567534
    0.169154    0.962365    0.045525    0.162204   -1.995958     -121.630025      174.573037    6.567778    2.223461    0.038691    9.567534
    0.171642    0.961332    0.041150    0.202765   -1.319046     -119.585735      175.248232    6.711610    2.292567    0.038691    9.567534
    0.174129    0.960413    0.035992    0.228305   -0.742883     -120.036741      175.859697    6.855296    2.361547    0.038691    9.567534
    0.176617    0.959623    0.030383    0.241152   -0.264134     -122.385430      176.419758    6.998855    2.430417    0.038691    9.567534
    0.179104    0.958969    0.024597    0.243521    0.124417     -126.154258      176.939299    7.142305    2.499196    0.038691    9.567534
    0.181592    0.958452    0.018858    0.237443    0.431778     -130.963429      177.427818    7.285667    2.567901    0.038691    9.567534
    0.184080    0.958069    0.013347    0.224739    0.667412     -136.509629      177.893562    7.428963    2.636548    0.038691    9.567534
    0.186567    0.957814    0.008201    0.207016    0.840456     -142.547948      178.343683    7.572211    2.705155    0.038691    9.567534
    0.189055    0.957675    0.003522    0.185679    0.959322     -148.877467      178.784388    7.715429    2.773736    0.038691    9.567534
    0.191542    0.957642   -0.000619    0.161945    1.031551     -155.330287      179.221065    7.858635    2.842307    0.038691    9.567534
    0.194030    0.957700   -0.004176    0.136865    1.063828     -161.763524      179.658384    8.001843    2.910879    0.038691    9.567534
    0.196517    0.957836   -0.007130    0.111339    1.062072     -168.053775      180.100369    8.145066    2.979465    0.038691    9.567534
    0.199005    0.958035   -0.009478    0.086136    1.031578     -174.093610      180.550449    8.288314    3.048073    0.038691    9.567534
    0.201493    0.958282   -0.011238    0.061900    0.977158     -179.789671      181.011491    8.431595    3.116712    0.038691    9.567534
    0.203980    0.958565   -0.012437    0.039166    0.903271     -185.062028      181.485813    8.574916    3.185388    0.038691    9.567534
    0.206468    0.958870   -0.013117    0.018362    0.814125     -189.844441      181.975196    8.718281    3.254106    0.038691    9.567534
    0.208955    0.959186   -0.013329   -0.000184    0.713741     -194.085189      182.480885    8.861693    3.322868    0.038691    9.567534
    0.211443    0.959501   -0.013128   -0.016239    0.605984     -197.748123      183.003601    9.005152    3.391675    0.038691    9.567534
    0.213930    0.959808   -0.012577   -0.029665    0.494549     -200.813629      183.543554    9.148658    3.460527    0.038691    9.567534
    0.216418    0.960098   -0.011738   -0.040407    0.382919     -203.279186      184.100467    9.292208    3.529423    0.038691    9.567534
    0.218905    0.960365   -0.010674   -0.048497    0.274304     -205.159293      184.673616    9.435801    3.598360    0.038691    9.567534
    0.221393    0.960605   -0.009449   -0.054035    0.171562     -206.484617      185.261886    9.579431    3.667334    0.038691    9.567534
    0.223881    0.960814   -0.008121   -0.057190    0.077123     -207.300308      185.863829    9.723094    3.736341    0.038691    9.567534
    0.226368    0.960991   -0.006744   -0.058183   -0.007072     -207.663554      186.477749    9.866787    3.805376    0.038691    9.567534
    0.228856    0.961135   -0.005367   -0.057275   -0.079620     -207.640547      187.101777   10.010503    3.874436    0.038691    9.567534
    0.231343    0.961247   -0.004031   -0.054754   -0.139666     -207.303095      187.733959   10.154239    3.943514    0.038691    9.567534
    0.233831    0.961327   -0.002771   -0.050926   -0.186895     -206.725157      188.372332   10.297989    4.012606    0.038691    9.567534
    0.236318    0.961379   -0.001615   -0.046095   -0.221489     -205.979566      189.014999   10.441749    4.081708    0.038691    9.567534
    0.238806    0.961405   -0.000582   -0.040559   -0.244065     -205.135164      189.660188   10.585515    4.150816    0.038691    9.567534
    0.241294    0.961408    0.000312   -0.034595   -0.255593     -204.254501      190.306301   10.729283    4.219926    0.038691    9.567534
    0.243781    0.961391    0.001063   -0.028456   -0.257309     -203.392191      190.951946   10.873049    4.289034    0.038691    9.567534
    0.246269    0.961359    0.001667   -0.022362   -0.250625     -202.593911      191.595958   11.016812    4.358139    0.038691    9.567534
    0.248756    0.961313    0.002129   -0.016498   -0.237039     -201.896022      192.237405   11.160569    4.427239    0.038691    9.567534
    0.251244    0.961258    0.002456   -0.011015   -0.218062     -201.325690      192.875584   11.304319    4.496331    0.038691    9.567534
    0.253731    0.961197    0.002657   -0.006026   -0.195157     -200.901418      193.510006   11.448060    4.565415    0.038691    9.567534
    0.256219    0.961133    0.002747   -0.001611   -0.169685     -200.633859      194.140383   11.591791    4.634489    0.038691    9.567534
    0.258706    0.961067    0.002739    0.002181   -0.142870     -200.526810      194.766600   11.735513    4.703554    0.038691    9.567534
    0.261194    0.961003    0.002648    0.005329   -0.115781     -200.578287      195.388690   11.879225    4.772610    0.038691    9.567534
    0.263682    0.960942    0.002490    0.007834   -0.089317     -200.781610      196.006812   12.022928    4.841657    0.038691    9.567534
    0.266169    0.960885    0.002280    0.009720   -0.064207     -201.126451      196.621221   12.166621    4.910695    0.038691    9.567534
    0.268657    0.960834    0.002032    0.011024   -0.041015     -201.599800      197.232246   12.310307    4.979726    0.038691    9.567534
    0.271144    0.960788    0.001760    0.011796   -0.020151     -202.186830      197.840267   12.453986    5.048750    0.038691    9.567534
    0.273632    0.960750    0.001475    0.012095   -0.001884     -202.871658      198.445697   12.597658    5.117768    0.038691    9.567534
    0.276119    0.960718    0.001187    0.011984    0.013640     -203.637994      199.048962   12.741325    5.186780    0.038691    9.567534
    0.278607    0.960693    0.000907    0.011530    0.026382     -204.469681      199.650487   12.884987    5.255789    0.038691    9.567534
    0.281095    0.960675    0.000641    0.010798    0.036393     -205.351133      200.250685   13.028647    5.324795    0.038691    9.567534
    0.283582    0.960663    0.000395    0.009852    0.043796     -206.267692      200.849947   13.172304    5.393798    0.038691    9.567534
    0.286070    0.960656    0.000173    0.008753    0.048774     -207.205888      201.448630   13.315960    5.462800    0.038691    9.567534
    0.288557    0.960654   -0.000021    0.007557    0.051548     -208.153637      202.047058   13.459615    5.531802    0.038691    9.567534
    0.291045    0.960657   -0.000186    0.006314    0.052374     -209.100364      202.645514   13.603270    5.600803    0.038691    9.567534
    0.293532    0.960663   -0.000322    0.005068    0.051522     -210.037074      203.244237   13.746926    5.669805    0.038691    9.567534
    0.296020    0.960672   -0.000428    0.003856    0.049270     -210.956374      203.843425   13.890583    5.738809    0.038691    9.567534
    0.298507    0.960683   -0.000506    0.002710    0.045895     -211.852438      204.443234   14.034241    5.807813    0.038691    9.567534
    0.300995    0.960696   -0.000558    0.001653    0.041666     -212.720954      205.043777   14.177901    5.876820    0.038691    9.567534
    0.303483    0.960709   -0.000585    0.000703    0.036834     -213.559025      205.645133   14.321564    5.945828    0.038691    9.567534
    0.305970    0.960723   -0.000592   -0.000128    0.031632     -214.365046      206.247341   14.465228    6.014838    0.038691    9.567534
    0.308458    0.960737   -0.000580   -0.000832    0.026269     -215.138573      206.850415   14.608895    6.083851    0.038691    9.567534
    0.310945    0.960751   -0.000553   -0.001408    0.020927     -215.880168      207.454338   14.752563    6.152865    0.038691    9.567534
    0.313433    0.960764   -0.000514   -0.001858    0.015761     -216.591237      208.059071   14.896233    6.221881    0.038691    9.567534
    0.315920    0.960775   -0.000466   -0.002187    0.010896     -217.273873      208.664560   15.039906    6.290899    0.038691    9.567534
    0.318408    0.960786   -0.000411   -0.002404    0.006432     -217.930697      209.270733   15.183580    6.359919    0.038691    9.567534
    0.320896    0.960795   -0.000352   -0.002518    0.002441     -218.564702      209.877511   15.327255    6.428940    0.038691    9.567534
    0.323383    0.960802   -0.000292   -0.002542   -0.001029     -219.179115      210.484807   15.470932    6.497962    0.038691    9.567534
    0.325871    0.960809   -0.000232   -0.002489   -0.003955     -219.777269      211.092535   15.614609    6.566985    0.038691    9.567534
    0.328358    0.960813   -0.000174   -0.002370   -0.006330     -220.362485      211.700604   15.758288    6.636009    0.038691    9.567534
    0.330846    0.960817   -0.000119   -0.002200   -0.008168     -220.937981      212.308931   15.901967    6.705034    0.038691    9.567534
    0.333333    0.960819   -0.000069   -0.001992   -0.009493     -221.506788      212.917435   16.045647    6.774059    0.038691    9.567534
    0.335821    0.960820   -0.000025   -0.001756   -0.010344     -222.071689      213.526042   16.189327    6.843084    0.038691    9.567534
    0.338308    0.960820    0.000014   -0.001504   -0.010767     -222.635177      214.134686   16.333006    6.912109    0.038691    9.567534
    0.340796    0.960820    0.000047   -0.001246   -0.010813     -223.199417      214.743311   16.476686    6.981134    0.038691    9.567534
    0.343284    0.960818    0.000073   -0.000990   -0.010537     -223.766237      215.351867   16.620366    7.050159    0.038691    9.567534
    0.345771    0.960816    0.000094   -0.000743   -0.009997     -224.337122      215.960316   16.764045    7.119184    0.038691    9.567534
    0.348259    0.960814    0.000109   -0.000511   -0.009247     -224.913223      216.568627   16.907725    7.188209    0.038691    9.567534
    0.350746    0.960811    0.000118   -0.000298   -0.008340     -225.495369      217.176778   17.051403    7.257233    0.038691    9.567534
    0.353234    0.960808    0.000123   -0.000108   -0.007327     -226.084094      217.784755   17.195082    7.326257    0.038691    9.567534
    0.355721    0.960805    0.000124    0.000056   -0.006253     -226.679666      218.392550   17.338759    7.395280    0.038691    9.567534
    0.358209    0.960802    0.000121    0.000195   -0.005158     -227.282116      219.000164   17.482437    7.464303    0.038691    9.567534
    0.360697    0.960800    0.000115    0.000308   -0.004077     -227.891275      219.607600   17.626114    7.533325    0.038691    9.567534
    0.363184    0.960797    0.000106    0.000396   -0.003040     -228.506804      220.214867   17.769790    7.602348    0.038691    9.567534
    0.365672    0.960795    0.000096    0.000459   -0.002069     -229.128236      220.821978   17.913467    7.671369    0.038691    9.567534
    0.368159    0.960792    0.000085    0.000500   -0.001184     -229.755003      221.428948   18.057143    7.740391    0.038691    9.567534
    0.370647    0.960791    0.000072    0.000520   -0.000395     -230.386468      222.035793   18.200818    7.809412    0.038691    9.567534
    0.373134    0.960789    0.000060    0.000523    0.000287     -231.021954      222.642531   18.344493    7.878433    0.038691    9.567534
    0.375622    0.960788    0.000048    0.000511    0.000861     -231.660771      223.249181   18.488169    7.947453    0.038691    9.567534
    0.378109    0.960787    0.000036    0.000486    0.001325     -232.302234      223.855762   18.631844    8.016474    0.038691    9.567534
    0.380597    0.960786    0.000025    0.000450    0.001682     -232.945683      224.462289   18.775518    8.085494    0.038691    9.567534
    0.383085    0.960785    0.000014    0.000408    0.001939     -233.590500      225.068780   18.919193    8.154515    0.038691    9.567534
    0.385572    0.960785    0.000005    0.000360    0.002102     -234.236117      225.675250   19.062868    8.223535    0.038691    9.567534
    0.388060    0.960785   -0.000003    0.000308    0.002182     -234.882027      226.281713   19.206542    8.292555    0.038691    9.567534
    0.390547    0.960785   -0.000009    0.000256    0.002189     -235.527788      226.888179   19.350217    8.361575    0.038691    9.567534
    0.393035    0.960786   -0.000015    0.000204    0.002132     -236.173027      227.494659   19.493892    8.430596    0.038691    9.567534
    0.395522    0.960786   -0.000019    0.000154    0.002024     -236.817440      228.101161   19.637566    8.499616    0.038691    9.567534
    0.398010    0.960787   -0.000022    0.000107    0.001875     -237.460789      228.707691   19.781241    8.568636    0.038691    9.567534
    0.400498    0.960787   -0.000024    0.000064    0.001695     -238.102902      229.314254   19.924916    8.637657    0.038691    9.567534
    0.402985    0.960788   -0.000025    0.000026    0.001493     -238.743664      229.920853   20.068591    8.706677    0.038691    9.567534
    0.405473    0.960788   -0.000026   -0.000008    0.001280     -239.383018      230.527489   20.212266    8.775698    0.038691    9.567534
    0.407960    0.960789   -0.000025   -0.000037    0.001062     -240.020950      231.134163   20.355941    8.844719    0.038691    9.567534
    0.410448    0.960790   -0.000024   -0.000060    0.000846     -240.657491      231.740873   20.499617    8.913740    0.038691    9.567534
    0.412935    0.960790   -0.000022   -0.000078    0.000639     -241.292704      232.347619   20.643292    8.982761    0.038691    9.567534
    0.415423    0.960791   -0.000020   -0.000092    0.000444     -241.926681      232.954398   20.786967    9.051782    0.038691    9.567534
    0.417910    0.960791   -0.000018   -0.000101    0.000266     -242.559535      233.561206   20.930643    9.120803    0.038691    9.567534
    0.420398    0.960791   -0.000015   -0.000105    0.000106     -243.191392      234.168041   21.074318    9.189824    0.038691    9.567534
    0.422886    0.960792   -0.000013   -0.000107   -0.000033     -243.822388      234.774898   21.217994    9.258845    0.038691    9.567534
    0.425373    0.960792   -0.000010   -0.000105   -0.000151     -244.452664      235.381775   21.361670    9.327866    0.038691    9.567534
    0.427861    0.960792   -0.000008   -0.000100   -0.000247     -245.082361      235.988667   21.505345    9.396887    0.038691    9.567534
    0.430348    0.960792   -0.000006   -0.000093   -0.000322     -245.711612      236.595570   21.649021    9.465909    0.038691    9.567534
    0.432836    0.960793   -0.000004   -0.000085   -0.000378     -246.340547      237.202483   21.792697    9.534930    0.038691    9.567534
    0.435323    0.960793   -0.000002   -0.000076   -0.000414     -246.969284      237.809400   21.936372    9.603951    0.038691    9.567534
    0.437811    0.960793    0.000000   -0.000066   -0.000434     -247.597929      238.416320   22.080048    9.672972    0.038691    9.567534
    0.440299    0.960793    0.000002   -0.000055   -0.000439     -248.226576      239.023240   22.223724    9.741994    0.038691    9.567534
    0.442786    0.960793    0.000003   -0.000045   -0.000431     -248.855305      239.630157   22.367400    9.811015    0.038691    9.567534
    0.445274    0.960792    0.000004   -0.000035   -0.000413     -249.484183      240.237071   22.511075    9.880036    0.038691    9.567534
    0.447761    0.960792    0.000004   -0.000025   -0.000386     -250.113263      240.843979   22.654751    9.949058    0.038691    9.567534
    0.450249    0.960792    0.000005   -0.000016   -0.000352     -250.742583      241.450881   22.798427   10.018079    0.038691    9.567534
    0.452736    0.960792    0.000005   -0.000008   -0.000313     -251.372172      242.057776   22.942103   10.087100    0.038691    9.567534
    0.455224    0.960792    0.000005   -0.000001   -0.000272     -252.002044      242.664663   23.085778   10.156121    0.038691    9.567534
    0.457711    0.960792    0.000005    0.000005   -0.000229     -252.632208      243.271543   23.229454   10.225142    0.038691    9.567534
    0.460199    0.960792    0.000005    0.000010   -0.000187     -253.262659      243.878415   23.373130   10.294164    0.038691    9.567534
    0.462687    0.960792    0.000005    0.000014   -0.000145     -253.893388      244.485279   23.516805   10.363185    0.038691    9.567534
    0.465174    0.960792    0.000004    0.000017   -0.000105     -254.524378      245.092137   23.660481   10.432206    0.038691    9.567534
    0.467662    0.960791    0.000004    0.000019   -0.000069     -255.155609      245.698988   23.804156   10.501227    0.038691    9.567534
    0.470149    0.960791    0.000003    0.000021   -0.000036     -255.787056      246.305834   23.947832   10.570248    0.038691    9.567534
    0.472637    0.960791    0.000003    0.000021   -0.000007     -256.418694      246.912674   24.091508   10.639269    0.038691    9.567534
    0.475124    0.960791    0.000002    0.000021    0.000019     -257.050493      247.519511   24.235183   10.708291    0.038691    9.567534
    0.477612    0.960791    0.000002    0.000021    0.000039     -257.682425      248.126343   24.378859   10.777312    0.038691    9.567534
    0.480100    0.960791    0.000001    0.000020    0.000056     -258.314463      248.733173   24.522534   10.846333    0.038691    9.567534
    0.482587    0.960791    0.000001    0.000018    0.000069     -258.946581      249.340001   24.666210   10.915354    0.038691    9.567534
    0.485075    0.960791    0.000001    0.000016    0.000078     -259.578753      249.946827   24.809885   10.984375    0.038691    9.567534
    0.487562    0.960791    0.000000    0.000014    0.000084     -260.210956      250.553653   24.953561   11.053396    0.038691    9.567534
    0.490050    0.960791   -0.000000    0.000012    0.000087     -260.843171      251.160478   25.097236   11.122417    0.038691    9.567534
    0.492537    0.960791   -0.000000    0.000010    0.000086     -261.475379      251.767303   25.240912   11.191438    0.038691    9.567534
    0.495025    0.960791   -0.000001    0.000008    0.000084     -262.107565      252.374129   25.384587   11.260459    0.038691    9.567534
    0.497512    0.960791   -0.000001    0.000006    0.000080     -262.739718      252.980956   25.528263   11.329480    0.038691    9.567534
    0.500000    0.960791   -0.000001    0.000004    0.000074     -263.371827      253.587784   25.671938   11.398501    0.038691    9.567534
    0.502488    0.960791   -0.000001    0.000003    0.000067     -264.003885      254.194614   25.815614   11.467522    0.038691    9.567534
    0.504975    0.960791   -0.000001    0.000001    0.000059     -264.635888      254.801445   25.959289   11.536544    0.038691    9.567534
    0.507463    0.960791   -0.000001   -0.000000    0.000051     -265.267834      255.408277   26.102965   11.605565    0.038691    9.567534
    0.509950    0.960791   -0.000001   -0.000001    0.000043     -265.899720      256.015111   26.246641   11.674586    0.038691    9.567534
    0.512438    0.960791   -0.000001   -0.000002    0.000034     -266.531549      256.621946   26.390316   11.743607    0.038691    9.567534
    0.514925    0.960791   -0.000001   -0.000003    0.000027     -267.163323      257.228783   26.533992   11.812628    0.038691    9.567534
    0.517413    0.960791   -0.000001   -0.000004    0.000019     -267.795045      257.835622   26.677667   11.881649    0.038691    9.567534
    0.519900    0.960791   -0.000001   -0.000004    0.000012     -268.426719      258.442461   26.821343   11.950670    0.038691    9.567534
    0.522388    0.960791   -0.000001   -0.000004    0.000006     -269.058351      259.049302   26.965018   12.019691    0.038691    9.567534
    0.524876    0.960791   -0.000001   -0.000004    0.000000     -269.689945      259.656143   27.108694   12.088712    0.038691    9.567534
    0.527363    0.960791   -0.000000   -0.000004   -0.000004     -270.321508      260.262986   27.252369   12.157734    0.038691    9.567534
    0.529851    0.960791   -0.000000   -0.000004   -0.000008     -270.953045      260.869829   27.396045   12.226755    0.038691    9.567534
    0.532338    0.960791   -0.000000   -0.000004   -0.000011     -271.584561      261.476673   27.539721   12.295776    0.038691    9.567534
    0.534826    0.960791   -0.000000   -0.000004   -0.000014     -272.216062      262.083517   27.683396   12.364797    0.038691    9.567534
    0.537313    0.960791   -0.000000   -0.000003   -0.000015     -272.847552      262.690361   27.827072   12.433818    0.038691    9.567534
    0.539801    0.960791   -0.000000   -0.000003   -0.000017     -273.479037      263.297206   27.970747   12.502839    0.038691    9.567534
    0.542289    0.960791    0.000000   -0.000002   -0.000017     -274.110519      263.904051   28.114423   12.571860    0.038691    9.567534
    0.544776    0.960791    0.000000   -0.000002   -0.000017     -274.742003      264.510895   28.258098   12.640881    0.038691    9.567534
    0.547264    0.960791    0.000000   -0.000002   -0.000016     -275.373491      265.117740   28.401774   12.709903    0.038691    9.567534
    0.549751    0.960791    0.000000   -0.000001   -0.000016     -276.004986      265.724584   28.545450   12.778924    0.038691    9.567534
    0.552239    0.960791    0.000000   -0.000001   -0.000014     -276.636490      266.331428   28.689125   12.847945    0.038691    9.567534
    0.554726    0.960791    0.000000   -0.000001   -0.000013     -277.268004      266.938272   28.832801   12.916966    0.038691    9.567534
    0.557214    0.960791    0.000000   -0.000000   -0.000012     -277.899529      267.545115   28.976476   12.985987    0.038691    9.567534
    0.559701    0.960791    0.000000    0.000000   -0.000010     -278.531066      268.151959   29.120152   13.055008    0.038691    9.567534
    0.562189    0.960791    0.000000    0.000000   -0.000008     -279.162614      268.758802   29.263827   13.124029    0.038691    9.567534
    0.564677    0.960791    0.000000    0.000000   -0.000007     -279.794174      269.365644   29.407503   13.193050    0.038691    9.567534
    0.567164    0.960791    0.000000    0.000001   -0.000005     -280.425745      269.972486   29.551179   13.262072    0.038691    9.567534
    0.569652    0.960791    0.000000    0.000001   -0.000004     -281.057326      270.579328   29.694854   13.331093    0.038691    9.567534
    0.572139    0.960791    0.000000    0.000001   -0.000002     -281.688917      271.186170   29.838530   13.400114    0.038691    9.567534
    0.574627    0.960791    0.000000    0.000001   -0.000001     -282.320517      271.793012   29.982205   13.469135    0.038691    9.567534
    0.577114    0.960791    0.000000    0.000001   -0.000000     -282.952124      272.399853   30.125881   13.538156    0.038691    9.567534
    0.579602    0.960791    0.000000    0.000001    0.000001     -283.583738      273.006694   30.269556   13.607177    0.038691    9.567534
    0.582090    0.960791    0.000000    0.000001    0.000002     -284.215357      273.613535   30.413232   13.676198    0.038691    9.567534
    0.584577    0.960791    0.000000    0.000001    0.000002     -284.846981      274.220376   30.556907   13.745219    0.038691    9.567534
    0.587065    0.960791    0.000000    0.000001    0.000003     -285.478608      274.827217   30.700583   13.814241    0.038691    9.567534
    0.589552    0.960791    0.000000    0.000001    0.000003     -286.110238      275.434058   30.844259   13.883262    0.038691    9.567534
    0.592040    0.960791    0.000000    0.000001    0.000003     -286.741869      276.040898   30.987934   13.952283    0.038691    9.567534
    0.594527    0.960791    0.000000    0.000000    0.000004     -287.373500      276.647739   31.131610   14.021304    0.038691    9.567534
    0.597015    0.960791   -0.000000    0.000000    0.000004     -288.005132      277.254580   31.275285   14.090325    0.038691    9.567534
    0.599502    0.960791   -0.000000    0.000000    0.000004     -288.636764      277.861420   31.418961   14.159346    0.038691    9.567534
    0.601990    0.960791   -0.000000    0.000000    0.000004     -289.268394      278.468261   31.562636   14.228367    0.038691    9.567534
    0.604478    0.960791   -0.000000    0.000000    0.000003     -289.900024      279.075102   31.706312   14.297388    0.038691    9.567534
    0.606965    0.960791   -0.000000    0.000000    0.000003     -290.531652      279.681943   31.849988   14.366409    0.038691    9.567534
    0.609453    0.960791   -0.000000   -0.000000    0.000003     -291.163279      280.288783   31.993663   14.435431    0.038691    9.567534
    0.611940    0.960791   -0.000000   -0.000000    0.000003     -291.794904      280.895624   32.137339   14.504452    0.038691    9.567534
    0.614428    0.960791   -0.000000   -0.000000    0.000003     -292.426528      281.502465   32.281014   14.573473    0.038691    9.567534
    0.616915    0.960791   -0.000000   -0.000000    0.000003     -293.058150      282.109306   32.424690   14.642494    0.038691    9.567534
    0.619403    0.960791   -0.000000   -0.000000    0.000003     -293.689772      282.716147   32.568365   14.711515    0.038691    9.567534
    0.621891    0.960791   -0.000000   -0.000000    0.000003     -294.321393      283.322988   32.712041   14.780536    0.038691    9.567534
    0.624378    0.960791    0.000000   -0.000000    0.000003     -294.953014      283.929829   32.855716   14.849557    0.038691    9.567534
    0.626866    0.960791    0.000000   -0.000001    0.000003     -295.584636      284.536670   32.999392   14.918578    0.038691    9.567534
    0.629353    0.960791    0.000000   -0.000001    0.000003     -296.216259      285.143511   33.143068   14.987600    0.038691    9.567534
    0.631841    0.960791    0.000000   -0.000001    0.000004     -296.847884      285.750352   33.286743   15.056621    0.038691    9.567534
    0.634328    0.960791    0.000000   -0.000001    0.000005     -297.479511      286.357192   33.430419   15.125642    0.038691    9.567534
    0.636816    0.960791    0.000000   -0.000001    0.000005     -298.111142      286.964033   33.574094   15.194663    0.038691    9.567534
    0.639303    0.960791    0.000000   -0.000001    0.000006     -298.742778      287.570874   33.717770   15.263684    0.038691    9.567534
    0.641791    0.960791    0.000000   -0.000001    0.000008     -299.374421      288.177714   33.861445   15.332705    0.038691    9.567534
    0.644279    0.960791    0.000000   -0.000001    0.000009     -300.006071      288.784554   34.005121   15.401726    0.038691    9.567534
    0.646766    0.960791    0.000000   -0.000002    0.000011     -300.637730      289.391394   34.148797   15.470747    0.038691    9.567534
    0.649254    0.960791    0.000000   -0.000002    0.000013     -301.269400      289.998234   34.292472   15.539768    0.038691    9.567534
    0.651741    0.960791    0.000000   -0.000002    0.000016     -301.901084      290.605073   34.436148   15.608790    0.038691    9.567534
    0.654229    0.960791    0.000000   -0.000003    0.000019     -302.532785      291.211912   34.579823   15.677811    0.038691    9.567534
    0.656716    0.960791    0.000000   -0.000003    0.000023     -303.164505      291.818750   34.723499   15.746832    0.038691    9.567534
    0.659204    0.960791    0.000001   -0.000004    0.000027     -303.796249      292.425588   34.867174   15.815853    0.038691    9.567534
    0.661692    0.960791    0.000001   -0.000004    0.000032     -304.428020      293.032425   35.010850   15.884874    0.038691    9.567534
    0.664179    0.960791    0.000001   -0.000005    0.000039     -305.059825      293.639261   35.154525   15.953895    0.038691    9.567534
    0.666667    0.960791    0.000001   -0.000006    0.000046     -305.691669      294.246096   35.298201   16.022916    0.038691    9.567534
    0.669154    0.960791    0.000001   -0.000007    0.000055     -306.323561      294.852930   35.441877   16.091937    0.038691    9.567534
    0.671642    0.960791    0.000001   -0.000009    0.000065     -306.955508      295.459762   35.585552   16.160958    0.038691    9.567534
    0.674129    0.960791    0.000001   -0.000010    0.000078     -307.587523      296.066593   35.729228   16.229980    0.038691    9.567534
    0.676617    0.960791    0.000002   -0.000012    0.000093     -308.219617      296.673421   35.872903   16.299001    0.038691    9.567534
    0.679104    0.960791    0.000002   -0.000015    0.000110     -308.851805      297.280247   36.016579   16.368022    0.038691    9.567534
    0.681592    0.960791    0.000002   -0.000018    0.000131     -309.484106      297.887070   36.160254   16.437043    0.038691    9.567534
    0.684080    0.960791    0.000003   -0.000021    0.000156     -310.116541      298.493890   36.303930   16.506064    0.038691    9.567534
    0.686567    0.960791    0.000003   -0.000025    0.000186     -310.749136      299.100705   36.447605   16.575085    0.038691    9.567534
    0.689055    0.960791    0.000004   -0.000030    0.000221     -311.381920      299.707515   36.591281   16.644106    0.038691    9.567534
    0.691542    0.960791    0.000005   -0.000035    0.000262     -312.014931      300.314319   36.734956   16.713127    0.038691    9.567534
    0.694030    0.960791    0.000006   -0.000042    0.000311     -312.648210      300.921116   36.878632   16.782148    0.038691    9.567534
    0.696517    0.960790    0.000007   -0.000050    0.000370     -313.281809      301.527905   37.022307   16.851169    0.038691    9.567534
    0.699005    0.960790    0.000008   -0.000059    0.000439     -313.915789      302.134683   37.165982   16.920190    0.038691    9.567534
    0.701493    0.960790    0.000010   -0.000070    0.000522     -314.550222      302.741450   37.309658   16.989211    0.038691    9.567534
    0.703980    0.960790    0.000011   -0.000084    0.000619     -315.185194      303.348202   37.453333   17.058232    0.038691    9.567534
    0.706468    0.960789    0.000014   -0.000099    0.000735     -315.820806      303.954937   37.597008   17.127253    0.038691    9.567534
    0.708955    0.960789    0.000016   -0.000118    0.000872     -316.457181      304.561652   37.740684   17.196274    0.038691    9.567534
    0.711443    0.960789    0.000019   -0.000140    0.001035     -317.094461      305.168343   37.884359   17.265294    0.038691    9.567534
    0.713930    0.960788    0.000023   -0.000167    0.001228     -317.732817      305.775005   38.028034   17.334315    0.038691    9.567534
    0.716418    0.960788    0.000027   -0.000198    0.001457     -318.372454      306.381634   38.171709   17.403336    0.038691    9.567534
    0.718905    0.960787    0.000032   -0.000235    0.001727     -319.013611      306.988222   38.315384   17.472356    0.038691    9.567534
    0.721393    0.960786    0.000039   -0.000279    0.002048     -319.656576      307.594763   38.459059   17.541377    0.038691    9.567534
    0.723881    0.960785    0.000046   -0.000331    0.002428     -320.301686      308.201246   38.602734   17.610397    0.038691    9.567534
    0.726368    0.960784    0.000054   -0.000393    0.002878     -320.949346      308.807662   38.746408   17.679417    0.038691    9.567534
    0.728856    0.960782    0.000065   -0.000466    0.003411     -321.600033      309.413998   38.890082   17.748437    0.038691    9.567534
    0.731343    0.960781    0.000077   -0.000552    0.004042     -322.254313      310.020238   39.033757   17.817457    0.038691    9.567534
    0.733831    0.960779    0.000091   -0.000655    0.004788     -322.912859      310.626365   39.177430   17.886476    0.038691    9.567534
    0.736318    0.960776    0.000108   -0.000777    0.005670     -323.576466      311.232359   39.321104   17.955495    0.038691    9.567534
    0.738806    0.960774    0.000128   -0.000921    0.006714     -324.246079      311.838192   39.464777   18.024514    0.038691    9.567534
    0.741294    0.960770    0.000152   -0.001091    0.007948     -324.922814      312.443837   39.608450   18.093532    0.038691    9.567534
    0.743781    0.960766    0.000180   -0.001293    0.009406     -325.607995      313.049258   39.752122   18.162550    0.038691    9.567534
    0.746269    0.960762    0.000214   -0.001532    0.011128     -326.303190      313.654413   39.895793   18.231567    0.038691    9.567534
    0.748756    0.960756    0.000254   -0.001814    0.013161     -327.010250      314.259253   40.039464   18.300584    0.038691    9.567534
    0.751244    0.960750    0.000301   -0.002148    0.015561     -327.731369      314.863720   40.183134   18.369600    0.038691    9.567534
    0.753731    0.960742    0.000356   -0.002543    0.018392     -328.469137      315.467744   40.326803   18.438614    0.038691    9.567534
    0.756219    0.960733    0.000422   -0.003009    0.021729     -329.226614      316.071245   40.470470   18.507627    0.038691    9.567534
    0.758706    0.960722    0.000500   -0.003560    0.025660     -330.007413      316.674125   40.614136   18.576639    0.038691    9.567534
    0.761194    0.960709    0.000592   -0.004210    0.030288     -330.815796      317.276271   40.757800   18.645649    0.038691    9.567534
    0.763682    0.960693    0.000701   -0.004977    0.035730     -331.656784      317.877549   40.901462   18.714658    0.038691    9.567534
    0.766169    0.960675    0.000830   -0.005882    0.042125     -332.536289      318.477799   41.045122   18.783663    0.038691    9.567534
    0.768657    0.960654    0.000983   -0.006948    0.049630     -333.461262      319.076836   41.188779   18.852666    0.038691    9.567534
    0.771144    0.960628    0.001163   -0.008204    0.058427     -334.439864      319.674439   41.332432   18.921666    0.038691    9.567534
    0.773632    0.960598    0.001375   -0.009682    0.068724     -335.481663      320.270349   41.476081   18.990661    0.038691    9.567534
    0.776119    0.960562    0.001626   -0.011419    0.080758     -336.597855      320.864264   41.619725   19.059652    0.038691    9.567534
    0.778607    0.960520    0.001921   -0.013458    0.094795     -337.801510      321.455826   41.763363   19.128637    0.038691    9.567534
    0.781095    0.960470    0.002269   -0.015851    0.111135     -339.107850      322.044619   41.906994   19.197616    0.038691    9.567534
    0.783582    0.960412    0.002679   -0.018653    0.130111     -340.534547      322.630155   42.050618   19.266586    0.038691    9.567534
    0.786070    0.960342    0.003161   -0.021932    0.152087     -342.102050      323.211867   42.194231   19.335548    0.038691    9.567534
    0.788557    0.960261    0.003727   -0.025759    0.177463     -343.833917      323.789093   42.337834   19.404498    0.038691    9.567534
    0.791045    0.960164    0.004392   -0.030221    0.206660     -345.757163      324.361070   42.481423   19.473436    0.038691    9.567534
    0.793532    0.960051    0.005171   -0.035409    0.240125     -347.902583      324.926912   42.624996   19.542358    0.038691    9.567534
    0.796020    0.959917    0.006084   -0.041429    0.278309     -350.305050      325.485603   42.768552   19.611263    0.038691    9.567534
    0.798507    0.959760    0.007151   -0.048395    0.321660     -353.003732      326.035980   42.912085   19.680146    0.038691    9.567534
    0.800995    0.959575    0.008396   -0.056431    0.370599     -356.042201      326.576718   43.055593   19.749004    0.038691    9.567534
    0.803483    0.959359    0.009846   -0.065670    0.425492     -359.468372      327.106321   43.199071   19.817832    0.038691    9.567534
    0.805970    0.959105    0.011532   -0.076255    0.486619     -363.334201      327.623109   43.342514   19.886626    0.038691    9.567534
    0.808458    0.958807    0.013488   -0.088329    0.554134     -367.695077      328.125214   43.485915   19.955379    0.038691    9.567534
    0.810945    0.958460    0.015750   -0.102041    0.628023     -372.608802      328.610581   43.629269   20.024084    0.038691    9.567534
    0.813433    0.958055    0.018359   -0.117534    0.708053     -378.134107      329.076977   43.772566   20.092732    0.038691    9.567534
    0.815920    0.957583    0.021360   -0.134942    0.793727     -384.328602      329.522006   43.915798   20.161314    0.038691    9.567534
    0.818408    0.957035    0.024799   -0.154386    0.884239     -391.246149      329.943146   44.058954   20.229819    0.038691    9.567534
    0.820896    0.956399    0.028725   -0.175961    0.978444     -398.933650      330.337794   44.202022   20.298232    0.038691    9.567534
    0.823383    0.955664    0.033192   -0.199733    1.074841     -407.427359      330.703323   44.344987   20.366540    0.038691    9.567534
    0.825871    0.954815    0.038250   -0.225726    1.171579     -416.748876      331.037166   44.487833   20.434723    0.038691    9.567534
    0.828358    0.953838    0.043954   -0.253919    1.266497     -426.901135      331.336906   44.630544   20.502763    0.038691    9.567534
    0.830846    0.952718    0.050353   -0.284236    1.357196     -437.864760      331.600377   44.773098   20.570635    0.038691    9.567534
    0.833333    0.951437    0.057499   -0.316545    1.441143     -449.595263      331.825772   44.915472   20.638314    0.038691    9.567534
    0.835821    0.949976    0.065435   -0.350654    1.515805     -462.021551      332.011749   45.057642   20.705768    0.038691    9.567534
    0.838308    0.948318    0.074202   -0.386312    1.578804     -475.046161      332.157521   45.199579   20.772965    0.038691    9.567534
    0.840796    0.946441    0.083833   -0.423221    1.628074     -488.547481      332.262930   45.341252   20.839866    0.038691    9.567534
    0.843284    0.944325    0.094355   -0.461037    1.662011     -502.383994      332.328484   45.482626   20.906429    0.038691    9.567534
    0.845771    0.941949    0.105783   -0.499387    1.679587     -516.400279      332.355369   45.623665   20.972607    0.038691    9.567534
    0.848259    0.939292    0.118126   -0.537886    1.680423     -530.434281      332.345408   45.764328   21.038350    0.038691    9.567534
    0.850746    0.936332    0.131384   -0.576146    1.664808     -544.325115      332.300999   45.904571   21.103602    0.038691    9.567534
    0.853234    0.933049    0.145546   -0.613796    1.633663     -557.920644      332.225014   46.044348   21.168303    0.038691    9.567534
    0.855721    0.929422    0.160593   -0.650496    1.588454     -571.084067      332.120675   46.183608   21.232389    0.038691    9.567534
    0.858209    0.925431    0.176499   -0.685943    1.531072     -583.698965      331.991428   46.322299   21.295793    0.038691    9.567534
    0.860697    0.921058    0.193232   -0.719886    1.463687     -595.672484      331.840810   46.460365   21.358444    0.038691    9.567534
    0.863184    0.916285    0.210752   -0.752127    1.388602     -606.936594      331.672329   46.597747   21.420268    0.038691    9.567534
    0.865672    0.911095    0.229018   -0.782520    1.308114     -617.447628      331.489362   46.734384   21.481190    0.038691    9.567534
    0.868159    0.905474    0.247985   -0.810974    1.224400     -627.184406      331.295073   46.870214   21.541133    0.038691    9.567534
    0.870647    0.899408    0.267605   -0.837444    1.139432     -636.145413      331.092353   47.005169   21.600018    0.038691    9.567534
    0.873134    0.892884    0.287831   -0.861930    1.054913     -644.345421      330.883789   47.139183   21.657768    0.038691    9.567534
    0.875622    0.885892    0.308617   -0.884467    0.972256     -651.811960      330.671645   47.272187   21.714306    0.038691    9.567534
    0.878109    0.878423    0.329916   -0.905117    0.892575     -658.581915      330.457861   47.404110   21.769557    0.038691    9.567534
    0.880597    0.870469    0.351686   -0.923967    0.816700     -664.698455      330.244069   47.534880   21.823448    0.038691    9.567534
    0.883085    0.862024    0.373883   -0.941117    0.745203     -670.208409      330.031613   47.664423   21.875907    0.038691    9.567534
    0.885572    0.853083    0.396470   -0.956677    0.678434     -675.160122      329.821576   47.792667   21.926870    0.038691    9.567534
    0.888060    0.843642    0.419409   -0.970764    0.616554     -679.601792      329.614810   47.919536   21.976273    0.038691    9.567534
    0.890547    0.833699    0.442667   -0.983494    0.559577     -683.580238      329.411964   48.044956   22.024058    0.038691    9.567534
    0.893035    0.823252    0.466213   -0.994983    0.507402     -687.140042      329.213515   48.168852   22.070175    0.038691    9.567534
    0.895522    0.812302    0.490019   -1.005341    0.459845     -690.322999      329.019797   48.291147   22.114577    0.038691    9.567534
    0.898010    0.800850    0.514059   -1.014675    0.416661     -693.167810      328.831018   48.411768   22.157223    0.038691    9.567534
    0.900498    0.788898    0.538310   -1.023084    0.377573     -695.709951      328.647291   48.530639   22.198079    0.038691    9.567534
    0.902985    0.776448    0.562751   -1.030659    0.342279     -697.981690      328.468648   48.647685   22.237120    0.038691    9.567534
    0.905473    0.763504    0.587363   -1.037485    0.310477     -700.012186      328.295054   48.762832   22.274324    0.038691    9.567534
    0.907960    0.750071    0.612129   -1.043639    0.281863     -701.827656      328.126427   48.876007   22.309679    0.038691    9.567534
    0.910448    0.736154    0.637035   -1.049192    0.256147     -703.451575      327.962645   48.987137   22.343179    0.038691    9.567534
    0.912935    0.721760    0.662066   -1.054206    0.233053     -704.904894      327.803555   49.096151   22.374824    0.038691    9.567534
    0.915423    0.706895    0.687211   -1.058739    0.212324     -706.206267      327.648985   49.202976   22.404624    0.038691    9.567534
    0.917910    0.691566    0.712459   -1.062842    0.193719     -707.372274      327.498745   49.307544   22.432594    0.038691    9.567534
    0.920398    0.675782    0.737799   -1.066561    0.177021     -708.417625      327.352636   49.409785   22.458755    0.038691    9.567534
    0.922886    0.659551    0.763224   -1.069936    0.162031     -709.355366      327.210450   49.509633   22.483137    0.038691    9.567534
    0.925373    0.642882    0.788725   -1.073004    0.148568     -710.197054      327.071980   49.607020   22.505774    0.038691    9.567534
    0.927861    0.625784    0.814296   -1.075798    0.136471     -710.952930      326.937014   49.701883   22.526708    0.038691    9.567534
    0.930348    0.608269    0.839931   -1.078346    0.125594     -711.632064      326.805341   49.794158   22.545985    0.038691    9.567534
    0.932836    0.590345    0.865623   -1.080674    0.115808     -712.242494      326.676754   49.883782   22.563659    0.038691    9.567534
    0.935323    0.572025    0.891369   -1.082805    0.106995     -712.791344      326.551049   49.970697   22.579785    0.038691    9.567534
    0.937811    0.553320    0.917163   -1.084760    0.099053     -713.284931      326.428022   50.054843   22.594426    0.038691    9.567534
    0.940299    0.534241    0.943002   -1.086556    0.091889     -713.728860      326.307478   50.136164   22.607647    0.038691    9.567534
    0.942786    0.514800    0.968882   -1.088210    0.085422     -714.128110      326.189221   50.214604   22.619518    0.038691    9.567534
    0.945274    0.495011    0.994799   -1.089737    0.079578     -714.487106      326.073065   50.290112   22.630111    0.038691    9.567534
    0.947761    0.474885    1.020752   -1.091148    0.074293     -714.809784      325.958823   50.362634   22.639501    0.038691    9.567534
    0.950249    0.454436    1.046737   -1.092457    0.069509     -715.099646      325.846314   50.432123   22.647765    0.038691    9.567534
    0.952736    0.433678    1.072752   -1.093673    0.065173     -715.359815      325.735361   50.498530   22.654981    0.038691    9.567534
    0.955224    0.412624    1.098795   -1.094805    0.061239     -715.593078      325.625792   50.561812   22.661227    0.038691    9.567534
    0.957711    0.391288    1.124864   -1.095861    0.057665     -715.801922      325.517434   50.621923   22.666583    0.038691    9.567534
    0.960199    0.369684    1.150957   -1.096850    0.054412     -715.988569      325.410122   50.678824   22.671128    0.038691    9.567534
    0.962687    0.347827    1.177073   -1.097777    0.051445     -716.155008      325.303689   50.732474   22.674939    0.038691    9.567534
    0.965174    0.325731    1.203210   -1.098649    0.048729     -716.303021      325.197973   50.782839   22.678093    0.038691    9.567534
    0.967662    0.303412    1.229368   -1.099470    0.046231     -716.434205      325.092813   50.829882   22.680665    0.038691    9.567534
    0.970149    0.280884    1.255544   -1.100246    0.043917     -716.549991      324.988051   50.873572   22.682726    0.038691    9.567534
    0.972637    0.258163    1.281739   -1.100980    0.041752     -716.651667      324.883528   50.913879   22.684346    0.038691    9.567534
    0.975124    0.235264    1.307950   -1.101675    0.039696     -716.740389      324.779087   50.950774   22.685588    0.038691    9.567534
    0.977612    0.212203    1.334178   -1.102335    0.037700     -716.817197      324.674574   50.984233   22.686516    0.038691    9.567534
    0.980100    0.188996    1.360421   -1.102959    0.035706     -716.883030      324.569832   51.014232   22.687185    0.038691    9.567534
    0.982587    0.165659    1.386678   -1.103549    0.033636     -716.938732      324.464707   51.040751   22.687648    0.038691    9.567534
    0.985075    0.142206    1.412949   -1.104103    0.031386     -716.985066      324.359044   51.063771   22.687951    0.038691    9.567534
    0.987562    0.118656    1.439233   -1.104618    0.028814     -717.022724      324.252689   51.083277   22.688136    0.038691    9.567534
    0.990050    0.095024    1.465528   -1.105087    0.025716     -717.052332      324.145487   51.099254   22.688238    0.038691    9.567534
    0.992537    0.071325    1.491834   -1.105499    0.021805     -717.074462      324.037283   51.111693   22.688287    0.038691    9.567534
    0.995025    0.047578    1.518149   -1.105836    0.016664     -717.089641      323.927924   51.120584   22.688305    0.038691    9.567534
    0.997512    0.023797    1.544471   -1.106070    0.009690     -717.098366      323.817254   51.125921   22.688309    0.038691    9.567534
    1.000000    0.000000    1.570796   -1.106161    0.000000     -717.101138      323.705119   51.127700   22.688309    0.038691    9.567534
