           t           r         psi          cs          qs               p             sig           A           V          Q2           S
    0.000000   -0.000000   -1.570796   -0.784490    0.000000   -12331.839298     7917.708569   -0.000000   -0.000000    0.184722    4.092427
    0.009804    0.040115   -1.539125   -0.796749    0.611802   -12336.573724     7789.730103    0.005057    0.000002    0.184722    4.092427
    0.019608    0.080189   -1.506797   -0.815049    0.694808   -12351.743888     7665.753916    0.020222    0.000026    0.184722    4.092427
    0.029412    0.120180   -1.473702   -0.834924    0.748513   -12378.782555     7545.451865    0.045480    0.000132    0.184722    4.092427
    0.039216    0.160039   -1.439779   -0.856396    0.805588   -12419.309536     7428.530812    0.080804    0.000419    0.184722    4.092427
    0.049020    0.199718   -1.404957   -0.879754    0.871206   -12475.219411     7314.738492    0.126154    0.001030    0.184722    4.092427
    0.058824    0.239163   -1.369154   -0.905357    0.947800   -12548.748503     7203.871049    0.181479    0.002148    0.184722    4.092427
    0.068627    0.278316   -1.332272   -0.933627    1.037470   -12642.544799     7095.782816    0.246713    0.004000    0.184722    4.092427
    0.078431    0.317113   -1.294194   -0.965055    1.142402   -12759.745609     6990.399153    0.321773    0.006858    0.184722    4.092427
    0.088235    0.355485   -1.254783   -1.000214    1.264950   -12904.063578     6887.733381    0.406561    0.011035    0.184722    4.092427
    0.098039    0.393357   -1.213875   -1.039767    1.407600   -13079.878328     6787.909253    0.500961    0.016884    0.184722    4.092427
    0.107843    0.430642   -1.171279   -1.084468    1.572806   -13292.326091     6691.190819    0.604837    0.024801    0.184722    4.092427
    0.117647    0.467248   -1.126773   -1.135160    1.762653   -13547.371161     6598.022127    0.718028    0.035219    0.184722    4.092427
    0.127451    0.503067   -1.080097   -1.192757    1.978215   -13851.828338     6509.079804    0.840350    0.048605    0.184722    4.092427
    0.137255    0.537980   -1.030957   -1.258185    2.218445   -14213.280862     6425.342174    0.971591    0.065453    0.184722    4.092427
    0.147059    0.571851   -0.979020   -1.332285    2.478320   -14639.798513     6348.178799    1.111505    0.086281    0.184722    4.092427
    0.156863    0.604523   -0.923926   -1.415614    2.745945   -15139.299985     6279.463617    1.259809    0.111616    0.184722    4.092427
    0.166667    0.635820   -0.865302   -1.508125    2.998324   -15718.320631     6221.711959    1.416181    0.141976    0.184722    4.092427
    0.176471    0.665541   -0.802800   -1.608654    3.195911   -16379.854805     6178.234283    1.580249    0.177853    0.184722    4.092427
    0.186275    0.693461   -0.736150   -1.714194    3.277077   -17119.896141     6153.284221    1.751586    0.219678    0.184722    4.092427
    0.196078    0.719335   -0.665255   -1.818994    3.155827   -17922.438315     6152.151227    1.929710    0.267779    0.184722    4.092427
    0.205882    0.742906   -0.590320   -1.913720    2.729229   -18753.283889     6181.107536    2.114071    0.322334    0.184722    4.092427
    0.215686    0.763920   -0.512001   -1.985185    1.903010   -19554.349025     6247.075228    2.304058    0.383316    0.184722    4.092427
    0.225490    0.782153   -0.431546   -2.017471    0.639056   -20242.204228     6356.866639    2.498995    0.450445    0.184722    4.092427
    0.235294    0.797444   -0.350845   -1.995091   -0.988857   -20716.132994     6515.935211    2.698161    0.523169    0.184722    4.092427
    0.245098    0.809730   -0.272324   -1.907880   -2.768942   -20879.198075     6726.810687    2.900802    0.600687    0.184722    4.092427
    0.254902    0.819068   -0.198625   -1.755678   -4.395852   -20668.423190     6987.725701    3.106167    0.682022    0.184722    4.092427
    0.264706    0.825645   -0.132162   -1.549951   -5.582386   -20080.579597     7292.120974    3.313532    0.766141    0.184722    4.092427
    0.274510    0.829755   -0.074698   -1.310869   -6.172233   -19178.003586     7629.457149    3.522238    0.852068    0.184722    4.092427
    0.284314    0.831763   -0.027111   -1.061310   -6.179108   -18069.976648     7987.114533    3.731707    0.938977    0.184722    4.092427
    0.294118    0.832062    0.010593   -0.821057   -5.740575   -16880.650779     8352.609319    3.941458    1.026230    0.184722    4.092427
    0.303922    0.831037    0.039081   -0.603630   -5.036583   -15720.109695     8715.325853    4.151109    1.113376    0.184722    4.092427
    0.313725    0.829036    0.059431   -0.415982   -4.225968   -14668.501124     9067.382095    4.360373    1.200122    0.184722    4.092427
    0.323529    0.826363    0.072885   -0.259933   -3.419498   -13773.357771     9403.705663    4.569041    1.286292    0.184722    4.092427
    0.333333    0.823268    0.080693   -0.134044   -2.680342   -13054.943588     9721.625901    4.776978    1.371794    0.184722    4.092427
    0.343137    0.819955    0.084004   -0.035202   -2.036282   -12514.304843    10020.284609    4.984103    1.456592    0.184722    4.092427
    0.352941    0.816582    0.083829    0.040307   -1.493103   -12140.770781    10300.062051    5.190383    1.540690    0.184722    4.092427
    0.362745    0.813271    0.081032    0.096172   -1.044885   -11917.642049    10562.107512    5.395817    1.624110    0.184722    4.092427
    0.372549    0.810112    0.076330    0.135762   -0.680620   -11825.978575    10807.993716    5.600435    1.706894    0.184722    4.092427
    0.382353    0.807169    0.070316    0.162013   -0.387970   -11846.869427    11039.480655    5.804283    1.789090    0.184722    4.092427
    0.392157    0.804485    0.063474    0.177418   -0.155150   -11962.647552    11258.363707    6.007420    1.870751    0.184722    4.092427
    0.401961    0.802085    0.056196    0.184069    0.028280   -12157.436415    11466.381546    6.209916    1.951934    0.184722    4.092427
    0.411765    0.799980    0.048797    0.183706    0.171201   -12417.305642    11665.164084    6.411845    2.032695    0.184722    4.092427
    0.421569    0.798169    0.041529    0.177778    0.281008   -12730.216977    11856.205946    6.613280    2.113091    0.184722    4.092427
    0.431373    0.796644    0.034590    0.167489    0.363800   -13085.871845    12040.855478    6.814294    2.193176    0.184722    4.092427
    0.441176    0.795388    0.028134    0.153843    0.424598   -13475.525165    12220.312681    7.014959    2.273001    0.184722    4.092427
    0.450980    0.794379    0.022279    0.137674    0.467556   -13891.800664    12395.631839    7.215338    2.352613    0.184722    4.092427
    0.460784    0.793591    0.017111    0.119676    0.496144   -14328.525270    12567.726261    7.415492    2.432055    0.184722    4.092427
    0.470588    0.792996    0.012692    0.100421    0.513306   -14780.589821    12737.373603    7.615472    2.511366    0.184722    4.092427
    0.480392    0.792562    0.009064    0.080374    0.521581   -15243.837454    12905.220961    7.815323    2.590579    0.184722    4.092427
    0.490196    0.792257    0.006248    0.059908    0.523201   -15714.977869    13071.789343    8.015081    2.669721    0.184722    4.092427
    0.500000    0.792049    0.004258    0.039309    0.520164   -16191.523917    13237.477438    8.214776    2.748813    0.184722    4.092427
    0.509804    0.791905    0.003093    0.018787    0.514288   -16671.746126    13402.564731    8.414427    2.827872    0.184722    4.092427
    0.519608    0.791790    0.002748   -0.001524    0.507245   -17154.640375    13567.214147    8.614045    2.906905    0.184722    4.092427
    0.529412    0.791673    0.003212   -0.021553    0.500585   -17639.903792    13731.474433    8.813636    2.985916    0.184722    4.092427
    0.539216    0.791522    0.004473   -0.041296    0.495743   -18127.913976    13895.282522    9.013193    3.064901    0.184722    4.092427
    0.549020    0.791304    0.006522   -0.060806    0.494042   -18619.706786    14058.466124    9.212704    3.143848    0.184722    4.092427
    0.558824    0.790988    0.009351   -0.080188    0.496683   -19116.948147    14220.746769    9.412149    3.222741    0.184722    4.092427
    0.568627    0.790543    0.012957   -0.099597    0.504733   -19621.895614    14381.743548    9.611498    3.301557    0.184722    4.092427
    0.578431    0.789938    0.017346   -0.119229    0.519107   -20137.345796    14540.977761    9.810716    3.380264    0.184722    4.092427
    0.588235    0.789141    0.022531   -0.139314    0.540550   -20666.564178    14697.878685   10.009758    3.458826    0.184722    4.092427
    0.598039    0.788119    0.028535   -0.160112    0.569610   -21213.194380    14851.790695   10.208571    3.537198    0.184722    4.092427
    0.607843    0.786840    0.035392   -0.181897    0.606621   -21781.144610    15001.981967   10.407095    3.615327    0.184722    4.092427
    0.617647    0.785268    0.043148   -0.204958    0.651672   -22374.449890    15147.654989   10.605260    3.693154    0.184722    4.092427
    0.627451    0.783366    0.051859   -0.229580    0.704594   -22997.109886    15287.959129   10.802988    3.770610    0.184722    4.092427
    0.637255    0.781095    0.061595   -0.256036    0.764933   -23652.903742    15422.005452   11.000191    3.847618    0.184722    4.092427
    0.647059    0.778412    0.072432   -0.284578    0.831939   -24345.185433    15548.883944   11.196770    3.924092    0.184722    4.092427
    0.656863    0.775272    0.084461   -0.315423    0.904559   -25076.665823    15667.683174   11.392616    3.999933    0.184722    4.092427
    0.666667    0.771625    0.097776   -0.348743    0.981441   -25849.190644    15777.512237   11.587609    4.075033    0.184722    4.092427
    0.676471    0.767420    0.112480   -0.384652    1.060952   -26663.526965    15877.524627   11.781612    4.149271    0.184722    4.092427
    0.686275    0.762599    0.128677   -0.423200    1.141218   -27519.173696    15966.943346   11.974479    4.222514    0.184722    4.092427
    0.696078    0.757102    0.146474   -0.464361    1.220174   -28414.213921    16045.086296   12.166047    4.294614    0.184722    4.092427
    0.705882    0.750866    0.165973   -0.508034    1.295650   -29345.227377    16111.390635   12.356137    4.365411    0.184722    4.092427
    0.715686    0.743822    0.187272   -0.554034    1.365464   -30307.279722    16165.434605   12.544555    4.434730    0.184722    4.092427
    0.725490    0.735902    0.210459   -0.602102    1.427534   -31294.000735    16206.955182   12.731088    4.502384    0.184722    4.092427
    0.735294    0.727035    0.235610   -0.651907    1.479996   -32297.756338    16235.860008   12.915507    4.568171    0.184722    4.092427
    0.745098    0.717146    0.262788   -0.703061    1.521311   -33309.909950    16252.232313   13.097563    4.631882    0.184722    4.092427
    0.754902    0.706165    0.292038   -0.755129    1.550367   -34321.158402    16256.328045   13.276990    4.693297    0.184722    4.092427
    0.764706    0.694020    0.323388   -0.807650    1.566537   -35321.918181    16248.565050   13.453504    4.752195    0.184722    4.092427
    0.774510    0.680643    0.356847   -0.860156    1.569718   -36302.730954    16229.504852   13.626802    4.808354    0.184722    4.092427
    0.784314    0.665969    0.392404   -0.912191    1.560313   -37254.654559    16199.828270   13.796566    4.861556    0.184722    4.092427
    0.794118    0.649938    0.430032   -0.963327    1.539192   -38169.607580    16160.306613   13.962460    4.911597    0.184722    4.092427
    0.803922    0.632499    0.469688   -1.013182    1.507609   -39040.641934    16111.770528   14.124137    4.958291    0.184722    4.092427
    0.813725    0.613606    0.511312   -1.061429    1.467101   -39862.127302    16055.078612   14.281235    5.001478    0.184722    4.092427
    0.823529    0.593224    0.554836   -1.107804    1.419385   -40629.841954    15991.087704   14.433383    5.041032    0.184722    4.092427
    0.833333    0.571327    0.600179   -1.152110    1.366246   -41340.974679    15920.626390   14.580203    5.076863    0.184722    4.092427
    0.843137    0.547900    0.647256   -1.194216    1.309447   -41994.050564    15844.472776   14.721309    5.108932    0.184722    4.092427
    0.852941    0.522941    0.695977   -1.234053    1.250648   -42588.798481    15763.337038   14.856317    5.137246    0.184722    4.092427
    0.862745    0.496458    0.746250   -1.271608    1.191356   -43125.980077    15677.848814   14.984841    5.161867    0.184722    4.092427
    0.872549    0.468473    0.797985   -1.306919    1.132887   -43607.199352    15588.549135   15.106498    5.182915    0.184722    4.092427
    0.882353    0.439021    0.851093   -1.340063    1.076356   -44034.709230    15495.886307   15.220915    5.200559    0.184722    4.092427
    0.892157    0.408148    0.905489   -1.371151    1.022677   -44411.227819    15400.215079   15.327727    5.215025    0.184722    4.092427
    0.901961    0.375913    0.961094   -1.400321    0.972573   -44739.773047    15301.798349   15.426583    5.226580    0.184722    4.092427
    0.911765    0.342388    1.017833   -1.427729    0.926603   -45023.520657    15200.810742   15.517148    5.235532    0.184722    4.092427
    0.921569    0.307658    1.075639   -1.453546    0.885176   -45265.687500    15097.343486   15.599109    5.242217    0.184722    4.092427
    0.931373    0.271816    1.134452   -1.477952    0.848581   -45469.439790    14991.410108   15.672172    5.246989    0.184722    4.092427
    0.941176    0.234970    1.194218   -1.501131    0.817000   -45637.824524    14882.952650   15.736070    5.250208    0.184722    4.092427
    0.950980    0.197236    1.254894   -1.523274    0.790508   -45773.721526    14771.848167   15.790565    5.252221    0.184722    4.092427
    0.960784    0.158741    1.316440   -1.544570    0.769031   -45879.813504    14657.915417   15.835450    5.253358    0.184722    4.092427
    0.970588    0.119621    1.378827   -1.565212    0.752118   -45958.572184    14540.921727   15.870548    5.253910    0.184722    4.092427
    0.980392    0.080021    1.442032   -1.585384    0.737560   -46012.260770    14420.590056   15.895720    5.254118    0.184722    4.092427
    0.990196    0.040094    1.506040   -1.605179    0.704399   -46042.960388    14296.606359   15.910866    5.254167    0.184722    4.092427
    1.000000    0.000000    1.570796   -1.620268    0.000000   -46052.680036    14168.627348   15.915921    5.254170    0.184722    4.092427
