           t           r         psi          cs          qs               p             sig           A           V          Q2           S
    0.000000   -0.000000   -1.570796   -1.150166    0.000000        4.361564       -2.531795    0.000000   -0.000000    0.028993    8.796959
    0.002488    0.021881   -1.545628   -1.150035   -0.016001        4.361562       -2.531901    0.001504    0.000000    0.028993    8.796959
    0.004975    0.043747   -1.520466   -1.149641   -0.031996        4.361554       -2.532005    0.006016    0.000003    0.028993    8.796959
    0.007463    0.065587   -1.495315   -1.148984   -0.047976        4.361541       -2.532108    0.013533    0.000017    0.028993    8.796959
    0.009950    0.087384   -1.470181   -1.148065   -0.063931        4.361521       -2.532210    0.024050    0.000053    0.028993    8.796959
    0.012438    0.109127   -1.445071   -1.146885   -0.079852        4.361495       -2.532311    0.037560    0.000129    0.028993    8.796959
    0.014925    0.130800   -1.419989   -1.145442   -0.095730        4.361463       -2.532411    0.054056    0.000266    0.028993    8.796959
    0.017413    0.152391   -1.394941   -1.143738   -0.111554        4.361422       -2.532511    0.073525    0.000492    0.028993    8.796959
    0.019900    0.173887   -1.369934   -1.141774   -0.127317        4.361374       -2.532610    0.095957    0.000836    0.028993    8.796959
    0.022388    0.195273   -1.344972   -1.139549   -0.143008        4.361317       -2.532709    0.121337    0.001333    0.028993    8.796959
    0.024876    0.216537   -1.320062   -1.137066   -0.158618        4.361251       -2.532807    0.149650    0.002023    0.028993    8.796959
    0.027363    0.237666   -1.295209   -1.134324   -0.174138        4.361175       -2.532906    0.180877    0.002948    0.028993    8.796959
    0.029851    0.258647   -1.270419   -1.131325   -0.189559        4.361088       -2.533004    0.214999    0.004152    0.028993    8.796959
    0.032338    0.279468   -1.245698   -1.128069   -0.204872        4.360990       -2.533103    0.251995    0.005686    0.028993    8.796959
    0.034826    0.300117   -1.221050   -1.124558   -0.220068        4.360880       -2.533202    0.291842    0.007600    0.028993    8.796959
    0.037313    0.320581   -1.196482   -1.120794   -0.235138        4.360756       -2.533301    0.334515    0.009948    0.028993    8.796959
    0.039801    0.340849   -1.171999   -1.116777   -0.250072        4.360617       -2.533401    0.379989    0.012785    0.028993    8.796959
    0.042289    0.360909   -1.147607   -1.112508   -0.264863        4.360463       -2.533501    0.428236    0.016170    0.028993    8.796959
    0.044776    0.380750   -1.123311   -1.107990   -0.279501        4.360292       -2.533602    0.479225    0.020160    0.028993    8.796959
    0.047264    0.400362   -1.099117   -1.103224   -0.293978        4.360102       -2.533705    0.532927    0.024815    0.028993    8.796959
    0.049751    0.419734   -1.075029   -1.098212   -0.308285        4.359892       -2.533808    0.589310    0.030194    0.028993    8.796959
    0.052239    0.438855   -1.051054   -1.092956   -0.322414        4.359659       -2.533912    0.648338    0.036358    0.028993    8.796959
    0.054726    0.457717   -1.027197   -1.087456   -0.336356        4.359403       -2.534018    0.709978    0.043365    0.028993    8.796959
    0.057214    0.476309   -1.003462   -1.081717   -0.350104        4.359120       -2.534125    0.774193    0.051276    0.028993    8.796959
    0.059701    0.494623   -0.979856   -1.075739   -0.363649        4.358809       -2.534234    0.840946    0.060148    0.028993    8.796959
    0.062189    0.512651   -0.956383   -1.069524   -0.376983        4.358466       -2.534344    0.910197    0.070036    0.028993    8.796959
    0.064677    0.530382   -0.933049   -1.063076   -0.390099        4.358088       -2.534457    0.981906    0.080997    0.028993    8.796959
    0.067164    0.547811   -0.909859   -1.056396   -0.402989        4.357672       -2.534572    1.056032    0.093082    0.028993    8.796959
    0.069652    0.564930   -0.886817   -1.049487   -0.415645        4.357214       -2.534689    1.132534    0.106342    0.028993    8.796959
    0.072139    0.581730   -0.863928   -1.042350   -0.428060        4.356710       -2.534808    1.211368    0.120825    0.028993    8.796959
    0.074627    0.598207   -0.841199   -1.034990   -0.440228        4.356156       -2.534930    1.292489    0.136575    0.028993    8.796959
    0.077114    0.614353   -0.818633   -1.027409   -0.452141        4.355545       -2.535055    1.375853    0.153635    0.028993    8.796959
    0.079602    0.630164   -0.796235   -1.019608   -0.463793        4.354872       -2.535183    1.461415    0.172043    0.028993    8.796959
    0.082090    0.645633   -0.774010   -1.011592   -0.475178        4.354130       -2.535315    1.549126    0.191834    0.028993    8.796959
    0.084577    0.660755   -0.751963   -1.003363   -0.486288        4.353312       -2.535449    1.638941    0.213038    0.028993    8.796959
    0.087065    0.675526   -0.730099   -0.994923   -0.497120        4.352409       -2.535587    1.730811    0.235685    0.028993    8.796959
    0.089552    0.689943   -0.708421   -0.986277   -0.507667        4.351413       -2.535730    1.824688    0.259797    0.028993    8.796959
    0.092040    0.704001   -0.686935   -0.977427   -0.517925        4.350311       -2.535876    1.920522    0.285393    0.028993    8.796959
    0.094527    0.717697   -0.665644   -0.968375   -0.527888        4.349093       -2.536027    2.018264    0.312490    0.028993    8.796959
    0.097015    0.731029   -0.644554   -0.959126   -0.537552        4.347745       -2.536182    2.117864    0.341099    0.028993    8.796959
    0.099502    0.743993   -0.623669   -0.949683   -0.546914        4.346251       -2.536342    2.219272    0.371228    0.028993    8.796959
    0.101990    0.756588   -0.602992   -0.940048   -0.555970        4.344595       -2.536507    2.322438    0.402879    0.028993    8.796959
    0.104478    0.768812   -0.582528   -0.930226   -0.564718        4.342756       -2.536678    2.427309    0.436052    0.028993    8.796959
    0.106965    0.780665   -0.562281   -0.920218   -0.573155        4.340712       -2.536854    2.533836    0.470743    0.028993    8.796959
    0.109453    0.792145   -0.542255   -0.910030   -0.581280        4.338439       -2.537036    2.641967    0.506942    0.028993    8.796959
    0.111940    0.803251   -0.522454   -0.899663   -0.589092        4.335908       -2.537224    2.751651    0.544638    0.028993    8.796959
    0.114428    0.813984   -0.502882   -0.889121   -0.596592        4.333086       -2.537418    2.862836    0.583815    0.028993    8.796959
    0.116915    0.824344   -0.483542   -0.878407   -0.603780        4.329938       -2.537619    2.975471    0.624453    0.028993    8.796959
    0.119403    0.834332   -0.464439   -0.867525   -0.610658        4.326420       -2.537827    3.089505    0.666529    0.028993    8.796959
    0.121891    0.843948   -0.445575   -0.856477   -0.617230        4.322488       -2.538041    3.204886    0.710017    0.028993    8.796959
    0.124378    0.853195   -0.426955   -0.845267   -0.623500        4.318087       -2.538262    3.321565    0.754887    0.028993    8.796959
    0.126866    0.862073   -0.408582   -0.833897   -0.629473        4.313158       -2.538490    3.439489    0.801109    0.028993    8.796959
    0.129353    0.870584   -0.390460   -0.822370   -0.635157        4.307634       -2.538725    3.558609    0.848646    0.028993    8.796959
    0.131841    0.878731   -0.372592   -0.810688   -0.640561        4.301440       -2.538966    3.678874    0.897462    0.028993    8.796959
    0.134328    0.886517   -0.354981   -0.798855   -0.645696        4.294494       -2.539212    3.800235    0.947517    0.028993    8.796959
    0.136816    0.893944   -0.337630   -0.786871   -0.650574        4.286705       -2.539464    3.922641    0.998770    0.028993    8.796959
    0.139303    0.901016   -0.320544   -0.774738   -0.655211        4.277972       -2.539720    4.046044    1.051176    0.028993    8.796959
    0.141791    0.907735   -0.303724   -0.762459   -0.659623        4.268191       -2.539979    4.170395    1.104691    0.028993    8.796959
    0.144279    0.914106   -0.287175   -0.750033   -0.663831        4.257251       -2.540238    4.295646    1.159268    0.028993    8.796959
    0.146766    0.920133   -0.270899   -0.737462   -0.667857        4.245040       -2.540496    4.421749    1.214860    0.028993    8.796959
    0.149254    0.925819   -0.254900   -0.724746   -0.671724        4.231452       -2.540749    4.548657    1.271416    0.028993    8.796959
    0.151741    0.931170   -0.239181   -0.711883   -0.675461        4.216394       -2.540993    4.676324    1.328887    0.028993    8.796959
    0.154229    0.936190   -0.223745   -0.698874   -0.679096        4.199800       -2.541222    4.804704    1.387224    0.028993    8.796959
    0.156716    0.940883   -0.208595   -0.685716   -0.682657        4.181647       -2.541431    4.933752    1.446374    0.028993    8.796959
    0.159204    0.945255   -0.193735   -0.672407   -0.686174        4.161979       -2.541612    5.063422    1.506287    0.028993    8.796959
    0.161692    0.949310   -0.179168   -0.658944   -0.689675        4.140940       -2.541754    5.193672    1.566911    0.028993    8.796959
    0.164179    0.953056   -0.164897   -0.645324   -0.693181        4.118809       -2.541846    5.324459    1.628195    0.028993    8.796959
    0.166667    0.956497   -0.150926   -0.631542   -0.696706        4.096043       -2.541876    5.455739    1.690089    0.028993    8.796959
    0.169154    0.959638   -0.137258   -0.617596   -0.700251        4.073325       -2.541826    5.587472    1.752541    0.028993    8.796959
    0.171642    0.962487   -0.123897   -0.603482   -0.703801        4.051601       -2.541682    5.719616    1.815501    0.028993    8.796959
    0.174129    0.965049   -0.110847   -0.589195   -0.707313        4.032105       -2.541424    5.852133    1.878921    0.028993    8.796959
    0.176617    0.967331   -0.098112   -0.574736   -0.710718        4.016347       -2.541034    5.984982    1.942751    0.028993    8.796959
    0.179104    0.969338   -0.085695   -0.560103   -0.713907        4.006047       -2.540496    6.118126    2.006944    0.028993    8.796959
    0.181592    0.971079   -0.073600   -0.545300   -0.716737        4.003003       -2.539796    6.251528    2.071454    0.028993    8.796959
    0.184080    0.972559   -0.061830   -0.530334   -0.719024        4.008871       -2.538925    6.385151    2.136235    0.028993    8.796959
    0.186567    0.973785   -0.050390   -0.515215   -0.720553        4.024888       -2.537882    6.518960    2.201243    0.028993    8.796959
    0.189055    0.974766   -0.039282   -0.499960   -0.721089        4.051573       -2.536675    6.652920    2.266436    0.028993    8.796959
    0.191542    0.975507   -0.028510   -0.484590   -0.720399        4.088477       -2.535323    6.786999    2.331772    0.028993    8.796959
    0.194030    0.976016   -0.018075   -0.469131   -0.718273        4.134067       -2.533854    6.921164    2.397212    0.028993    8.796959
    0.196517    0.976300   -0.007978   -0.453614   -0.714546        4.185805       -2.532305    7.055383    2.462717    0.028993    8.796959
    0.199005    0.976367    0.001778   -0.438074   -0.709121        4.240436       -2.530720    7.189626    2.528250    0.028993    8.796959
    0.201493    0.976225    0.011195   -0.422544   -0.701977        4.294425       -2.529143    7.323864    2.593778    0.028993    8.796959
    0.203980    0.975880    0.020272   -0.407061   -0.693170        4.344443       -2.527616    7.458069    2.659266    0.028993    8.796959
    0.206468    0.975340    0.029011   -0.391656   -0.682828        4.387774       -2.526177    7.592212    2.724683    0.028993    8.796959
    0.208955    0.974613    0.037414   -0.376361   -0.671128        4.422576       -2.524854    7.726269    2.789999    0.028993    8.796959
    0.211443    0.973705    0.045483   -0.361202   -0.658279        4.447944       -2.523666    7.860213    2.855185    0.028993    8.796959
    0.213930    0.972625    0.053223   -0.346199   -0.644502        4.463825       -2.522625    7.994020    2.920214    0.028993    8.796959
    0.216418    0.971380    0.060636   -0.331370   -0.630013        4.470829       -2.521734    8.127667    2.985062    0.028993    8.796959
    0.218905    0.969976    0.067727   -0.316728   -0.615009        4.470001       -2.520989    8.261132    3.049705    0.028993    8.796959
    0.221393    0.968420    0.074500   -0.302283   -0.599662        4.462612       -2.520382    8.394393    3.114121    0.028993    8.796959
    0.223881    0.966720    0.080958   -0.288038   -0.584117        4.449989       -2.519902    8.527431    3.178289    0.028993    8.796959
    0.226368    0.964883    0.087107   -0.273999   -0.568487        4.433392       -2.519537    8.660225    3.242190    0.028993    8.796959
    0.228856    0.962915    0.092952   -0.260165   -0.552864        4.413948       -2.519274    8.792758    3.305805    0.028993    8.796959
    0.231343    0.960823    0.098495   -0.246537   -0.537314        4.392614       -2.519100    8.925011    3.369120    0.028993    8.796959
    0.233831    0.958613    0.103743   -0.233113   -0.521885        4.370173       -2.519002    9.056969    3.432118    0.028993    8.796959
    0.236318    0.956293    0.108699   -0.219892   -0.506608        4.347243       -2.518971    9.188615    3.494786    0.028993    8.796959
    0.238806    0.953868    0.113368   -0.206871   -0.491504        4.324296       -2.518994    9.319934    3.557110    0.028993    8.796959
    0.241294    0.951344    0.117755   -0.194047   -0.476586        4.301685       -2.519065    9.450914    3.619080    0.028993    8.796959
    0.243781    0.948728    0.121862   -0.181419   -0.461856        4.279657       -2.519174    9.581540    3.680686    0.028993    8.796959
    0.246269    0.946026    0.125696   -0.168983   -0.447316        4.258385       -2.519316    9.711800    3.741917    0.028993    8.796959
    0.248756    0.943243    0.129259   -0.156739   -0.432963        4.237975       -2.519484    9.841684    3.802765    0.028993    8.796959
    0.251244    0.940386    0.132557   -0.144683   -0.418792        4.218490       -2.519674    9.971179    3.863224    0.028993    8.796959
    0.253731    0.937460    0.135593   -0.132816   -0.404797        4.199954       -2.519881   10.100277    3.923287    0.028993    8.796959
    0.256219    0.934472    0.138371   -0.121135   -0.390973        4.182369       -2.520102   10.228968    3.982948    0.028993    8.796959
    0.258706    0.931426    0.140896   -0.109640   -0.377313        4.165718       -2.520335   10.357244    4.042204    0.028993    8.796959
    0.261194    0.928328    0.143171   -0.098330   -0.363812        4.149969       -2.520576   10.485098    4.101049    0.028993    8.796959
    0.263682    0.925183    0.145201   -0.087207   -0.350466        4.135085       -2.520823   10.612523    4.159482    0.028993    8.796959
    0.266169    0.921997    0.146989   -0.076269   -0.337272        4.121023       -2.521075   10.739512    4.217501    0.028993    8.796959
    0.268657    0.918775    0.148540   -0.065517   -0.324226        4.107737       -2.521331   10.866061    4.275103    0.028993    8.796959
    0.271144    0.915521    0.149858   -0.054952   -0.311326        4.095181       -2.521589   10.992164    4.332288    0.028993    8.796959
    0.273632    0.912242    0.150947   -0.044576   -0.298573        4.083309       -2.521848   11.117818    4.389057    0.028993    8.796959
    0.276119    0.908942    0.151810   -0.034388   -0.285966        4.072077       -2.522107   11.243020    4.445409    0.028993    8.796959
    0.278607    0.905625    0.152453   -0.024392   -0.273506        4.061441       -2.522367   11.367767    4.501345    0.028993    8.796959
    0.281095    0.902297    0.152879   -0.014588   -0.261197        4.051359       -2.522625   11.492057    4.556869    0.028993    8.796959
    0.283582    0.898962    0.153093   -0.004978   -0.249040        4.041795       -2.522883   11.615889    4.611981    0.028993    8.796959
    0.286070    0.895624    0.153098    0.004436   -0.237039        4.032711       -2.523139   11.739262    4.666684    0.028993    8.796959
    0.288557    0.892289    0.152900    0.013652   -0.225198        4.024072       -2.523393   11.862177    4.720982    0.028993    8.796959
    0.291045    0.888960    0.152502    0.022668   -0.213523        4.015849       -2.523645   11.984633    4.774879    0.028993    8.796959
    0.293532    0.885642    0.151910    0.031481   -0.202019        4.008011       -2.523895   12.106632    4.828378    0.028993    8.796959
    0.296020    0.882338    0.151126    0.040091   -0.190691        4.000530       -2.524143   12.228176    4.881484    0.028993    8.796959
    0.298507    0.879054    0.150156    0.048493   -0.179545        3.993383       -2.524388   12.349267    4.934202    0.028993    8.796959
    0.300995    0.875793    0.149005    0.056686   -0.168589        3.986544       -2.524631   12.469908    4.986538    0.028993    8.796959
    0.303483    0.872558    0.147677    0.064668   -0.157829        3.979993       -2.524872   12.590102    5.038496    0.028993    8.796959
    0.305970    0.869354    0.146177    0.072436   -0.147271        3.973709       -2.525110   12.709853    5.090083    0.028993    8.796959
    0.308458    0.866184    0.144508    0.079989   -0.136924        3.967675       -2.525345   12.829167    5.141305    0.028993    8.796959
    0.310945    0.863053    0.142677    0.087323   -0.126793        3.961872       -2.525578   12.948047    5.192169    0.028993    8.796959
    0.313433    0.859962    0.140688    0.094437   -0.116886        3.956285       -2.525809   13.066499    5.242681    0.028993    8.796959
    0.315920    0.856917    0.138546    0.101329   -0.107210        3.950899       -2.526038   13.184530    5.292849    0.028993    8.796959
    0.318408    0.853919    0.136255    0.107996   -0.097772        3.945701       -2.526264   13.302145    5.342679    0.028993    8.796959
    0.320896    0.850973    0.133821    0.114436   -0.088578        3.940677       -2.526488   13.419351    5.392180    0.028993    8.796959
    0.323383    0.848081    0.131248    0.120648   -0.079634        3.935817       -2.526710   13.536156    5.441359    0.028993    8.796959
    0.325871    0.845246    0.128542    0.126631   -0.070947        3.931109       -2.526930   13.652567    5.490224    0.028993    8.796959
    0.328358    0.842471    0.125708    0.132381   -0.062523        3.926544       -2.527147   13.768593    5.538784    0.028993    8.796959
    0.330846    0.839760    0.122750    0.137899   -0.054366        3.922111       -2.527363   13.884241    5.587045    0.028993    8.796959
    0.333333    0.837113    0.119674    0.143182   -0.046481        3.917802       -2.527577   13.999521    5.635018    0.028993    8.796959
    0.335821    0.834535    0.116485    0.148230   -0.038874        3.913609       -2.527789   14.114441    5.682710    0.028993    8.796959
    0.338308    0.832028    0.113189    0.153041   -0.031547        3.909524       -2.527999   14.229013    5.730130    0.028993    8.796959
    0.340796    0.829593    0.109789    0.157614   -0.024504        3.905541       -2.528207   14.343244    5.777287    0.028993    8.796959
    0.343284    0.827233    0.106292    0.161950   -0.017748        3.901652       -2.528414   14.457145    5.824190    0.028993    8.796959
    0.345771    0.824950    0.102703    0.166047   -0.011281        3.897851       -2.528620   14.570728    5.870849    0.028993    8.796959
    0.348259    0.822747    0.099027    0.169905   -0.005105        3.894132       -2.528823   14.684002    5.917272    0.028993    8.796959
    0.350746    0.820624    0.095269    0.173525    0.000780        3.890490       -2.529026   14.796978    5.963468    0.028993    8.796959
    0.353234    0.818584    0.091434    0.176906    0.006373        3.886919       -2.529227   14.909669    6.009447    0.028993    8.796959
    0.355721    0.816628    0.087528    0.180049    0.011675        3.883415       -2.529427   15.022084    6.055219    0.028993    8.796959
    0.358209    0.814759    0.083556    0.182954    0.016687        3.879973       -2.529625   15.134237    6.100792    0.028993    8.796959
    0.360697    0.812976    0.079523    0.185622    0.021411        3.876589       -2.529823   15.246139    6.146177    0.028993    8.796959
    0.363184    0.811282    0.075434    0.188054    0.025850        3.873257       -2.530019   15.357801    6.191383    0.028993    8.796959
    0.365672    0.809678    0.071294    0.190253    0.030006        3.869976       -2.530215   15.469237    6.236419    0.028993    8.796959
    0.368159    0.808165    0.067109    0.192218    0.033884        3.866740       -2.530409   15.580459    6.281296    0.028993    8.796959
    0.370647    0.806744    0.062883    0.193952    0.037489        3.863546       -2.530603   15.691478    6.326022    0.028993    8.796959
    0.373134    0.805415    0.058622    0.195456    0.040824        3.860391       -2.530796   15.802309    6.370608    0.028993    8.796959
    0.375622    0.804180    0.054330    0.196734    0.043898        3.857272       -2.530988   15.912963    6.415064    0.028993    8.796959
    0.378109    0.803039    0.050013    0.197787    0.046715        3.854184       -2.531179   16.023454    6.459399    0.028993    8.796959
    0.380597    0.801992    0.045676    0.198618    0.049283        3.851126       -2.531370   16.133795    6.503623    0.028993    8.796959
    0.383085    0.801040    0.041322    0.199230    0.051609        3.848094       -2.531560   16.243998    6.547746    0.028993    8.796959
    0.385572    0.800184    0.036958    0.199625    0.053703        3.845086       -2.531750   16.354077    6.591777    0.028993    8.796959
    0.388060    0.799423    0.032587    0.199808    0.055572        3.842099       -2.531939   16.464045    6.635726    0.028993    8.796959
    0.390547    0.798758    0.028214    0.199781    0.057225        3.839129       -2.532128   16.573915    6.679603    0.028993    8.796959
    0.393035    0.798189    0.023845    0.199548    0.058672        3.836176       -2.532316   16.683700    6.723418    0.028993    8.796959
    0.395522    0.797715    0.019483    0.199112    0.059923        3.833235       -2.532505   16.793413    6.767180    0.028993    8.796959
    0.398010    0.797336    0.015132    0.198479    0.060988        3.830305       -2.532693   16.903067    6.810899    0.028993    8.796959
    0.400498    0.797052    0.010797    0.197651    0.061877        3.827383       -2.532880   17.012676    6.854585    0.028993    8.796959
    0.402985    0.796863    0.006483    0.196633    0.062601        3.824467       -2.533068   17.122253    6.898247    0.028993    8.796959
    0.405473    0.796768    0.002193    0.195429    0.063171        3.821555       -2.533255   17.231810    6.941894    0.028993    8.796959
    0.407960    0.796767   -0.002069    0.194044    0.063598        3.818643       -2.533443   17.341360    6.985537    0.028993    8.796959
    0.410448    0.796859   -0.006298    0.192483    0.063893        3.815731       -2.533631   17.450917    7.029184    0.028993    8.796959
    0.412935    0.797042   -0.010492    0.190749    0.064066        3.812815       -2.533818   17.560492    7.072845    0.028993    8.796959
    0.415423    0.797318   -0.014645    0.188848    0.064129        3.809894       -2.534006   17.670099    7.116530    0.028993    8.796959
    0.417910    0.797683   -0.018756    0.186784    0.064093        3.806964       -2.534194   17.779750    7.160246    0.028993    8.796959
    0.420398    0.798138   -0.022819    0.184562    0.063968        3.804025       -2.534382   17.889458    7.204005    0.028993    8.796959
    0.422886    0.798681   -0.026832    0.182188    0.063766        3.801073       -2.534570   17.999234    7.247814    0.028993    8.796959
    0.425373    0.799312   -0.030792    0.179665    0.063496        3.798106       -2.534759   18.109091    7.291683    0.028993    8.796959
    0.427861    0.800028   -0.034694    0.177000    0.063170        3.795121       -2.534948   18.219041    7.335621    0.028993    8.796959
    0.430348    0.800829   -0.038537    0.174196    0.062797        3.792118       -2.535138   18.329094    7.379636    0.028993    8.796959
    0.432836    0.801714   -0.042317    0.171259    0.062386        3.789092       -2.535328   18.439264    7.423738    0.028993    8.796959
    0.435323    0.802680   -0.046032    0.168194    0.061948        3.786042       -2.535518   18.549561    7.467934    0.028993    8.796959
    0.437811    0.803727   -0.049677    0.165005    0.061491        3.782965       -2.535710   18.659997    7.512234    0.028993    8.796959
    0.440299    0.804853   -0.053252    0.161698    0.061023        3.779859       -2.535901   18.770582    7.556646    0.028993    8.796959
    0.442786    0.806056   -0.056754    0.158277    0.060553        3.776720       -2.536094   18.881327    7.601178    0.028993    8.796959
    0.445274    0.807335   -0.060179    0.154747    0.060089        3.773547       -2.536287   18.992242    7.645839    0.028993    8.796959
    0.447761    0.808688   -0.063525    0.151113    0.059638        3.770336       -2.536481   19.103339    7.690636    0.028993    8.796959
    0.450249    0.810113   -0.066792    0.147379    0.059206        3.767085       -2.536676   19.214626    7.735578    0.028993    8.796959
    0.452736    0.811608   -0.069975    0.143551    0.058800        3.763791       -2.536872   19.326115    7.780673    0.028993    8.796959
    0.455224    0.813172   -0.073074    0.139632    0.058425        3.760450       -2.537068   19.437814    7.825928    0.028993    8.796959
    0.457711    0.814803   -0.076085    0.135627    0.058087        3.757060       -2.537266   19.549732    7.871351    0.028993    8.796959
    0.460199    0.816499   -0.079009    0.131541    0.057790        3.753617       -2.537464   19.661879    7.916950    0.028993    8.796959
    0.462687    0.818257   -0.081842    0.127378    0.057539        3.750118       -2.537664   19.774263    7.962732    0.028993    8.796959
    0.465174    0.820076   -0.084583    0.123141    0.057337        3.746559       -2.537865   19.886894    8.008703    0.028993    8.796959
    0.467662    0.821953   -0.087231    0.118836    0.057186        3.742937       -2.538067   19.999778    8.054872    0.028993    8.796959
    0.470149    0.823888   -0.089784    0.114467    0.057090        3.739248       -2.538270   20.112925    8.101245    0.028993    8.796959
    0.472637    0.825877   -0.092240    0.110036    0.057050        3.735487       -2.538475   20.226342    8.147829    0.028993    8.796959
    0.475124    0.827918   -0.094599    0.105549    0.057068        3.731651       -2.538681   20.340035    8.194630    0.028993    8.796959
    0.477612    0.830010   -0.096859    0.101008    0.057144        3.727735       -2.538888   20.454013    8.241655    0.028993    8.796959
    0.480100    0.832150   -0.099019    0.096419    0.057279        3.723735       -2.539097   20.568282    8.288910    0.028993    8.796959
    0.482587    0.834336   -0.101079    0.091784    0.057473        3.719645       -2.539307   20.682848    8.336402    0.028993    8.796959
    0.485075    0.836566   -0.103036    0.087107    0.057724        3.715461       -2.539518   20.797717    8.384136    0.028993    8.796959
    0.487562    0.838837   -0.104891    0.082392    0.058032        3.711177       -2.539732   20.912897    8.432119    0.028993    8.796959
    0.490050    0.841147   -0.106642    0.077642    0.058394        3.706789       -2.539947   21.028391    8.480354    0.028993    8.796959
    0.492537    0.843495   -0.108289    0.072861    0.058809        3.702289       -2.540163   21.144205    8.528849    0.028993    8.796959
    0.495025    0.845877   -0.109830    0.068052    0.059274        3.697671       -2.540381   21.260345    8.577608    0.028993    8.796959
    0.497512    0.848291   -0.111267    0.063218    0.059785        3.692930       -2.540601   21.376814    8.626637    0.028993    8.796959
    0.500000    0.850735   -0.112597    0.058362    0.060338        3.688058       -2.540823   21.493617    8.675939    0.028993    8.796959
    0.502488    0.853208   -0.113821    0.053489    0.060931        3.683049       -2.541047   21.610759    8.725520    0.028993    8.796959
    0.504975    0.855705   -0.114938    0.048601    0.061557        3.677894       -2.541272   21.728242    8.775384    0.028993    8.796959
    0.507463    0.858226   -0.115948    0.043701    0.062213        3.672585       -2.541500   21.846070    8.825535    0.028993    8.796959
    0.509950    0.860768   -0.116851    0.038794    0.062892        3.667114       -2.541729   21.964246    8.875977    0.028993    8.796959
    0.512438    0.863328   -0.117646    0.033880    0.063589        3.661472       -2.541960   22.082773    8.926714    0.028993    8.796959
    0.514925    0.865904   -0.118333    0.028965    0.064297        3.655650       -2.542193   22.201653    8.977750    0.028993    8.796959
    0.517413    0.868494   -0.118913    0.024052    0.065010        3.649637       -2.542429   22.320888    9.029087    0.028993    8.796959
    0.519900    0.871095   -0.119386    0.019143    0.065721        3.643423       -2.542666   22.440481    9.080728    0.028993    8.796959
    0.522388    0.873706   -0.119751    0.014241    0.066423        3.636998       -2.542905   22.560431    9.132677    0.028993    8.796959
    0.524876    0.876323   -0.120009    0.009351    0.067107        3.630349       -2.543146   22.680741    9.184936    0.028993    8.796959
    0.527363    0.878945   -0.120161    0.004475    0.067766        3.623463       -2.543389   22.801411    9.237506    0.028993    8.796959
    0.529851    0.881569   -0.120205   -0.000382    0.068391        3.616329       -2.543634   22.922442    9.290391    0.028993    8.796959
    0.532338    0.884192   -0.120144   -0.005219    0.068974        3.608932       -2.543881   23.043833    9.343592    0.028993    8.796959
    0.534826    0.886814   -0.119977   -0.010030    0.069504        3.601258       -2.544130   23.165585    9.397110    0.028993    8.796959
    0.537313    0.889430   -0.119705   -0.014813    0.069973        3.593292       -2.544381   23.287698    9.450946    0.028993    8.796959
    0.539801    0.892039   -0.119329   -0.019564    0.070370        3.585018       -2.544633   23.410169    9.505102    0.028993    8.796959
    0.542289    0.894639   -0.118849   -0.024278    0.070686        3.576419       -2.544887   23.532999    9.559578    0.028993    8.796959
    0.544776    0.897228   -0.118267   -0.028953    0.070910        3.567479       -2.545142   23.656185    9.614374    0.028993    8.796959
    0.547264    0.899803   -0.117582   -0.033584    0.071030        3.558179       -2.545398   23.779727    9.669490    0.028993    8.796959
    0.549751    0.902361   -0.116797   -0.038166    0.071036        3.548500       -2.545656   23.903621    9.724927    0.028993    8.796959
    0.552239    0.904902   -0.115912   -0.042696    0.070917        3.538423       -2.545914   24.027866    9.780683    0.028993    8.796959
    0.554726    0.907422   -0.114929   -0.047170    0.070659        3.527927       -2.546174   24.152459    9.836758    0.028993    8.796959
    0.557214    0.909920   -0.113848   -0.051581    0.070250        3.516992       -2.546433   24.277396    9.893151    0.028993    8.796959
    0.559701    0.912394   -0.112672   -0.055927    0.069679        3.505596       -2.546693   24.402676    9.949860    0.028993    8.796959
    0.562189    0.914840   -0.111401   -0.060201    0.068932        3.493718       -2.546952   24.528294   10.006884    0.028993    8.796959
    0.564677    0.917258   -0.110038   -0.064399    0.067996        3.481336       -2.547210   24.654246   10.064220    0.028993    8.796959
    0.567164    0.919646   -0.108583   -0.068516    0.066858        3.468428       -2.547467   24.780529   10.121867    0.028993    8.796959
    0.569652    0.922001   -0.107040   -0.072545    0.065502        3.454972       -2.547723   24.907138   10.179820    0.028993    8.796959
    0.572139    0.924321   -0.105409   -0.076482    0.063916        3.440947       -2.547975   25.034068   10.238079    0.028993    8.796959
    0.574627    0.926605   -0.103693   -0.080319    0.062085        3.426332       -2.548225   25.161315   10.296639    0.028993    8.796959
    0.577114    0.928850   -0.101895   -0.084052    0.059995        3.411109       -2.548471   25.288873   10.355496    0.028993    8.796959
    0.579602    0.931056   -0.100015   -0.087673    0.057630        3.395261       -2.548712   25.416738   10.414648    0.028993    8.796959
    0.582090    0.933220   -0.098058   -0.091176    0.054976        3.378772       -2.548946   25.544902   10.474089    0.028993    8.796959
    0.584577    0.935340   -0.096026   -0.094555    0.052018        3.361631       -2.549174   25.673361   10.533815    0.028993    8.796959
    0.587065    0.937416   -0.093921   -0.097801    0.048742        3.343831       -2.549394   25.802109   10.593822    0.028993    8.796959
    0.589552    0.939444   -0.091747   -0.100907    0.045133        3.325369       -2.549604   25.931139   10.654104    0.028993    8.796959
    0.592040    0.941425   -0.089506   -0.103867    0.041177        3.306249       -2.549803   26.060444   10.714656    0.028993    8.796959
    0.594527    0.943356   -0.087202   -0.106672    0.036860        3.286484       -2.549988   26.190019   10.775473    0.028993    8.796959
    0.597015    0.945236   -0.084838   -0.109313    0.032170        3.266092       -2.550160   26.319855   10.836549    0.028993    8.796959
    0.599502    0.947064   -0.082419   -0.111784    0.027094        3.245106       -2.550314   26.449946   10.897877    0.028993    8.796959
    0.601990    0.948839   -0.079947   -0.114074    0.021622        3.223568       -2.550450   26.580285   10.959451    0.028993    8.796959
    0.604478    0.950559   -0.077428   -0.116177    0.015744        3.201536       -2.550564   26.710865   11.021265    0.028993    8.796959
    0.606965    0.952224   -0.074864   -0.118082    0.009454        3.179083       -2.550654   26.841677   11.083312    0.028993    8.796959
    0.609453    0.953832   -0.072261   -0.119782    0.002745        3.156301       -2.550717   26.972714   11.145584    0.028993    8.796959
    0.611940    0.955383   -0.069623   -0.121267   -0.004385        3.133302       -2.550751   27.103968   11.208075    0.028993    8.796959
    0.614428    0.956877   -0.066956   -0.122528   -0.011935        3.110219       -2.550752   27.235432   11.270777    0.028993    8.796959
    0.616915    0.958311   -0.064263   -0.123557   -0.019901        3.087211       -2.550717   27.367097   11.333683    0.028993    8.796959
    0.619403    0.959687   -0.061550   -0.124346   -0.028274        3.064459       -2.550643   27.498955   11.396784    0.028993    8.796959
    0.621891    0.961003   -0.058822   -0.124886   -0.037043        3.042173       -2.550525   27.630998   11.460073    0.028993    8.796959
    0.624378    0.962260   -0.056086   -0.125169   -0.046188        3.020587       -2.550361   27.763218   11.523542    0.028993    8.796959
    0.626866    0.963457   -0.053346   -0.125188   -0.055686        2.999961       -2.550146   27.895607   11.587183    0.028993    8.796959
    0.629353    0.964593   -0.050609   -0.124937   -0.065505        2.980580       -2.549878   28.028156   11.650987    0.028993    8.796959
    0.631841    0.965671   -0.047880   -0.124409   -0.075609        2.962747       -2.549552   28.160857   11.714947    0.028993    8.796959
    0.634328    0.966688   -0.045166   -0.123600   -0.085954        2.946785       -2.549166   28.293703   11.779054    0.028993    8.796959
    0.636816    0.967647   -0.042473   -0.122506   -0.096487        2.933028       -2.548715   28.426684   11.843300    0.028993    8.796959
    0.639303    0.968547   -0.039806   -0.121125   -0.107148        2.921813       -2.548198   28.559793   11.907677    0.028993    8.796959
    0.641791    0.969389   -0.037174   -0.119454   -0.117872        2.913475       -2.547611   28.693021   11.972177    0.028993    8.796959
    0.644279    0.970174   -0.034581   -0.117496   -0.128583        2.908335       -2.546954   28.826362   12.036791    0.028993    8.796959
    0.646766    0.970902   -0.032033   -0.115251   -0.139199        2.906692       -2.546224   28.959807   12.101512    0.028993    8.796959
    0.649254    0.971576   -0.029539   -0.112725   -0.149634        2.908811       -2.545422   29.093348   12.166332    0.028993    8.796959
    0.651741    0.972195   -0.027102   -0.109923   -0.159795        2.914914       -2.544546   29.226977   12.231242    0.028993    8.796959
    0.654229    0.972762   -0.024730   -0.106855   -0.169584        2.925170       -2.543598   29.360689   12.296236    0.028993    8.796959
    0.656716    0.973278   -0.022427   -0.103530   -0.178902        2.939686       -2.542579   29.494475   12.361307    0.028993    8.796959
    0.659204    0.973744   -0.020200   -0.099961   -0.187648        2.958501       -2.541491   29.628328   12.426446    0.028993    8.796959
    0.661692    0.974163   -0.018054   -0.096164   -0.195720        2.981585       -2.540338   29.762242   12.491647    0.028993    8.796959
    0.664179    0.974535   -0.015993   -0.092156   -0.203021        3.008835       -2.539122   29.896211   12.556904    0.028993    8.796959
    0.666667    0.974863   -0.014022   -0.087956   -0.209454        3.040076       -2.537849   30.030227   12.622210    0.028993    8.796959
    0.669154    0.975149   -0.012145   -0.083587   -0.214931        3.075070       -2.536523   30.164286   12.687559    0.028993    8.796959
    0.671642    0.975395   -0.010365   -0.079071   -0.219367        3.113518       -2.535150   30.298381   12.752945    0.028993    8.796959
    0.674129    0.975604   -0.008685   -0.074435   -0.222688        3.155074       -2.533734   30.432508   12.818362    0.028993    8.796959
    0.676617    0.975776   -0.007108   -0.069704   -0.224826        3.199355       -2.532282   30.566661   12.883806    0.028993    8.796959
    0.679104    0.975916   -0.005635   -0.064909   -0.225725        3.245951       -2.530800   30.700835   12.949271    0.028993    8.796959
    0.681592    0.976024   -0.004267   -0.060078   -0.225340        3.294439       -2.529293   30.835026   13.014754    0.028993    8.796959
    0.684080    0.976103   -0.003006   -0.055242   -0.223632        3.344395       -2.527767   30.969230   13.080250    0.028993    8.796959
    0.686567    0.976156   -0.001849   -0.050432   -0.220577        3.395403       -2.526228   31.103443   13.145754    0.028993    8.796959
    0.689055    0.976185   -0.000798   -0.045679   -0.216160        3.447069       -2.524681   31.237662   13.211264    0.028993    8.796959
    0.691542    0.976192    0.000150   -0.041017   -0.210373        3.499021       -2.523129   31.371883   13.276777    0.028993    8.796959
    0.694030    0.976179    0.000998   -0.036476   -0.203221        3.550922       -2.521579   31.506103   13.342289    0.028993    8.796959
    0.696517    0.976149    0.001748   -0.032089   -0.194714        3.602472       -2.520033   31.640321   13.407798    0.028993    8.796959
    0.699005    0.976103    0.002404   -0.027887   -0.184870        3.653408       -2.518494   31.774533   13.473302    0.028993    8.796959
    0.701493    0.976044    0.002970   -0.023901   -0.173717        3.703506       -2.516967   31.908739   13.538799    0.028993    8.796959
    0.703980    0.975974    0.003452   -0.020161   -0.161283        3.752582       -2.515452   32.042935   13.604287    0.028993    8.796959
    0.706468    0.975894    0.003854   -0.016696   -0.147606        3.800487       -2.513953   32.177121   13.669765    0.028993    8.796959
    0.708955    0.975806    0.004185   -0.013536   -0.132725        3.847106       -2.512471   32.311295   13.735232    0.028993    8.796959
    0.711443    0.975711    0.004449   -0.010707   -0.116684        3.892356       -2.511006   32.445457   13.800686    0.028993    8.796959
    0.713930    0.975611    0.004656   -0.008235   -0.099528        3.936178       -2.509560   32.579605   13.866127    0.028993    8.796959
    0.716418    0.975508    0.004812   -0.006146   -0.081306        3.978538       -2.508134   32.713740   13.931554    0.028993    8.796959
    0.718905    0.975401    0.004928   -0.004464   -0.062068        4.019420       -2.506727   32.847860   13.996968    0.028993    8.796959
    0.721393    0.975292    0.005011   -0.003212   -0.041865        4.058821       -2.505341   32.981965   14.062366    0.028993    8.796959
    0.723881    0.975182    0.005072   -0.002409   -0.020748        4.096752       -2.503974   33.116055   14.127750    0.028993    8.796959
    0.726368    0.975070    0.005120   -0.002077    0.001231        4.133230       -2.502628   33.250130   14.193119    0.028993    8.796959
    0.728856    0.974958    0.005166   -0.002234    0.024018        4.168274       -2.501301   33.384189   14.258473    0.028993    8.796959
    0.731343    0.974844    0.005221   -0.002896    0.047560        4.201905       -2.499994   33.518233   14.323812    0.028993    8.796959
    0.733831    0.974729    0.005297   -0.004080    0.071805        4.234143       -2.498707   33.652261   14.389136    0.028993    8.796959
    0.736318    0.974612    0.005404   -0.005800    0.096698        4.265001       -2.497439   33.786273   14.454444    0.028993    8.796959
    0.738806    0.974492    0.005554   -0.008069    0.122187        4.294486       -2.496191   33.920269   14.519736    0.028993    8.796959
    0.741294    0.974369    0.005761   -0.010898    0.148217        4.322594       -2.494963   34.054248   14.585011    0.028993    8.796959
    0.743781    0.974240    0.006036   -0.014296    0.174734        4.349311       -2.493756   34.188210   14.650270    0.028993    8.796959
    0.746269    0.974104    0.006391   -0.018273    0.201682        4.374610       -2.492569   34.322154   14.715511    0.028993    8.796959
    0.748756    0.973959    0.006840   -0.022836    0.229006        4.398448       -2.491404   34.456078   14.780733    0.028993    8.796959
    0.751244    0.973804    0.007395   -0.027989    0.256649        4.420772       -2.490263   34.589982   14.845935    0.028993    8.796959
    0.753731    0.973635    0.008069   -0.033737    0.284551        4.441510       -2.489145   34.723864   14.911114    0.028993    8.796959
    0.756219    0.973450    0.008876   -0.040083    0.312654        4.460577       -2.488053   34.857721   14.976270    0.028993    8.796959
    0.758706    0.973245    0.009828   -0.047027    0.340894        4.477878       -2.486989   34.991551   15.041399    0.028993    8.796959
    0.761194    0.973018    0.010938   -0.054569    0.369210        4.493303       -2.485956   35.125352   15.106498    0.028993    8.796959
    0.763682    0.972765    0.012220   -0.062706    0.397534        4.506738       -2.484954   35.259120   15.171565    0.028993    8.796959
    0.766169    0.972482    0.013687   -0.071435    0.425800        4.518064       -2.483988   35.392851   15.236595    0.028993    8.796959
    0.768657    0.972165    0.015351   -0.080750    0.453937        4.527161       -2.483059   35.526541   15.301583    0.028993    8.796959
    0.771144    0.971809    0.017225   -0.090644    0.481874        4.533919       -2.482172   35.660185   15.366525    0.028993    8.796959
    0.773632    0.971409    0.019322   -0.101109    0.509537        4.538237       -2.481328   35.793777   15.431414    0.028993    8.796959
    0.776119    0.970962    0.021654   -0.112133    0.536851        4.540036       -2.480531   35.927310   15.496243    0.028993    8.796959
    0.778607    0.970460    0.024234   -0.123705    0.563743        4.539259       -2.479784   36.060779   15.561006    0.028993    8.796959
    0.781095    0.969899    0.027072   -0.135810    0.590136        4.535883       -2.479090   36.194174   15.625694    0.028993    8.796959
    0.783582    0.969273    0.030181   -0.148434    0.615955        4.529920       -2.478450   36.327488   15.690297    0.028993    8.796959
    0.786070    0.968576    0.033572   -0.161559    0.641129        4.521424       -2.477867   36.460711   15.754807    0.028993    8.796959
    0.788557    0.967802    0.037256   -0.175167    0.665586        4.510488       -2.477343   36.593833   15.819210    0.028993    8.796959
    0.791045    0.966944    0.041242   -0.189238    0.689261        4.497251       -2.476878   36.726843   15.883496    0.028993    8.796959
    0.793532    0.965995    0.045541   -0.203751    0.712092        4.481891       -2.476474   36.859728   15.947651    0.028993    8.796959
    0.796020    0.964949    0.050162   -0.218683    0.734020        4.464624       -2.476128   36.992477   16.011661    0.028993    8.796959
    0.798507    0.963798    0.055115   -0.234012    0.754997        4.445696       -2.475842   37.125074   16.075510    0.028993    8.796959
    0.800995    0.962536    0.060407   -0.249712    0.774977        4.425376       -2.475614   37.257506   16.139181    0.028993    8.796959
    0.803483    0.961154    0.066046   -0.265760    0.793925        4.403949       -2.475441   37.389756   16.202657    0.028993    8.796959
    0.805970    0.959645    0.072041   -0.282129    0.811810        4.381706       -2.475322   37.521808   16.265918    0.028993    8.796959
    0.808458    0.958001    0.078396   -0.298795    0.828610        4.358935       -2.475252   37.653643   16.328943    0.028993    8.796959
    0.810945    0.956215    0.085120   -0.315732    0.844310        4.335913       -2.475229   37.785242   16.391711    0.028993    8.796959
    0.813433    0.954277    0.092216   -0.332913    0.858903        4.312899       -2.475250   37.916585   16.454198    0.028993    8.796959
    0.815920    0.952182    0.099691   -0.350313    0.872385        4.290129       -2.475309   38.047651   16.516379    0.028993    8.796959
    0.818408    0.949919    0.107549   -0.367907    0.884761        4.267810       -2.475404   38.178417   16.578230    0.028993    8.796959
    0.820896    0.947481    0.115794   -0.385670    0.896039        4.246119       -2.475531   38.308861   16.639721    0.028993    8.796959
    0.823383    0.944860    0.124430   -0.403579    0.906233        4.225202       -2.475685   38.438956   16.700825    0.028993    8.796959
    0.825871    0.942046    0.133458   -0.421608    0.915359        4.205174       -2.475862   38.568678   16.761512    0.028993    8.796959
    0.828358    0.939033    0.142883   -0.439735    0.923437        4.186120       -2.476060   38.698000   16.821749    0.028993    8.796959
    0.830846    0.935811    0.152704   -0.457938    0.930488        4.168097       -2.476275   38.826893   16.881506    0.028993    8.796959
    0.833333    0.932373    0.162925   -0.476196    0.936536        4.151141       -2.476503   38.955329   16.940747    0.028993    8.796959
    0.835821    0.928710    0.173546   -0.494488    0.941604        4.135262       -2.476743   39.083276   16.999438    0.028993    8.796959
    0.838308    0.924813    0.184567   -0.512793    0.945719        4.120455       -2.476990   39.210704   17.057543    0.028993    8.796959
    0.840796    0.920675    0.195989   -0.531094    0.948905        4.106700       -2.477243   39.337579   17.115025    0.028993    8.796959
    0.843284    0.916288    0.207811   -0.549371    0.951187        4.093964       -2.477500   39.463868   17.171845    0.028993    8.796959
    0.845771    0.911643    0.220032   -0.567608    0.952589        4.082208       -2.477759   39.589537   17.227966    0.028993    8.796959
    0.848259    0.906733    0.232652   -0.585788    0.953137        4.071383       -2.478019   39.714548   17.283348    0.028993    8.796959
    0.850746    0.901549    0.245669   -0.603894    0.952853        4.061439       -2.478277   39.838866   17.337951    0.028993    8.796959
    0.853234    0.896086    0.259081   -0.621913    0.951760        4.052322       -2.478534   39.962452   17.391734    0.028993    8.796959
    0.855721    0.890335    0.272887   -0.639828    0.949881        4.043977       -2.478788   40.085267   17.444657    0.028993    8.796959
    0.858209    0.884288    0.287083   -0.657628    0.947235        4.036349       -2.479038   40.207272   17.496679    0.028993    8.796959
    0.860697    0.877940    0.301668   -0.675297    0.943843        4.029385       -2.479283   40.328424   17.547759    0.028993    8.796959
    0.863184    0.871282    0.316637   -0.692825    0.939724        4.023034       -2.479524   40.448682   17.597857    0.028993    8.796959
    0.865672    0.864310    0.331989   -0.710199    0.934898        4.017247       -2.479760   40.568003   17.646934    0.028993    8.796959
    0.868159    0.857016    0.347719   -0.727407    0.929381        4.011976       -2.479990   40.686343   17.694949    0.028993    8.796959
    0.870647    0.849395    0.363823   -0.744439    0.923190        4.007178       -2.480215   40.803659   17.741864    0.028993    8.796959
    0.873134    0.841440    0.380298   -0.761284    0.916342        4.002812       -2.480434   40.919903   17.787642    0.028993    8.796959
    0.875622    0.833147    0.397140   -0.777932    0.908853        3.998840       -2.480647   41.035030   17.832246    0.028993    8.796959
    0.878109    0.824511    0.414344   -0.794375    0.900737        3.995228       -2.480854   41.148994   17.875643    0.028993    8.796959
    0.880597    0.815526    0.431905   -0.810602    0.892009        3.991942       -2.481055   41.261746   17.917798    0.028993    8.796959
    0.883085    0.806189    0.449819   -0.826605    0.882685        3.988953       -2.481251   41.373239   17.958681    0.028993    8.796959
    0.885572    0.796495    0.468080   -0.842375    0.872776        3.986234       -2.481441   41.483423   17.998262    0.028993    8.796959
    0.888060    0.786441    0.486685   -0.857906    0.862298        3.983761       -2.481626   41.592250   18.036517    0.028993    8.796959
    0.890547    0.776025    0.505626   -0.873189    0.851262        3.981510       -2.481805   41.699670   18.073420    0.028993    8.796959
    0.893035    0.765242    0.524899   -0.888217    0.839683        3.979461       -2.481979   41.805632   18.108951    0.028993    8.796959
    0.895522    0.754092    0.544497   -0.902982    0.827573        3.977596       -2.482148   41.910087   18.143091    0.028993    8.796959
    0.898010    0.742572    0.564417   -0.917479    0.814943        3.975898       -2.482313   42.012983   18.175827    0.028993    8.796959
    0.900498    0.730680    0.584650   -0.931700    0.801808        3.974351       -2.482473   42.114270   18.207146    0.028993    8.796959
    0.902985    0.718417    0.605191   -0.945641    0.788178        3.972941       -2.482628   42.213895   18.237040    0.028993    8.796959
    0.905473    0.705781    0.626035   -0.959294    0.774067        3.971656       -2.482779   42.311810   18.265505    0.028993    8.796959
    0.907960    0.692773    0.647174   -0.972654    0.759486        3.970485       -2.482926   42.407961   18.292542    0.028993    8.796959
    0.910448    0.679393    0.668602   -0.985716    0.744447        3.969417       -2.483069   42.502298   18.318152    0.028993    8.796959
    0.912935    0.665643    0.690312   -0.998474    0.728963        3.968442       -2.483209   42.594770   18.342344    0.028993    8.796959
    0.915423    0.651525    0.712299   -1.010924    0.713044        3.967554       -2.483345   42.685326   18.365130    0.028993    8.796959
    0.917910    0.637040    0.734554   -1.023061    0.696704        3.966743       -2.483477   42.773916   18.386524    0.028993    8.796959
    0.920398    0.622191    0.757071   -1.034880    0.679953        3.966002       -2.483607   42.860489   18.406546    0.028993    8.796959
    0.922886    0.606983    0.779844   -1.046377    0.662805        3.965327       -2.483733   42.944995   18.425221    0.028993    8.796959
    0.925373    0.591418    0.802865   -1.057548    0.645271        3.964710       -2.483857   43.027386   18.442575    0.028993    8.796959
    0.927861    0.575501    0.826126   -1.068389    0.627362        3.964147       -2.483978   43.107613   18.458639    0.028993    8.796959
    0.930348    0.559238    0.849621   -1.078895    0.609091        3.963634       -2.484096   43.185627   18.473450    0.028993    8.796959
    0.932836    0.542634    0.873343   -1.089064    0.590470        3.963165       -2.484213   43.261382   18.487045    0.028993    8.796959
    0.935323    0.525694    0.897283   -1.098891    0.571511        3.962738       -2.484327   43.334831   18.499467    0.028993    8.796959
    0.937811    0.508427    0.921434   -1.108375    0.552226        3.962348       -2.484439   43.405927   18.510761    0.028993    8.796959
    0.940299    0.490839    0.945789   -1.117510    0.532626        3.961993       -2.484549   43.474628   18.520975    0.028993    8.796959
    0.942786    0.472937    0.970341   -1.126295    0.512725        3.961669       -2.484658   43.540889   18.530160    0.028993    8.796959
    0.945274    0.454731    0.995080   -1.134726    0.492534        3.961375       -2.484765   43.604667   18.538369    0.028993    8.796959
    0.947761    0.436229    1.020000   -1.142801    0.472066        3.961107       -2.484870   43.665921   18.545658    0.028993    8.796959
    0.950249    0.417441    1.045093   -1.150517    0.451332        3.960864       -2.484974   43.724612   18.552082    0.028993    8.796959
    0.952736    0.398376    1.070351   -1.157872    0.430345        3.960643       -2.485077   43.780701   18.557700    0.028993    8.796959
    0.955224    0.379046    1.095766   -1.164863    0.409118        3.960444       -2.485179   43.834150   18.562572    0.028993    8.796959
    0.957711    0.359460    1.121330   -1.171489    0.387662        3.960263       -2.485280   43.884923   18.566755    0.028993    8.796959
    0.960199    0.339630    1.147035   -1.177746    0.365990        3.960101       -2.485381   43.932986   18.570311    0.028993    8.796959
    0.962687    0.319569    1.172872   -1.183634    0.344114        3.959954       -2.485481   43.978307   18.573296    0.028993    8.796959
    0.965174    0.299288    1.198835   -1.189151    0.322047        3.959823       -2.485580   44.020854   18.575771    0.028993    8.796959
    0.967662    0.278800    1.224914   -1.194294    0.299801        3.959706       -2.485679   44.060599   18.577791    0.028993    8.796959
    0.970149    0.258119    1.251102   -1.199063    0.277388        3.959602       -2.485777   44.097513   18.579412    0.028993    8.796959
    0.972637    0.237256    1.277389   -1.203455    0.254821        3.959510       -2.485876   44.131570   18.580687    0.028993    8.796959
    0.975124    0.216228    1.303769   -1.207470    0.232113        3.959430       -2.485974   44.162748   18.581667    0.028993    8.796959
    0.977612    0.195046    1.330233   -1.211107    0.209276        3.959359       -2.486073   44.191024   18.582399    0.028993    8.796959
    0.980100    0.173727    1.356772   -1.214363    0.186323        3.959299       -2.486172   44.216377   18.582928    0.028993    8.796959
    0.982587    0.152284    1.383378   -1.217239    0.163265        3.959247       -2.486271   44.238791   18.583293    0.028993    8.796959
    0.985075    0.130732    1.410043   -1.219733    0.140116        3.959204       -2.486370   44.258249   18.583533    0.028993    8.796959
    0.987562    0.109087    1.436758   -1.221845    0.116887        3.959169       -2.486471   44.274737   18.583680    0.028993    8.796959
    0.990050    0.087364    1.463515   -1.223574    0.093593        3.959142       -2.486572   44.288243   18.583760    0.028993    8.796959
    0.992537    0.065578    1.490306   -1.224919    0.070244        3.959121       -2.486674   44.298758   18.583799    0.028993    8.796959
    0.995025    0.043745    1.517122   -1.225880    0.046854        3.959107       -2.486777   44.306274   18.583813    0.028993    8.796959
    0.997512    0.021880    1.543955   -1.226457    0.023435        3.959098       -2.486881   44.310786   18.583817    0.028993    8.796959
    1.000000    0.000000    1.570796   -1.226650    0.000000        3.959096       -2.486986   44.312290   18.583817    0.028993    8.796959
