           t           r         psi          cs          qs               p             sig           A           V          Q2           S
    0.000000   -0.000000   -1.570796   -0.946190    0.000000    -1011.487555      537.444794   -0.000000    0.000000    0.093774    3.581622
    0.009804    0.035107   -1.537559   -0.947222    0.071846    -1011.536650      535.994347    0.003873    0.000001    0.093774    3.581622
    0.019608    0.070176   -1.504259   -0.949607    0.111094    -1011.692997      534.574456    0.015488    0.000018    0.093774    3.581622
    0.029412    0.105167   -1.470862   -0.952730    0.134780    -1011.969029      533.181183    0.034833    0.000091    0.093774    3.581622
    0.039216    0.140040   -1.437346   -0.956316    0.151251    -1012.378247      531.810665    0.061885    0.000288    0.093774    3.581622
    0.049020    0.174757   -1.403698   -0.960251    0.164707    -1012.936058      530.459119    0.096615    0.000703    0.093774    3.581622
    0.058824    0.209277   -1.369906   -0.964506    0.177348    -1013.660287      529.122849    0.138983    0.001453    0.093774    3.581622
    0.068627    0.243559   -1.335959   -0.969090    0.190414    -1014.571673      527.798250    0.188942    0.002682    0.093774    3.581622
    0.078431    0.277563   -1.301844   -0.974041    0.204682    -1015.694431      526.481817    0.246434    0.004557    0.093774    3.581622
    0.088235    0.311249   -1.267549   -0.979410    0.220717    -1017.056918      525.170158    0.311395    0.007265    0.093774    3.581622
    0.098039    0.344573   -1.233057   -0.985263    0.239008    -1018.692413      523.860004    0.383748    0.011012    0.093774    3.581622
    0.107843    0.377495   -1.198349   -0.991681    0.260033    -1020.640071      522.548233    0.463409    0.016022    0.093774    3.581622
    0.117647    0.409972   -1.163405   -0.998758    0.284304    -1022.946063      521.231896    0.550286    0.022534    0.093774    3.581622
    0.127451    0.441961   -1.128200   -1.006605    0.312399    -1025.664954      519.908266    0.644276    0.030800    0.093774    3.581622
    0.137255    0.473418   -1.092703   -1.015354    0.344985    -1028.861368      518.574889    0.745265    0.041080    0.093774    3.581622
    0.147059    0.504299   -1.056881   -1.025157    0.382838    -1032.611987      517.229676    0.853131    0.053640    0.093774    3.581622
    0.156863    0.534559   -1.020694   -1.036198    0.426858    -1037.007927      515.871019    0.967743    0.068753    0.093774    3.581622
    0.166667    0.564151   -0.984094   -1.048689    0.478083    -1042.157562      514.497961    1.088959    0.086689    0.093774    3.581622
    0.176471    0.593027   -0.947027   -1.062880    0.537687    -1048.189772      513.110432    1.216625    0.107715    0.093774    3.581622
    0.186275    0.621137   -0.909427   -1.079063    0.606953    -1055.257606      511.709574    1.350578    0.132095    0.093774    3.581622
    0.196078    0.648429   -0.871219   -1.097573    0.687210    -1063.542182      510.298205    1.490644    0.160078    0.093774    3.581622
    0.205882    0.674850   -0.832315   -1.118793    0.779692    -1073.256413      508.881458    1.636637    0.191902    0.093774    3.581622
    0.215686    0.700343   -0.792612   -1.143141    0.885279    -1084.647767      507.467666    1.788357    0.227786    0.093774    3.581622
    0.225490    0.724845   -0.751993   -1.171057    1.004039    -1097.998468      506.069605    1.945594    0.267928    0.093774    3.581622
    0.235294    0.748293   -0.710325   -1.202965    1.134485    -1113.620281      504.706184    2.108121    0.312496    0.093774    3.581622
    0.245098    0.770615   -0.667461   -1.239203    1.272404    -1131.838906      503.404758    2.275699    0.361628    0.093774    3.581622
    0.254902    0.791737   -0.623246   -1.279907    1.409150    -1152.959624      502.204222    2.448070    0.415424    0.093774    3.581622
    0.264706    0.811577   -0.577526   -1.324825    1.529361    -1177.201068      501.158999    2.624962    0.473936    0.093774    3.581622
    0.274510    0.830048   -0.530167   -1.373046    1.608277    -1204.578122      500.343949    2.806082    0.537163    0.093774    3.581622
    0.284314    0.847059   -0.481083   -1.422640    1.609385    -1234.710633      499.859807    2.991117    0.605043    0.093774    3.581622
    0.294118    0.862514   -0.430281   -1.470236    1.483967    -1266.539140      499.838073    3.179736    0.677438    0.093774    3.581622
    0.303922    0.876323   -0.377915   -1.510655    1.175214    -1297.957648      500.442944    3.371585    0.754125    0.093774    3.581622
    0.313725    0.888402   -0.324357   -1.536792    0.630181    -1325.449616      501.866153    3.566290    0.834791    0.093774    3.581622
    0.323529    0.898687   -0.270257   -1.540067   -0.178705    -1343.947763      504.309129    3.763464    0.919025    0.093774    3.581622
    0.333333    0.907147   -0.216572   -1.511734   -1.226380    -1347.276870      507.947925    3.962706    1.006331    0.093774    3.581622
    0.343137    0.913790   -0.164541   -1.445045   -2.414993    -1329.499195      512.882786    4.163613    1.096145    0.093774    3.581622
    0.352941    0.918680   -0.115567   -1.337754   -3.579528    -1287.030852      519.086554    4.365791    1.187869    0.093774    3.581622
    0.362745    0.921937   -0.071025   -1.193813   -4.529544    -1220.615751      526.377279    4.568865    1.280918    0.093774    3.581622
    0.372549    0.923728   -0.032042   -1.023224   -5.112988    -1135.843151      534.437041    4.772492    1.374758    0.093774    3.581622
    0.382353    0.924259    0.000683   -0.839796   -5.267109    -1041.621278      542.875880    4.976372    1.468944    0.093774    3.581622
    0.392157    0.923755    0.026953   -0.657827   -5.027845     -947.440583      551.312983    5.180250    1.563132    0.093774    3.581622
    0.401961    0.922439    0.047038   -0.489164   -4.498920     -860.971887      559.440437    5.383923    1.657076    0.093774    3.581622
    0.411765    0.920519    0.061555   -0.341652   -3.805660     -786.966347      567.051317    5.587236    1.750613    0.093774    3.581622
    0.421569    0.918175    0.071325   -0.219054   -3.058395     -727.394202      574.035675    5.790076    1.843648    0.093774    3.581622
    0.431373    0.915559    0.077238   -0.121885   -2.335278     -682.216667      580.359002    5.992365    1.936128    0.093774    3.581622
    0.441176    0.912791    0.080164   -0.048559   -1.681212     -650.238305      586.036737    6.194059    2.028034    0.093774    3.581622
    0.450980    0.909961    0.080896    0.003600   -1.115044     -629.765807      591.112510    6.395134    2.119363    0.093774    3.581622
    0.460784    0.907133    0.080123    0.037617   -0.638663     -619.021254      595.642544    6.595584    2.210127    0.093774    3.581622
    0.470588    0.904351    0.078432    0.056429   -0.244670     -616.359000      599.685735    6.795414    2.300339    0.093774    3.581622
    0.480392    0.901636    0.076308    0.062661    0.078310     -620.355268      603.297993    6.994638    2.390018    0.093774    3.581622
    0.490196    0.898997    0.074152    0.058545    0.342448     -629.826334      606.529395    7.193271    2.479181    0.093774    3.581622
    0.500000    0.896430    0.072295    0.045923    0.559062     -643.811799      609.423056    7.391330    2.567842    0.093774    3.581622
    0.509804    0.893918    0.071009    0.026283    0.737921     -661.543910      612.014964    7.588829    2.656014    0.093774    3.581622
    0.519608    0.891438    0.070518    0.000820    0.887072     -682.413691      614.334331    7.785778    2.743700    0.093774    3.581622
    0.529412    0.888958    0.071009   -0.029516    1.012916     -705.938789      616.404200    7.982180    2.830900    0.093774    3.581622
    0.539216    0.886442    0.072639   -0.063965    1.120392     -731.734756      618.242161    8.178032    2.917606    0.093774    3.581622
    0.549020    0.883846    0.075542   -0.101913    1.213173     -759.490061      619.861113    8.373321    3.003800    0.093774    3.581622
    0.558824    0.881125    0.079831   -0.142856    1.293859     -788.944480      621.270051    8.568024    3.089454    0.093774    3.581622
    0.568627    0.878229    0.085604   -0.186363    1.364139     -819.870459      622.474869    8.762109    3.174531    0.093774    3.581622
    0.578431    0.875103    0.092944   -0.232053    1.424942     -852.057168      623.479163    8.955530    3.258979    0.093774    3.581622
    0.588235    0.871692    0.101922   -0.279571    1.476581     -885.297188      624.285058    9.148231    3.342736    0.093774    3.581622
    0.598039    0.867938    0.112595   -0.328571    1.518895     -919.376025      624.894001    9.340143    3.425724    0.093774    3.581622
    0.607843    0.863781    0.125010   -0.378700    1.551400     -954.064785      625.307537    9.531183    3.507853    0.093774    3.581622
    0.617647    0.859161    0.139200   -0.429593    1.573445     -989.116407      625.527999    9.721256    3.589016    0.093774    3.581622
    0.627451    0.854016    0.155184   -0.480869    1.584371    -1024.265690      625.559098    9.910254    3.669093    0.093774    3.581622
    0.637255    0.848286    0.172970   -0.532135    1.583657    -1059.233079      625.406353   10.098052    3.747948    0.093774    3.581622
    0.647059    0.841910    0.192550   -0.582988    1.571054    -1093.731795      625.077351   10.284516    3.825433    0.093774    3.581622
    0.656863    0.834828    0.213902   -0.633032    1.546669    -1127.477462      624.581811   10.469497    3.901385    0.093774    3.581622
    0.666667    0.826983    0.236992   -0.681886    1.511016    -1160.199039      623.931448   10.652832    3.975633    0.093774    3.581622
    0.676471    0.818322    0.261772   -0.729197    1.465012    -1191.649734      623.139692   10.834347    4.047994    0.093774    3.581622
    0.686275    0.808793    0.288181   -0.774654    1.409931    -1221.616586      622.221256   11.013857    4.118280    0.093774    3.581622
    0.696078    0.798348    0.316149   -0.817999    1.347319    -1249.927684      621.191649   11.191164    4.186301    0.093774    3.581622
    0.705882    0.786945    0.345600   -0.859028    1.278895    -1276.456407      620.066646   11.366061    4.251867    0.093774    3.581622
    0.715686    0.774545    0.376448   -0.897601    1.206433    -1301.122507      618.861796   11.538333    4.314792    0.093774    3.581622
    0.725490    0.761117    0.408607   -0.933634    1.131664    -1323.890300      617.591982   11.707757    4.374900    0.093774    3.581622
    0.735294    0.746634    0.441985   -0.967101    1.056189    -1344.764512      616.271064   11.874102    4.432028    0.093774    3.581622
    0.745098    0.731072    0.476494   -0.998025    0.981418    -1363.784526      614.911628   12.037134    4.486027    0.093774    3.581622
    0.754902    0.714418    0.512045   -1.026470    0.908529    -1381.017760      613.524824   12.196611    4.536772    0.093774    3.581622
    0.764706    0.696661    0.548553   -1.052535    0.838460    -1396.552852      612.120285   12.352293    4.584162    0.093774    3.581622
    0.774510    0.677797    0.585936   -1.076342    0.771908    -1410.493183      610.706135   12.503935    4.628120    0.093774    3.581622
    0.784314    0.657828    0.624118   -1.098031    0.709353    -1422.951085      609.289032   12.651293    4.668603    0.093774    3.581622
    0.794118    0.636761    0.663026   -1.117753    0.651083    -1434.042940      607.874268   12.794124    4.705596    0.093774    3.581622
    0.803922    0.614607    0.702594   -1.135663    0.597224    -1443.885242      606.465882   12.932187    4.739118    0.093774    3.581622
    0.813725    0.591386    0.742761   -1.151915    0.547777    -1452.591581      605.066789   13.065244    4.769221    0.093774    3.581622
    0.823529    0.567119    0.783473   -1.166661    0.502643    -1460.270478      603.678913   13.193062    4.795989    0.093774    3.581622
    0.833333    0.541833    0.824678   -1.180045    0.461653    -1467.023932      602.303312   13.315413    4.819537    0.093774    3.581622
    0.843137    0.515560    0.866331   -1.192204    0.424591    -1472.946562      600.940294   13.432075    4.840009    0.093774    3.581622
    0.852941    0.488335    0.908391   -1.203266    0.391210    -1478.125204      599.589525   13.542836    4.857577    0.093774    3.581622
    0.862745    0.460198    0.950822   -1.213349    0.361249    -1482.638855      598.250119   13.647488    4.872435    0.093774    3.581622
    0.872549    0.431192    0.993591   -1.222561    0.334440    -1486.558863      596.920723   13.745836    4.884799    0.093774    3.581622
    0.882353    0.401363    1.036671   -1.231003    0.310517    -1489.949288      595.599578   13.837693    4.894899    0.093774    3.581622
    0.892157    0.370763    1.080034   -1.238765    0.289215    -1492.867363      594.284584   13.922883    4.902975    0.093774    3.581622
    0.901961    0.339442    1.123660   -1.245929    0.270272    -1495.364015      592.973337   14.001241    4.909275    0.093774    3.581622
    0.911765    0.307458    1.167527   -1.252568    0.253415    -1497.484408      591.663177   14.072615    4.914049    0.093774    3.581622
    0.921569    0.274868    1.211619   -1.258747    0.238347    -1499.268484      590.351214   14.136864    4.917540    0.093774    3.581622
    0.931373    0.241732    1.255922   -1.264525    0.224700    -1500.751488      589.034355   14.193862    4.919985    0.093774    3.581622
    0.941176    0.208114    1.300420   -1.269946    0.211965    -1501.964461      587.709331   14.243494    4.921604    0.093774    3.581622
    0.950980    0.174077    1.345103   -1.275041    0.199331    -1502.934716      586.372710   14.285662    4.922601    0.093774    3.581622
    0.960784    0.139689    1.389960   -1.279815    0.185367    -1503.686270      585.020919   14.320281    4.923156    0.093774    3.581622
    0.970588    0.105018    1.434978   -1.284223    0.167351    -1504.240269      583.650259   14.347280    4.923422    0.093774    3.581622
    0.980392    0.070132    1.480142   -1.288116    0.139871    -1504.615423      582.256923   14.366604    4.923521    0.093774    3.581622
    0.990196    0.035102    1.525429   -1.291135    0.091829    -1504.828532      580.837016   14.378215    4.923544    0.093774    3.581622
    1.000000    0.000000    1.570796   -1.292461    0.000000    -1504.895562      579.386567   14.382088    4.923546    0.093774    3.581622
