           t           r         psi          cs          qs               p             sig           A           V          Q2           S
    0.000000   -0.000000   -1.570796   -0.967938    0.000000    -3748.108881     1937.816331    0.000000    0.000000    0.047026    5.233174
    0.009804    0.051285   -1.521118   -0.968858    0.038710    -3748.225186     1935.461120    0.008268    0.000005    0.047026    5.233174
    0.019608    0.102442   -1.471370   -0.970435    0.047256    -3748.604584     1933.165948    0.033051    0.000084    0.047026    5.233174
    0.029412    0.153347   -1.421537   -0.972196    0.051595    -3749.293428     1930.915857    0.074288    0.000424    0.047026    5.233174
    0.039216    0.203870   -1.371610   -0.974107    0.055836    -3750.347312     1928.695924    0.131876    0.001333    0.047026    5.233174
    0.049020    0.253887   -1.321580   -0.976199    0.060893    -3751.835568     1926.491205    0.205674    0.003234    0.047026    5.233174
    0.058824    0.303270   -1.271437   -0.978524    0.067175    -3753.845740     1924.286637    0.295496    0.006649    0.047026    5.233174
    0.068627    0.351893   -1.221167   -0.981146    0.075034    -3756.489260     1922.066928    0.401118    0.012196    0.047026    5.233174
    0.078431    0.399631   -1.170754   -0.984145    0.084888    -3759.909029     1919.816404    0.522275    0.020565    0.047026    5.233174
    0.088235    0.446361   -1.120175   -0.987624    0.097275    -3764.289766     1917.518844    0.658662    0.032504    0.047026    5.233174
    0.098039    0.491959   -1.069402   -0.991713    0.112911    -3769.872321     1915.157298    0.809934    0.048805    0.047026    5.233174
    0.107843    0.536302   -1.018400   -0.996585    0.132770    -3776.973730     1912.713911    0.975705    0.070275    0.047026    5.233174
    0.117647    0.579268   -0.967124   -1.002465    0.158191    -3786.015607     1910.169782    1.155553    0.097724    0.047026    5.233174
    0.127451    0.620736   -0.915514   -1.009654    0.191039    -3797.564820     1907.504937    1.349013    0.131936    0.047026    5.233174
    0.137255    0.660585   -0.863493   -1.018563    0.233931    -3812.392285     1904.698528    1.555584    0.173653    0.047026    5.233174
    0.147059    0.698692   -0.810959   -1.029755    0.290582    -3831.558615     1901.729501    1.774722    0.223554    0.047026    5.233174
    0.156863    0.734931   -0.757776   -1.044011    0.366274    -3856.539163     1898.578203    2.005848    0.282230    0.047026    5.233174
    0.166667    0.769173   -0.703761   -1.062426    0.468484    -3889.405266     1895.229813    2.248337    0.350169    0.047026    5.233174
    0.176471    0.801283   -0.648662   -1.086536    0.607529    -3933.079696     1891.681364    2.501524    0.427736    0.047026    5.233174
    0.186275    0.831111   -0.592136   -1.118471    0.796653    -3991.669708     1887.955854    2.764699    0.515155    0.047026    5.233174
    0.196078    0.858495   -0.533712   -1.161068    1.049523    -4070.808530     1884.130393    3.037100    0.612491    0.047026    5.233174
    0.205882    0.883245   -0.472758   -1.217684    1.369098    -4177.677008     1880.391913    3.317910    0.719628    0.047026    5.233174
    0.215686    0.905137   -0.408477   -1.290956    1.712798    -4319.576281     1877.144880    3.606244    0.836243    0.047026    5.233174
    0.225490    0.923908   -0.340036   -1.378667    1.907686    -4497.817790     1875.205315    3.901140    0.961764    0.047026    5.233174
    0.235294    0.939258   -0.267036   -1.463866    1.517941    -4689.946043     1876.085345    4.201543    1.095302    0.047026    5.233174
    0.245098    0.950901   -0.190638   -1.500512   -0.129544    -4815.173897     1882.166387    4.506304    1.235574    0.047026    5.233174
    0.254902    0.958695   -0.115161   -1.415444   -3.228253    -4716.834610     1896.033383    4.814199    1.380873    0.047026    5.233174
    0.264706    0.962828   -0.048326   -1.162931   -6.381258    -4267.814895     1918.252019    5.124005    1.529231    0.047026    5.233174
    0.274510    0.963931    0.002155   -0.795206   -7.520513    -3562.485101     1945.527962    5.434632    1.678840    0.047026    5.233174
    0.284314    0.962941    0.033345   -0.430191   -6.411851    -2860.508883     1972.741312    5.745251    1.828458    0.047026    5.233174
    0.294118    0.960798    0.047793   -0.150106   -4.406858    -2335.263365     1996.540252    6.055342    1.977469    0.047026    5.233174
    0.303922    0.958239    0.050476    0.030056   -2.590505    -2009.441760     2016.115319    6.364658    2.125684    0.047026    5.233174
    0.313725    0.955741    0.046077    0.130307   -1.289363    -1837.922191     2032.017111    6.673150    2.273118    0.047026    5.233174
    0.323529    0.953574    0.038035    0.175921   -0.447574    -1769.881159     2045.142400    6.980885    2.419872    0.047026    5.233174
    0.333333    0.951862    0.028617    0.186701    0.070150    -1767.129236     2056.314553    7.287993    2.566077    0.047026    5.233174
    0.343137    0.950637    0.019240    0.176147    0.374868    -1804.074245     2066.187298    7.594628    2.711872    0.047026    5.233174
    0.352941    0.949873    0.010753    0.153175    0.540070    -1863.933050     2075.257765    7.900943    2.857389    0.047026    5.233174
    0.362745    0.949510    0.003632    0.123764    0.611240    -1935.468803     2083.901102    8.207079    3.002747    0.047026    5.233174
    0.372549    0.949473   -0.001908    0.092077    0.616603    -2010.857102     2092.400411    8.513152    3.148050    0.047026    5.233174
    0.382353    0.949678   -0.005829    0.061101    0.574814    -2084.445546     2100.967255    8.819254    3.293380    0.047026    5.233174
    0.392157    0.950045   -0.008227    0.032994    0.499791    -2152.106001     2109.754191    9.125451    3.438797    0.047026    5.233174
    0.401961    0.950500   -0.009290    0.009243    0.403447    -2210.948490     2118.862142    9.431782    3.584340    0.047026    5.233174
    0.411765    0.950980   -0.009265   -0.009274    0.296885    -2259.225644     2128.345406    9.738265    3.730026    0.047026    5.233174
    0.421569    0.951437   -0.008433   -0.022252    0.190477    -2296.296230     2138.216622   10.044901    3.875858    0.047026    5.233174
    0.431373    0.951836   -0.007073   -0.029904    0.093249    -2322.551950     2148.453199   10.351675    4.021823    0.047026    5.233174
    0.441176    0.952158   -0.005445   -0.032870    0.012043    -2339.255245     2159.005702   10.658565    4.167901    0.047026    5.233174
    0.450980    0.952394   -0.003765   -0.032081   -0.049104    -2348.285304     2169.807684   10.965546    4.314066    0.047026    5.233174
    0.460784    0.952546   -0.002199   -0.028610   -0.089093    -2351.831317     2180.785745   11.272589    4.460291    0.047026    5.233174
    0.470588    0.952623   -0.000857   -0.023523   -0.109357    -2352.092121     2191.868429   11.579669    4.606551    0.047026    5.233174
    0.480392    0.952639    0.000204   -0.017771   -0.113093    -2351.035584     2202.992888   11.886763    4.752826    0.047026    5.233174
    0.490196    0.952608    0.000969   -0.012115   -0.104369    -2350.247578     2214.108840   12.193854    4.899097    0.047026    5.233174
    0.500000    0.952544    0.001458   -0.007100   -0.087345    -2350.873201     2225.179944   12.500930    5.045354    0.047026    5.233174
    0.509804    0.952462    0.001714   -0.003071   -0.065702    -2353.633073     2236.183123   12.807982    5.191588    0.047026    5.233174
    0.519608    0.952371    0.001793   -0.000198   -0.042330    -2358.889134     2247.106523   13.115006    5.337795    0.047026    5.233174
    0.529412    0.952280    0.001755    0.001478   -0.019212    -2366.735432     2257.946750   13.422000    5.483974    0.047026    5.233174
    0.539216    0.952192    0.001661    0.001995    0.002560    -2377.095512     2268.705869   13.728965    5.630125    0.047026    5.233174
    0.549020    0.952109    0.001569    0.001432    0.022697    -2389.815313     2279.388499   14.035903    5.776251    0.047026    5.233174
    0.558824    0.952030    0.001531   -0.000134    0.041606    -2404.746711     2289.999121   14.342815    5.922351    0.047026    5.233174
    0.568627    0.951951    0.001599   -0.002658    0.060293    -2421.821156     2300.539670   14.649702    6.068428    0.047026    5.233174
    0.578431    0.951864    0.001821   -0.006159    0.080296    -2441.115454     2311.007316   14.956561    6.214479    0.047026    5.233174
    0.588235    0.951760    0.002249   -0.010745    0.103643    -2462.912873     2321.392363   15.263391    6.360500    0.047026    5.233174
    0.598039    0.951628    0.002946   -0.016637    0.132845    -2487.762864     2331.676101   15.570182    6.506486    0.047026    5.233174
    0.607843    0.951452    0.003985   -0.024193    0.170888    -2516.541604     2341.828495   15.876925    6.652425    0.047026    5.233174
    0.617647    0.951212    0.005465   -0.033933    0.221219    -2550.512956     2351.805583   16.183601    6.798300    0.047026    5.233174
    0.627451    0.950882    0.007516   -0.046559    0.287649    -2591.384481     2361.546568   16.490186    6.944086    0.047026    5.233174
    0.637255    0.950428    0.010307   -0.062965    0.374100    -2641.344606     2370.970746   16.796645    7.089751    0.047026    5.233174
    0.647059    0.949808    0.014060   -0.084234    0.484089    -2703.054375     2379.974685   17.102933    7.235248    0.047026    5.233174
    0.656863    0.948964    0.019055   -0.111592    0.619811    -2779.550976     2388.430535   17.408987    7.380513    0.047026    5.233174
    0.666667    0.947825    0.025637   -0.146309    0.780780    -2874.006036     2396.186884   17.714723    7.525460    0.047026    5.233174
    0.676471    0.946300    0.034213   -0.189521    0.962157    -2989.282349     2403.074109   18.020033    7.669975    0.047026    5.233174
    0.686275    0.944274    0.045242   -0.241975    1.153264    -3127.270176     2408.916237   18.324773    7.813903    0.047026    5.233174
    0.696078    0.941609    0.059202   -0.303717    1.337215    -3288.078850     2413.550362   18.628761    7.957039    0.047026    5.233174
    0.705882    0.938145    0.076550   -0.373821    1.492695    -3469.302915     2416.852199   18.931766    8.099117    0.047026    5.233174
    0.715686    0.933698    0.097669   -0.450274    1.598333    -3665.702440     2418.762595   19.233502    8.239798    0.047026    5.233174
    0.725490    0.928071    0.122812   -0.530128    1.638606    -3869.607226     2419.306722   19.533619    8.378655    0.047026    5.233174
    0.735294    0.921059    0.152066   -0.609936    1.608760    -4072.093362     2418.597806   19.831704    8.515177    0.047026    5.233174
    0.745098    0.912462    0.185340   -0.686348    1.516177    -4264.590857     2416.822155   20.127279    8.648763    0.047026    5.233174
    0.754902    0.902090    0.222388   -0.756663    1.377490    -4440.335239     2414.209757   20.419801    8.778740    0.047026    5.233174
    0.764706    0.889779    0.262848   -0.819148    1.213123    -4595.174597     2411.000222   20.708671    8.904382    0.047026    5.233174
    0.774510    0.875387    0.306295   -0.873084    1.041994    -4727.601763     2407.414011   20.993240    9.024940    0.047026    5.233174
    0.784314    0.858807    0.352291   -0.918580    0.878292    -4838.222755     2403.634637   21.272820    9.139670    0.047026    5.233174
    0.794118    0.839960    0.400419   -0.956308    0.730628    -4929.003253     2399.802218   21.546692    9.247874    0.047026    5.233174
    0.803922    0.818797    0.450303   -0.987227    0.602826    -5002.567702     2396.015440   21.814115    9.348924    0.047026    5.233174
    0.813725    0.795297    0.501621   -1.012386    0.495361    -5061.684083     2392.338047   22.074340    9.442295    0.047026    5.233174
    0.823529    0.769462    0.554103   -1.032786    0.406752    -5108.951454     2388.806765   22.326613    9.527587    0.047026    5.233174
    0.833333    0.741317    0.607530   -1.049321    0.334615    -5146.648769     2385.438755   22.570184    9.604536    0.047026    5.233174
    0.843137    0.710905    0.661723   -1.062748    0.276336    -5176.689730     2382.237772   22.804315    9.673029    0.047026    5.233174
    0.852941    0.678287    0.716538   -1.073693    0.229438    -5200.637056     2379.198831   23.028285    9.733106    0.047026    5.233174
    0.862745    0.643539    0.771862   -1.082660    0.191750    -5219.744196     2376.311550   23.241395    9.784955    0.047026    5.233174
    0.872549    0.606750    0.827604   -1.090053    0.161449    -5235.005437     2373.562432   23.442972    9.828910    0.047026    5.233174
    0.882353    0.568021    0.883692   -1.096191    0.137053    -5247.204497     2370.936348   23.632374    9.865431    0.047026    5.233174
    0.892157    0.527462    0.940068   -1.101329    0.117371    -5256.957252     2368.417473   23.808993    9.895091    0.047026    5.233174
    0.901961    0.485194    0.996687   -1.105666    0.101460    -5264.747354     2365.989820   23.972258    9.918556    0.047026    5.233174
    0.911765    0.441346    1.053511   -1.109362    0.088579    -5270.954968     2363.637533   24.121640    9.936558    0.047026    5.233174
    0.921569    0.396054    1.110511   -1.112545    0.078143    -5275.879513     2361.345007   24.256650    9.949870    0.047026    5.233174
    0.931373    0.349462    1.167664   -1.115316    0.069694    -5279.757454     2359.096909   24.376846    9.959282    0.047026    5.233174
    0.941176    0.301719    1.224950   -1.117758    0.062868    -5282.776106     2356.878139   24.481834    9.965568    0.047026    5.233174
    0.950980    0.252979    1.282354   -1.119938    0.057369    -5285.084340     2354.673766   24.571265    9.969466    0.047026    5.233174
    0.960784    0.203401    1.339864   -1.121911    0.052934    -5286.800865     2352.468952   24.644846    9.971648    0.047026    5.233174
    0.970588    0.153147    1.397472   -1.123724    0.049254    -5288.020689     2350.248881   24.702331    9.972697    0.047026    5.233174
    0.980392    0.102383    1.455169   -1.125406    0.045596    -5288.820217     2347.998704   24.743529    9.973091    0.047026    5.233174
    0.990196    0.051277    1.512949   -1.126937    0.038294    -5289.261508     2345.703504   24.768303    9.973182    0.047026    5.233174
    1.000000   -0.000000    1.570796   -1.127862    0.000000    -5289.396969     2343.348290   24.776570    9.973189    0.047026    5.233174
