           t           r         psi          cs          qs               p             sig           A           V          Q2           S
    0.000000   -0.000000   -1.570796   -0.969205    0.000000     -367.994221      190.418168    0.000000    0.000000    0.046999    5.234352
    0.009804    0.051296   -1.521051   -0.969663    0.022165     -368.005872      190.182581    0.008272    0.000005    0.046999    5.234352
    0.019608    0.102465   -1.471265   -0.970774    0.035954     -368.043867      189.952999    0.033066    0.000084    0.046999    5.234352
    0.029412    0.153380   -1.421409   -0.972302    0.045678     -368.112838      189.727927    0.074321    0.000425    0.046999    5.234352
    0.039216    0.203914   -1.371468   -0.974150    0.053732     -368.218343      189.505871    0.131935    0.001335    0.046999    5.234352
    0.049020    0.253940   -1.321423   -0.976290    0.061528     -368.367320      189.285334    0.205764    0.003238    0.046999    5.234352
    0.058824    0.303331   -1.271261   -0.978746    0.070001     -368.568535      189.064811    0.295625    0.006658    0.046999    5.234352
    0.068627    0.351962   -1.220964   -0.981571    0.079882     -368.833149      188.842769    0.401292    0.012211    0.046999    5.234352
    0.078431    0.399708   -1.170511   -0.984848    0.091870     -369.175478      188.617641    0.522500    0.020590    0.046999    5.234352
    0.088235    0.446442   -1.119875   -0.988696    0.106743     -369.614035      188.387803    0.658943    0.032544    0.046999    5.234352
    0.098039    0.492042   -1.069024   -0.993268    0.125459     -370.172959      188.151559    0.810276    0.048864    0.046999    5.234352
    0.107843    0.536384   -1.017916   -0.998771    0.149263     -370.884036      187.907122    0.976111    0.070362    0.046999    5.234352
    0.117647    0.579344   -0.966495   -1.005479    0.179800     -371.789537      187.652601    1.156025    0.097848    0.046999    5.234352
    0.127451    0.620800   -0.914692   -1.013758    0.219257     -372.946304      187.385998    1.349552    0.132110    0.046999    5.234352
    0.137255    0.660628   -0.862414   -1.024094    0.270509     -374.431627      187.105231    1.556186    0.173892    0.046999    5.234352
    0.147059    0.698700   -0.809539   -1.037135    0.337234     -376.351796      186.808198    1.775383    0.223877    0.046999    5.234352
    0.156863    0.734888   -0.755908   -1.053727    0.423888     -378.854532      186.492942    2.006555    0.282659    0.046999    5.234352
    0.166667    0.769056   -0.701311   -1.074951    0.535298     -382.146882      186.157993    2.249073    0.350730    0.046999    5.234352
    0.176471    0.801060   -0.645479   -1.102116    0.675368     -386.520149      185.803064    2.502263    0.428455    0.046999    5.234352
    0.186275    0.830744   -0.588070   -1.136655    0.843940     -392.381733      185.430434    2.765404    0.516056    0.046999    5.234352
    0.196078    0.857936   -0.528672   -1.179782    1.030148     -400.286294      185.047653    3.037718    0.613585    0.046999    5.234352
    0.205882    0.882444   -0.466832   -1.231694    1.199960     -410.933780      184.672765    3.318373    0.720902    0.046999    5.234352
    0.215686    0.904053   -0.402146   -1.289951    1.276207     -425.030503      184.344064    3.606469    0.837636    0.046999    5.234352
    0.225490    0.922537   -0.334459   -1.346726    1.115515     -442.737996      184.136880    3.901034    0.963145    0.046999    5.234352
    0.235294    0.937676   -0.264232   -1.385211    0.506651     -462.164369      184.187041    4.201026    1.096471    0.046999    5.234352
    0.245098    0.949304   -0.193073   -1.377631   -0.747216     -476.528697      184.705424    4.505336    1.236313    0.046999    5.234352
    0.254902    0.957390   -0.124200   -1.290983   -2.598566     -472.268232      185.932817    4.812823    1.381070    0.046999    5.234352
    0.264706    0.962126   -0.062277   -1.106098   -4.514132     -435.656327      187.977267    5.122368    1.528998    0.046999    5.234352
    0.274510    0.963975   -0.012087   -0.840049   -5.672712     -369.098852      190.630443    5.432959    1.678476    0.046999    5.234352
    0.284314    0.963619    0.023435   -0.544546   -5.643099     -294.374132      193.435722    5.743770    1.828268    0.046999    5.234352
    0.294118    0.961823    0.044270   -0.275517   -4.686441     -232.973012      195.990640    6.054214    1.977623    0.046999    5.234352
    0.303922    0.959289    0.052750   -0.066222   -3.362083     -192.445232      198.122599    6.363942    2.126202    0.046999    5.234352
    0.313725    0.956565    0.052222    0.076019   -2.097175     -170.210876      199.839311    6.672811    2.273931    0.046999    5.234352
    0.323529    0.954029    0.045957    0.159476   -1.082192     -160.922808      201.222039    6.980824    2.420868    0.046999    5.234352
    0.333333    0.951902    0.036627    0.197765   -0.347693     -159.961935      202.361309    7.288081    2.567139    0.046999    5.234352
    0.343137    0.950289    0.026203    0.204168    0.145409     -164.099141      203.334103    7.594733    2.712887    0.046999    5.234352
    0.352941    0.949209    0.016030    0.189569    0.452484     -171.219189      204.200489    7.900952    2.858263    0.046999    5.234352
    0.362745    0.948625    0.006963    0.162240    0.622899     -179.935108      205.006295    8.206904    3.003408    0.046999    5.234352
    0.372549    0.948467   -0.000509    0.128285    0.694353     -189.301362      205.786526    8.512738    3.148451    0.046999    5.234352
    0.382353    0.948646   -0.006167    0.092181    0.694043     -198.635725      206.568027    8.818578    3.293500    0.046999    5.234352
    0.392157    0.949068   -0.009990    0.057217    0.641796     -207.421102      207.371159    9.124518    3.438639    0.046999    5.234352
    0.401961    0.949642   -0.012100    0.025771    0.553091     -215.260608      208.210702    9.430621    3.583929    0.046999    5.234352
    0.411765    0.950285   -0.012723   -0.000534    0.441226     -221.865967      209.096267    9.736922    3.729404    0.046999    5.234352
    0.421569    0.950927   -0.012150   -0.020752    0.318442     -227.063257      210.032520   10.043431    3.875078    0.046999    5.234352
    0.431373    0.951517   -0.010703   -0.034563    0.196094     -230.802010      211.019477   10.350141    4.020944    0.046999    5.234352
    0.441176    0.952016   -0.008708   -0.042222    0.084124     -233.156020      212.053075   10.657027    4.166980    0.046999    5.234352
    0.450980    0.952406   -0.006463   -0.044452   -0.009742     -234.308788      213.126070   10.964057    4.313156    0.046999    5.234352
    0.460784    0.952680   -0.004221   -0.042317   -0.080683     -234.523108      214.229214   11.271193    4.459436    0.046999    5.234352
    0.470588    0.952843   -0.002173   -0.037055   -0.127029     -234.100589      215.352524   11.578400    4.605784    0.046999    5.234352
    0.480392    0.952908   -0.000449   -0.029923   -0.149976     -233.340342      216.486434   11.885643    4.752167    0.046999    5.234352
    0.490196    0.952896    0.000886   -0.022062   -0.152867     -232.505470      217.622679   12.192894    4.898558    0.046999    5.234352
    0.500000    0.952824    0.001819   -0.014408   -0.140265     -231.802380      218.754800   12.500131    5.044935    0.046999    5.234352
    0.509804    0.952715    0.002380   -0.007652   -0.117057     -231.373532      219.878312   12.807338    5.191284    0.046999    5.234352
    0.519608    0.952586    0.002627   -0.002237   -0.087742     -231.301019      220.990575   13.114507    5.337596    0.046999    5.234352
    0.529412    0.952450    0.002636    0.001604   -0.055976     -231.617029      222.090491   13.421632    5.483866    0.046999    5.234352
    0.539216    0.952318    0.002491    0.003807   -0.024344     -232.317461      223.178105   13.728714    5.630096    0.046999    5.234352
    0.549020    0.952195    0.002273    0.004413    0.005680     -233.376029      224.254177   14.035755    5.776286    0.046999    5.234352
    0.558824    0.952084    0.002063    0.003517    0.033679     -234.757335      225.319781   14.342758    5.922441    0.046999    5.234352
    0.568627    0.951982    0.001936    0.001218    0.060188     -236.428393      226.375931   14.649727    6.068562    0.046999    5.234352
    0.578431    0.951883    0.001961   -0.002435    0.086581     -238.368663      227.423247   14.956664    6.214654    0.046999    5.234352
    0.588235    0.951777    0.002210   -0.007477    0.114981     -240.578981      228.461655   15.263568    6.360714    0.046999    5.234352
    0.598039    0.951651    0.002755   -0.014064    0.148166     -243.089872      229.490088   15.570435    6.506738    0.046999    5.234352
    0.607843    0.951488    0.003685   -0.022508    0.189489     -245.969582      230.506196   15.877255    6.652719    0.046999    5.234352
    0.617647    0.951264    0.005105   -0.033298    0.242738     -249.331903      231.506028   16.184015    6.798640    0.046999    5.234352
    0.627451    0.950953    0.007154   -0.047122    0.311901     -253.343218      232.483697   16.490688    6.944479    0.046999    5.234352
    0.637255    0.950516    0.010008   -0.064859    0.400745     -258.227185      233.431035   16.797243    7.090201    0.046999    5.234352
    0.647059    0.949908    0.013896   -0.087557    0.512147     -264.263970      234.337300   17.103630    7.235760    0.046999    5.234352
    0.656863    0.949068    0.019099   -0.116361    0.647117     -271.779039      235.189017   17.409786    7.381089    0.046999    5.234352
    0.666667    0.947920    0.025962   -0.152390    0.803602     -281.115045      235.970142   17.715623    7.526100    0.046999    5.234352
    0.676471    0.946369    0.034879   -0.196547    0.975325     -292.580922      236.662738   18.021028    7.670670    0.046999    5.234352
    0.686275    0.944298    0.046282   -0.249297    1.151145     -306.377397      237.248384   18.325853    7.814640    0.046999    5.234352
    0.696078    0.941570    0.060609   -0.310423    1.315579     -322.509619      237.710360   18.629908    7.957798    0.046999    5.234352
    0.705882    0.938025    0.078268   -0.378869    1.450931     -340.713142      238.036383   18.932956    8.099869    0.046999    5.234352
    0.715686    0.933484    0.099587   -0.452716    1.540875     -360.429784      238.221266   19.234705    8.240508    0.046999    5.234352
    0.725490    0.927756    0.124780   -0.529364    1.574457     -380.861773      238.268632   19.534804    8.379288    0.046999    5.234352
    0.735294    0.920645    0.153916   -0.605887    1.548950     -401.101568      238.190933   19.832839    8.515696    0.046999    5.234352
    0.745098    0.911958    0.186914   -0.679473    1.470302     -420.296154      238.007637   20.128332    8.649138    0.046999    5.234352
    0.754902    0.901515    0.223563   -0.747810    1.351069     -437.786302      237.742134   20.420745    8.778953    0.046999    5.234352
    0.764706    0.889153    0.263548   -0.809323    1.206863     -453.177303      237.418368   20.709486    8.904426    0.046999    5.234352
    0.774510    0.874736    0.306496   -0.863224    1.052826     -466.334442      237.058119   20.993913    9.024820    0.046999    5.234352
    0.784314    0.858155    0.352012   -0.909419    0.901220     -477.326953      236.679390   21.273345    9.139405    0.046999    5.234352
    0.794118    0.839327    0.399709   -0.948317    0.760438     -486.353604      236.295871   21.547070    9.247490    0.046999    5.234352
    0.803922    0.818202    0.449230   -0.980640    0.635160     -493.675081      235.917188   21.814355    9.348453    0.046999    5.234352
    0.813725    0.794752    0.500259   -1.007251    0.527122     -499.564752      235.549559   22.074454    9.441773    0.046999    5.234352
    0.823529    0.768976    0.552526   -1.029033    0.436063     -504.278919      235.196563   22.326617    9.527044    0.046999    5.234352
    0.833333    0.740896    0.605804   -1.046811    0.360559     -508.042404      234.859873   22.570097    9.604001    0.046999    5.234352
    0.843137    0.710550    0.659909   -1.061317    0.298652     -511.044248      234.539847   22.804155    9.672526    0.046999    5.234352
    0.852941    0.677998    0.714687   -1.073175    0.248260     -513.439086      234.235984   23.028072    9.732651    0.046999    5.234352
    0.862745    0.643313    0.770017   -1.082901    0.207412     -515.351174      233.947252   23.241147    9.784560    0.046999    5.234352
    0.872549    0.606581    0.825800   -1.090919    0.174363     -516.879254      233.672309   23.442706    9.828579    0.046999    5.234352
    0.882353    0.567902    0.881959   -1.097569    0.147626     -518.101284      233.409651   23.632104    9.865164    0.046999    5.234352
    0.892157    0.527387    0.938430   -1.103123    0.125973     -519.078616      233.157701   23.808732    9.894886    0.046999    5.234352
    0.901961    0.485156    0.995162   -1.107799    0.108398     -519.859493      232.914866   23.972016    9.918405    0.046999    5.234352
    0.911765    0.441337    1.052116   -1.111771    0.094089     -520.481878      232.679566   24.121423    9.936452    0.046999    5.234352
    0.921569    0.396067    1.109259   -1.115177    0.082381     -520.975700      232.450240   24.256465    9.949800    0.046999    5.234352
    0.931373    0.349490    1.166564   -1.118126    0.072719     -521.364612      232.225360   24.376695    9.959239    0.046999    5.234352
    0.941176    0.301755    1.224011   -1.120704    0.064610     -521.667366      232.003414   24.481716    9.965545    0.046999    5.234352
    0.950980    0.253018    1.281581   -1.122975    0.057562     -521.898873      231.782910   24.571180    9.969455    0.046999    5.234352
    0.960784    0.203437    1.339262   -1.124982    0.050994     -522.071028      231.562364   24.644789    9.971643    0.046999    5.234352
    0.970588    0.153177    1.397039   -1.126741    0.044067     -522.193359      231.340294   24.702298    9.972696    0.046999    5.234352
    0.980392    0.102405    1.454899   -1.128224    0.035380     -522.273529      231.115213   24.743514    9.973091    0.046999    5.234352
    0.990196    0.051288    1.512827   -1.129325    0.022355     -522.317770      230.885629   24.768299    9.973182    0.046999    5.234352
    1.000000   -0.000000    1.570796   -1.129791    0.000000     -522.331347      230.650041   24.776570    9.973189    0.046999    5.234352
