           t           r         psi          cs          qs               p             sig           A           V          Q2           S
    0.000000    0.000000   -1.570796   -0.815400    0.000000   -11262.371825     6964.114559    0.000000    0.000000    0.203932    3.162822
    0.009804    0.031005   -1.545403   -0.824528    0.621781   -11265.193503     6870.963760    0.003020    0.000001    0.203932    3.162822
    0.019608    0.061989   -1.519610   -0.839482    0.736987   -11274.111252     6780.253732    0.012080    0.000010    0.203932    3.162822
    0.029412    0.092932   -1.493328   -0.855829    0.791109   -11289.760470     6691.851991    0.027172    0.000049    0.203932    3.162822
    0.039216    0.123812   -1.466524   -0.873196    0.838436   -11312.821917     6605.639123    0.048288    0.000155    0.203932    3.162822
    0.049020    0.154604   -1.439165   -0.891657    0.888221   -11344.053472     6521.510481    0.075411    0.000379    0.203932    3.162822
    0.058824    0.185283   -1.411214   -0.911353    0.943100   -11384.308288     6439.378198    0.108523    0.000791    0.203932    3.162822
    0.068627    0.215822   -1.382632   -0.932454    1.004403   -11434.550743     6359.173617    0.147599    0.001473    0.203932    3.162822
    0.078431    0.246194   -1.353371   -0.955153    1.073142   -11495.872337     6280.850224    0.192609    0.002524    0.203932    3.162822
    0.088235    0.276368   -1.323378   -0.979663    1.150245   -11569.508106     6204.387223    0.243518    0.004061    0.203932    3.162822
    0.098039    0.306311   -1.292595   -1.006224    1.236628   -11656.853540     6129.793880    0.300283    0.006215    0.203932    3.162822
    0.107843    0.335988   -1.260952   -1.035098    1.333187   -11759.481435     6057.114849    0.362857    0.009133    0.203932    3.162822
    0.117647    0.365361   -1.228375   -1.066573    1.440773   -11879.157601     5986.436687    0.431184    0.012978    0.203932    3.162822
    0.127451    0.394389   -1.194777   -1.100963    1.560118   -12017.853508     5917.895822    0.505201    0.017927    0.203932    3.162822
    0.137255    0.423028   -1.160064   -1.138597    1.691725   -12177.752853     5851.688306    0.584836    0.024173    0.203932    3.162822
    0.147059    0.451230   -1.124129   -1.179818    1.835697   -12361.247357     5788.081667    0.670009    0.031919    0.203932    3.162822
    0.156863    0.478942   -1.086856   -1.224969    1.991479   -12570.914764     5727.429281    0.760630    0.041382    0.203932    3.162822
    0.166667    0.506105   -1.048117   -1.274364    2.157497   -12809.468766     5670.187587    0.856598    0.052789    0.203932    3.162822
    0.176471    0.532656   -1.007778   -1.328261    2.330654   -13079.666238     5616.936460    0.957799    0.066373    0.203932    3.162822
    0.186275    0.558524   -0.965696   -1.386807    2.505658   -13384.151647     5568.402824    1.064107    0.082372    0.203932    3.162822
    0.196078    0.583634   -0.921726   -1.449964    2.674165   -13725.212255     5525.487175    1.175383    0.101025    0.203932    3.162822
    0.205882    0.607900   -0.875730   -1.517410    2.823772   -14104.411711     5489.292009    1.291471    0.122562    0.203932    3.162822
    0.215686    0.631231   -0.827585   -1.588407    2.936967   -14522.066691     5461.149887    1.412196    0.147205    0.203932    3.162822
    0.225490    0.653528   -0.777200   -1.661638    2.990304   -14976.536416     5442.647114    1.537368    0.175153    0.203932    3.162822
    0.235294    0.674686   -0.724535   -1.735033    2.954247   -15463.316784     5435.636399    1.666775    0.206575    0.203932    3.162822
    0.245098    0.694594   -0.669629   -1.805597    2.794427   -15973.981362     5442.228656    1.800184    0.241596    0.203932    3.162822
    0.254902    0.713142   -0.612629   -1.869312    2.475139   -16495.102230     5464.750824    1.937341    0.280287    0.203932    3.162822
    0.264706    0.730220   -0.553823   -1.921172    1.965807   -17007.416670     5505.654494    2.077971    0.322649    0.203932    3.162822
    0.274510    0.745728   -0.493667   -1.955454    1.250322   -17485.655150     5567.361688    2.221776    0.368605    0.203932    3.162822
    0.284314    0.759582   -0.432796   -1.966281    0.337644   -17899.538736     5652.042270    2.368443    0.417989    0.203932    3.162822
    0.294118    0.771723   -0.372022   -1.948480   -0.729908   -18216.369335     5761.334509    2.517642    0.470552    0.203932    3.162822
    0.303922    0.782121   -0.312292   -1.898595   -1.875398   -18405.259792     5896.044856    2.669038    0.525962    0.203932    3.162822
    0.313725    0.790786   -0.254620   -1.815792   -2.996567   -18442.394268     6055.887636    2.822290    0.583829    0.203932    3.162822
    0.323529    0.797764   -0.200001   -1.702352   -3.985122   -18316.020116     6239.336595    2.977065    0.643723    0.203932    3.162822
    0.333333    0.803141   -0.149310   -1.563509   -4.750147   -18029.582412     6443.645724    3.133042    0.705207    0.203932    3.162822
    0.343137    0.807033   -0.103225   -1.406663   -5.236904   -17601.847041     6665.054997    3.289919    0.767862    0.203932    3.162822
    0.352941    0.809581   -0.062174   -1.240180   -5.434241   -17063.907498     6899.142974    3.447422    0.831306    0.203932    3.162822
    0.362745    0.810939   -0.026329   -1.072171   -5.369459   -16454.080515     7141.247266    3.605302    0.895210    0.203932    3.162822
    0.372549    0.811266    0.004374   -0.909550   -5.094895   -15812.270992     7386.863705    3.763344    0.959305    0.203932    3.162822
    0.382353    0.810718    0.030188   -0.757530   -4.672578   -15175.226523     7631.956065    3.921362    1.023374    0.203932    3.162822
    0.392157    0.809441    0.051499   -0.619531   -4.161880   -14573.462552     7873.145077    4.079200    1.087253    0.203932    3.162822
    0.401961    0.807568    0.068773   -0.497378   -3.612202   -14029.946132     8107.780501    4.236730    1.150821    0.203932    3.162822
    0.411765    0.805216    0.082514   -0.391640   -3.060326   -13560.169391     8333.921873    4.393845    1.213990    0.203932    3.162822
    0.421569    0.802488    0.093228   -0.301998   -2.530921   -13173.083951     8550.260919    4.550465    1.276697    0.203932    3.162822
    0.431373    0.799469    0.101400   -0.227568   -2.038639   -12872.417696     8756.015570    4.706523    1.338901    0.203932    3.162822
    0.441176    0.796231    0.107486   -0.167155   -1.590656   -12658.036125     8950.817733    4.861971    1.400575    0.203932    3.162822
    0.450980    0.792833    0.111898   -0.119436   -1.189010   -12527.156483     9134.608604    5.016771    1.461703    0.203932    3.162822
    0.460784    0.789320    0.115010   -0.083075   -0.832480   -12475.334422     9307.548408    5.170898    1.522274    0.203932    3.162822
    0.470588    0.785726    0.117154   -0.056801   -0.517971   -12497.212805     9469.942789    5.324331    1.582284    0.203932    3.162822
    0.480392    0.782078    0.118625   -0.039444   -0.241456   -12587.058353     9622.185263    5.477059    1.641730    0.203932    3.162822
    0.490196    0.778391    0.119681   -0.029952    0.001406   -12739.125413     9764.713798    5.629072    1.700613    0.203932    3.162822
    0.500000    0.774675    0.120554   -0.027393    0.214895   -12947.887145     9897.979095    5.780364    1.758931    0.203932    3.162822
    0.509804    0.770933    0.121443   -0.030952    0.403024   -13208.169451    10022.422195    5.930930    1.816685    0.203932    3.162822
    0.519608    0.767160    0.122529   -0.039921    0.569428   -13515.216119    10138.459324    6.080763    1.873872    0.203932    3.162822
    0.529412    0.763349    0.123969   -0.053688    0.717324   -13864.706805    10246.472232    6.229858    1.930488    0.203932    3.162822
    0.539216    0.759487    0.125903   -0.071724    0.849511   -14252.743724    10346.802674    6.378206    1.986526    0.203932    3.162822
    0.549020    0.755556    0.128456   -0.093572    0.968384   -14675.818278    10439.749974    6.525794    2.041976    0.203932    3.162822
    0.558824    0.751535    0.131741   -0.118839    1.075967   -15130.765462    10525.570903    6.672609    2.096825    0.203932    3.162822
    0.568627    0.747401    0.135858   -0.147183    1.173940   -15614.711398    10604.481285    6.818629    2.151056    0.203932    3.162822
    0.578431    0.743126    0.140897   -0.178306    1.263670   -16125.017702    10676.658912    6.963831    2.204648    0.203932    3.162822
    0.588235    0.738681    0.146942   -0.211944    1.346247   -16659.225271    10742.247466    7.108184    2.257573    0.203932    3.162822
    0.598039    0.734035    0.154065   -0.247864    1.422502   -17214.999437    10801.361194    7.251651    2.309799    0.203932    3.162822
    0.607843    0.729153    0.162335   -0.285855    1.493043   -17790.078044    10854.090155    7.394192    2.361291    0.203932    3.162822
    0.617647    0.724000    0.171812   -0.325719    1.558273   -18382.223855    10900.505878    7.535755    2.412006    0.203932    3.162822
    0.627451    0.718538    0.182552   -0.367273    1.618417   -18989.182617    10940.667247    7.676284    2.461896    0.203932    3.162822
    0.637255    0.712728    0.194604   -0.410339    1.673551   -19608.648070    10974.626478    7.815717    2.510906    0.203932    3.162822
    0.647059    0.706532    0.208013   -0.454744    1.723620   -20238.235142    11002.434992    7.953980    2.558976    0.203932    3.162822
    0.656863    0.699907    0.222818   -0.500313    1.768474   -20875.462439    11024.149028    8.090995    2.606043    0.203932    3.162822
    0.666667    0.692814    0.239051   -0.546872    1.807893   -21517.744887    11039.834787    8.226675    2.652034    0.203932    3.162822
    0.676471    0.685209    0.256741   -0.594240    1.841616   -22162.397039    11049.572959    8.360923    2.696874    0.203932    3.162822
    0.686275    0.677052    0.275910   -0.642236    1.869373   -22806.647104    11053.462437    8.493636    2.740483    0.203932    3.162822
    0.696078    0.668301    0.296575   -0.690673    1.890915   -23447.661166    11051.623089    8.624703    2.782777    0.203932    3.162822
    0.705882    0.658914    0.318746   -0.739362    1.906041   -24082.576480    11044.197494    8.754004    2.823670    0.203932    3.162822
    0.715686    0.648853    0.342428   -0.788114    1.914618   -24708.542139    11031.351562    8.881411    2.863076    0.203932    3.162822
    0.725490    0.638078    0.367620   -0.836741    1.916608   -25322.764893    11013.274040    9.006789    2.900904    0.203932    3.162822
    0.735294    0.626553    0.394316   -0.885056    1.912074   -25922.557527    10990.174965    9.129995    2.937071    0.203932    3.162822
    0.745098    0.614242    0.422503   -0.932884    1.901197   -26505.387024    10962.283139    9.250880    2.971492    0.203932    3.162822
    0.754902    0.601113    0.452163   -0.980055    1.884266   -27068.919789    10929.842796    9.369287    3.004090    0.203932    3.162822
    0.764706    0.587137    0.483274   -1.026415    1.861684   -27611.061439    10893.109627    9.485054    3.034794    0.203932    3.162822
    0.774510    0.572287    0.515807   -1.071823    1.833950   -28129.989110    10852.346373    9.598013    3.063543    0.203932    3.162822
    0.784314    0.556541    0.549733   -1.116155    1.801651   -28624.174846    10807.818198    9.707993    3.090287    0.203932    3.162822
    0.794118    0.539881    0.585015   -1.159308    1.765436   -29092.399240    10759.788032    9.814815    3.114988    0.203932    3.162822
    0.803922    0.522291    0.621616   -1.201199    1.726004   -29533.755236    10708.512084    9.918302    3.137626    0.203932    3.162822
    0.813725    0.503764    0.659495   -1.241764    1.684079   -29947.642558    10654.235666   10.018270    3.158195    0.203932    3.162822
    0.823529    0.484292    0.698611   -1.280961    1.640394   -30333.753772    10597.189448   10.114536    3.176709    0.203932    3.162822
    0.833333    0.463879    0.738921   -1.318768    1.595671   -30692.053370    10537.586233   10.206917    3.193199    0.203932    3.162822
    0.843137    0.442528    0.780381   -1.355183    1.550607   -31022.751449    10475.618291   10.295230    3.207719    0.203932    3.162822
    0.852941    0.420252    0.822950   -1.390221    1.505862   -31326.273679    10411.455270   10.379292    3.220340    0.203932    3.162822
    0.862745    0.397067    0.866583   -1.423916    1.462053   -31603.229173    10345.242669   10.458926    3.231153    0.203932    3.162822
    0.872549    0.372997    0.911242   -1.456315    1.419745   -31854.377734    10277.100836   10.533955    3.240267    0.203932    3.162822
    0.882353    0.348068    0.956886   -1.487481    1.379448   -32080.597743    10207.124456   10.604211    3.247807    0.203932    3.162822
    0.892157    0.322317    1.003478   -1.517486    1.341617   -32282.855708    10135.382463   10.669530    3.253913    0.203932    3.162822
    0.901961    0.295782    1.050983   -1.546416    1.306652   -32462.178214    10061.918331   10.729754    3.258735    0.203932    3.162822
    0.911765    0.268508    1.099370   -1.574364    1.274899   -32619.626812     9986.750682   10.784736    3.262433    0.203932    3.162822
    0.921569    0.240548    1.148610   -1.601431    1.246644   -32756.276149     9909.874176   10.834336    3.265169    0.203932    3.162822
    0.931373    0.211957    1.198677   -1.627726    1.222102   -32873.195493     9831.260641   10.878426    3.267107    0.203932    3.162822
    0.941176    0.182798    1.249549   -1.653365    1.201393   -32971.433691     9750.860410   10.916890    3.268404    0.203932    3.162822
    0.950980    0.153137    1.301207   -1.678466    1.184443   -33052.007603     9668.603856   10.949623    3.269210    0.203932    3.162822
    0.960784    0.123047    1.353636   -1.703153    1.170703   -33115.894134     9584.403100   10.976533    3.269663    0.203932    3.162822
    0.970588    0.092604    1.406827   -1.727547    1.157984   -33164.026362     9498.153913   10.997546    3.269882    0.203932    3.162822
    0.980392    0.061890    1.460770   -1.751721    1.135742   -33197.295460     9409.737790   11.012600    3.269965    0.203932    3.162822
    0.990196    0.030992    1.515456   -1.775228    1.026983   -33216.564615     9319.024223   11.021650    3.269984    0.203932    3.162822
    1.000000   -0.000000    1.570796   -1.790863    0.000000   -33222.734082     9225.873173   11.024670    3.269985    0.203932    3.162822
