           t           r         psi          cs          qs               p             sig           A           V          Q2           S
    0.000000    0.000000   -1.570796   -0.908358    0.000000     -280.438367      159.314154    0.000000    0.000000    0.155063    3.539635
    0.009804    0.034697   -1.539253   -0.910173    0.133435     -280.480740      158.099064    0.003783    0.000001    0.155063    3.539635
    0.019608    0.069359   -1.507592   -0.914925    0.232686     -280.615081      156.914129    0.015128    0.000017    0.155063    3.539635
    0.029412    0.103951   -1.475727   -0.921870    0.310034     -280.851396      155.756643    0.034024    0.000084    0.155063    3.539635
    0.039216    0.138438   -1.443590   -0.930552    0.373821     -281.200636      154.624049    0.060451    0.000265    0.155063    3.539635
    0.049020    0.172782   -1.411126   -0.940712    0.429809     -281.675332      153.513958    0.094384    0.000647    0.155063    3.539635
    0.058824    0.206947   -1.378285   -0.952221    0.482064     -282.289958      152.424171    0.135786    0.001341    0.155063    3.539635
    0.068627    0.240891   -1.345022   -0.965050    0.533534     -283.061273      151.352709    0.184613    0.002483    0.155063    3.539635
    0.078431    0.274576   -1.311290   -0.979236    0.586426     -284.008700      150.297848    0.240815    0.004230    0.155063    3.539635
    0.088235    0.307958   -1.277042   -0.994870    0.642455     -285.154746      149.258163    0.304329    0.006765    0.155063    3.539635
    0.098039    0.340992   -1.242223   -1.012087    0.702994     -286.525486      148.232585    0.375085    0.010288    0.155063    3.539635
    0.107843    0.373634   -1.206778   -1.031055    0.769158     -288.151094      147.220470    0.453001    0.015023    0.155063    3.539635
    0.117647    0.405832   -1.170641   -1.051972    0.841835     -290.066438      146.221696    0.537987    0.021208    0.155063    3.539635
    0.127451    0.437538   -1.133741   -1.075058    0.921671     -292.311690      145.236778    0.629941    0.029100    0.155063    3.539635
    0.137255    0.468694   -1.095999   -1.100548    1.009003     -294.932942      144.267022    0.728750    0.038968    0.155063    3.539635
    0.147059    0.499245   -1.057327   -1.128683    1.103746     -297.982731      143.314722    0.834287    0.051092    0.155063    3.539635
    0.156863    0.529128   -1.017630   -1.159693    1.205215     -301.520362      142.383416    0.946413    0.065760    0.155063    3.539635
    0.166667    0.558276   -0.976804   -1.193777    1.311888     -305.611814      141.478205    1.064976    0.083262    0.155063    3.539635
    0.176471    0.586620   -0.934739   -1.231070    1.421082     -310.328901      140.606169    1.189809    0.103890    0.155063    3.539635
    0.186275    0.614082   -0.891324   -1.271604    1.528570     -315.747180      139.776885    1.320727    0.127927    0.155063    3.539635
    0.196078    0.640582   -0.846448   -1.315251    1.628118     -321.941843      139.003063    1.457529    0.155645    0.155063    3.539635
    0.205882    0.666031   -0.800008   -1.361650    1.711012     -328.980518      138.301326    1.599997    0.187295    0.155063    3.539635
    0.215686    0.690338   -0.751919   -1.410121    1.765629     -336.911536      137.693099    1.747890    0.223100    0.155063    3.539635
    0.225490    0.713404   -0.702127   -1.459566    1.777191     -345.745927      137.205598    1.900951    0.263243    0.155063    3.539635
    0.235294    0.735128   -0.650626   -1.508364    1.727922     -355.431403      136.872791    2.058896    0.307858    0.155063    3.539635
    0.245098    0.755407   -0.597473   -1.554280    1.597873     -365.817386      136.736147    2.221422    0.357015    0.155063    3.539635
    0.254902    0.774139   -0.542818   -1.594420    1.366748     -376.612372      136.844842    2.388203    0.410711    0.155063    3.539635
    0.264706    0.791228   -0.486921   -1.625249    1.017003     -387.339547      137.254931    2.558891    0.468857    0.155063    3.539635
    0.274510    0.806588   -0.430172   -1.642745    0.538236     -397.303839      138.026858    2.733117    0.531273    0.155063    3.539635
    0.284314    0.820152   -0.373109   -1.642702   -0.067584     -405.592115      139.220718    2.910498    0.597680    0.155063    3.539635
    0.294118    0.831877   -0.316410   -1.621210   -0.781248     -411.133223      140.888983    3.090637    0.667710    0.155063    3.539635
    0.303922    0.841749   -0.260873   -1.575268   -1.563692     -412.837581      143.067181    3.273130    0.740918    0.155063    3.539635
    0.313725    0.849792   -0.207379   -1.503427   -2.357702     -409.809757      145.764161    3.457576    0.816800    0.155063    3.539635
    0.323529    0.856066   -0.156822   -1.406295   -3.095087     -401.585271      148.954662    3.643581    0.894823    0.155063    3.539635
    0.333333    0.860671   -0.110036   -1.286741   -3.708443     -388.307120      152.577119    3.830770    0.974456    0.155063    3.539635
    0.343137    0.863737   -0.067719   -1.149668   -4.144243     -370.760070      156.538481    4.018792    1.055202    0.155063    3.539635
    0.352941    0.865423   -0.030373   -1.001405   -4.372914     -350.234425      160.725393    4.207329    1.136614    0.155063    3.539635
    0.362745    0.865905    0.001733   -0.848842   -4.392550     -328.267755      165.018746    4.396100    1.218317    0.155063    3.539635
    0.372549    0.865364    0.028567   -0.698564   -4.225695     -306.362184      169.307571    4.584861    1.300011    0.155063    3.539635
    0.382353    0.863981    0.050308   -0.556160   -3.911293     -285.767721      173.499088    4.773408    1.381467    0.155063    3.539635
    0.392157    0.861929    0.067307   -0.425829   -3.495147     -267.374296      177.523617    4.961579    1.462519    0.155063    3.539635
    0.401961    0.859363    0.080034   -0.310281   -3.021723     -251.704307      181.334854    5.149243    1.543058    0.155063    3.539635
    0.411765    0.856423    0.089029   -0.210868   -2.528797     -238.969652      184.907050    5.336304    1.623011    0.155063    3.539635
    0.421569    0.853229    0.094859   -0.127839   -2.045032     -229.154632      188.230710    5.522695    1.702340    0.155063    3.539635
    0.431373    0.849879    0.098085   -0.060641   -1.589835     -222.097384      191.308082    5.708371    1.781028    0.155063    3.539635
    0.441176    0.846456    0.099239   -0.008199   -1.174564     -217.556218      194.149156    5.893307    1.859074    0.155063    3.539635
    0.450980    0.843021    0.098809    0.030844   -0.804310     -215.257287      196.768474    6.077494    1.936488    0.155063    3.539635
    0.460784    0.839622    0.097236    0.057955   -0.479713     -214.925494      199.182776    6.260936    2.013283    0.155063    3.539635
    0.470588    0.836292    0.094908    0.074590   -0.198541     -216.302509      201.409361    6.443644    2.089480    0.155063    3.539635
    0.480392    0.833050    0.092165    0.082120    0.043082     -219.155824      203.465024    6.625634    2.165098    0.155063    3.539635
    0.490196    0.829906    0.089300    0.081786    0.249795     -223.282082      205.365394    6.806929    2.240158    0.155063    3.539635
    0.500000    0.826859    0.086566    0.074685    0.426409     -228.506984      207.124568    6.987549    2.314680    0.155063    3.539635
    0.509804    0.823901    0.084183    0.061770    0.577546     -234.683352      208.754932    7.167514    2.388679    0.155063    3.539635
    0.519608    0.821017    0.082337    0.043854    0.707438     -241.688298      210.267111    7.346842    2.462169    0.155063    3.539635
    0.529412    0.818185    0.081189    0.021625    0.819827     -249.420100      211.669990    7.525548    2.535158    0.155063    3.539635
    0.539216    0.815378    0.080879   -0.004341    0.917943     -257.795058      212.970790    7.703640    2.607651    0.155063    3.539635
    0.549020    0.812567    0.081528   -0.033562    1.004506     -266.744503      214.175172    7.881120    2.679645    0.155063    3.539635
    0.558824    0.809714    0.083242   -0.065638    1.081761     -276.211980      215.287352    8.057983    2.751133    0.155063    3.539635
    0.568627    0.806782    0.086113   -0.100237    1.151509     -286.150632      216.310242    8.234216    2.822100    0.155063    3.539635
    0.578431    0.803730    0.090225   -0.137078    1.215147     -296.520732      217.245596    8.409797    2.892521    0.155063    3.539635
    0.588235    0.800514    0.095650   -0.175926    1.273701     -307.287362      218.094172    8.584696    2.962365    0.155063    3.539635
    0.598039    0.797086    0.102455   -0.216575    1.327865     -318.418218      218.855904    8.758872    3.031593    0.155063    3.539635
    0.607843    0.793399    0.110700   -0.258842    1.378025     -329.881545      219.530090    8.932272    3.100152    0.155063    3.539635
    0.617647    0.789402    0.120437   -0.302556    1.424301     -341.644233      220.115585    9.104836    3.167983    0.155063    3.539635
    0.627451    0.785043    0.131714   -0.347551    1.466579     -353.670129      220.611010    9.276490    3.235016    0.155063    3.539635
    0.637255    0.780269    0.144572   -0.393660    1.504553     -365.918637      221.014958    9.447149    3.301167    0.155063    3.539635
    0.647059    0.775025    0.159046   -0.440707    1.537773     -378.343686      221.326198    9.616717    3.366346    0.155063    3.539635
    0.656863    0.769258    0.175167   -0.488506    1.565692     -390.893151      221.543869    9.785086    3.430448    0.155063    3.539635
    0.666667    0.762912    0.192957   -0.536858    1.587729     -403.508794      221.667648    9.952135    3.493359    0.155063    3.539635
    0.676471    0.755931    0.212432   -0.585552    1.603317     -416.126758      221.697897   10.117732    3.554957    0.155063    3.539635
    0.686275    0.748260    0.233599   -0.634362    1.611960     -428.678609      221.635757   10.281732    3.615108    0.155063    3.539635
    0.696078    0.739847    0.256458   -0.683056    1.613286     -441.092876      221.483212   10.443981    3.673673    0.155063    3.539635
    0.705882    0.730638    0.281002   -0.731395    1.607080     -453.296971      221.243100   10.604309    3.730505    0.155063    3.539635
    0.715686    0.720584    0.307213   -0.779143    1.593313     -465.219352      220.919074   10.762537    3.785455    0.155063    3.539635
    0.725490    0.709635    0.335068   -0.826069    1.572157     -476.791755      220.515524   10.918477    3.838370    0.155063    3.539635
    0.735294    0.697746    0.364534   -0.871955    1.543978     -487.951311      220.037463   11.071928    3.889100    0.155063    3.539635
    0.745098    0.684878    0.395572   -0.916602    1.509325     -498.642394      219.490385   11.222681    3.937500    0.155063    3.539635
    0.754902    0.670991    0.428134   -0.959834    1.468900     -508.818067      218.880105   11.370517    3.983432    0.155063    3.539635
    0.764706    0.656052    0.462171   -1.001500    1.423523     -518.441048      218.212599   11.515211    4.026768    0.155063    3.539635
    0.774510    0.640035    0.497624   -1.041481    1.374095     -527.484169      217.493841   11.656531    4.067398    0.155063    3.539635
    0.784314    0.622916    0.534434   -1.079688    1.321551     -535.930332      216.729662   11.794239    4.105227    0.155063    3.539635
    0.794118    0.604679    0.572538   -1.116060    1.266827     -543.772051      215.925615   11.928092    4.140186    0.155063    3.539635
    0.803922    0.585313    0.611872   -1.150569    1.210823     -551.010627      215.086877   12.057847    4.172226    0.155063    3.539635
    0.813725    0.564813    0.652371   -1.183212    1.154374     -557.655090      214.218163   12.183254    4.201331    0.155063    3.539635
    0.823529    0.543181    0.693971   -1.214011    1.098232     -563.720987      213.323671   12.304069    4.227509    0.155063    3.539635
    0.833333    0.520426    0.736608   -1.243010    1.043046     -569.229111      212.407044   12.420044    4.250802    0.155063    3.539635
    0.843137    0.496562    0.780221   -1.270269    0.989355     -574.204258      211.471352   12.530937    4.271283    0.155063    3.539635
    0.852941    0.471612    0.824751   -1.295865    0.937585     -578.674054      210.519094   12.636507    4.289054    0.155063    3.539635
    0.862745    0.445603    0.870142   -1.319882    0.888040     -582.667908      209.552207   12.736521    4.304248    0.155063    3.539635
    0.872549    0.418570    0.916340   -1.342414    0.840905     -586.216098      208.572088   12.830752    4.317025    0.155063    3.539635
    0.882353    0.390554    0.963296   -1.363558    0.796235     -589.349012      207.579617   12.918981    4.327567    0.155063    3.539635
    0.892157    0.361600    1.010962   -1.383409    0.753944     -592.096540      206.575191   13.000998    4.336080    0.155063    3.539635
    0.901961    0.331763    1.059297   -1.402060    0.713781     -594.487595      205.558757   13.076604    4.342783    0.155063    3.539635
    0.911765    0.301099    1.108259   -1.419594    0.675286     -596.549771      204.529843   13.145613    4.347905    0.155063    3.539635
    0.921569    0.269673    1.157811   -1.436080    0.637719     -598.309097      203.487595   13.207853    4.351682    0.155063    3.539635
    0.931373    0.237553    1.207918   -1.451563    0.599949     -599.789897      202.430808   13.263163    4.354346    0.155063    3.539635
    0.941176    0.204813    1.258545   -1.466052    0.560274     -601.014716      201.357957   13.311400    4.356123    0.155063    3.539635
    0.950980    0.171532    1.309657   -1.479503    0.516140     -602.004317      200.267231   13.352439    4.357223    0.155063    3.539635
    0.960784    0.137790    1.361216   -1.491787    0.463710     -602.777736      199.156565   13.386169    4.357839    0.155063    3.539635
    0.970588    0.103675    1.413177   -1.502649    0.397196     -603.352395      198.023668   13.412499    4.358135    0.155063    3.539635
    0.980392    0.069276    1.465485   -1.511636    0.307823     -603.744287      196.866057   13.431359    4.358246    0.155063    3.539635
    0.990196    0.034686    1.518062   -1.517994    0.182231     -603.968311      195.681090   13.442696    4.358272    0.155063    3.539635
    1.000000    0.000000    1.570796   -1.520496    0.000000     -604.039181      194.465998   13.446478    4.358274    0.155063    3.539635
