           t           r         psi          cs          qs               p             sig           A           V          Q2           S
    0.000000    0.000000   -1.570796   -0.860714    0.000000       19.943451       -5.259594    0.000000    0.000000    0.164407    6.588263
    0.002488    0.016388   -1.556687   -0.861260    0.088685       19.942591       -5.315797    0.000844    0.000000    0.164407    6.588263
    0.004975    0.032773   -1.542561   -0.862888    0.176212       19.939925       -5.371297    0.003375    0.000001    0.164407    6.588263
    0.007463    0.049151   -1.528398   -0.865583    0.262485       19.935351       -5.426120    0.007593    0.000004    0.164407    6.588263
    0.009950    0.065520   -1.514183   -0.869327    0.347403       19.928772       -5.480293    0.013497    0.000012    0.164407    6.588263
    0.012438    0.081875   -1.499898   -0.874102    0.430862       19.920090       -5.533844    0.021086    0.000031    0.164407    6.588263
    0.014925    0.098214   -1.485527   -0.879889    0.512755       19.909197       -5.586798    0.030359    0.000063    0.164407    6.588263
    0.017413    0.114532   -1.471052   -0.886666    0.592971       19.895979       -5.639179    0.041312    0.000117    0.164407    6.588263
    0.019900    0.130827   -1.456459   -0.894411    0.671397       19.880314       -5.691012    0.053945    0.000201    0.164407    6.588263
    0.022388    0.147095   -1.441731   -0.903100    0.747919       19.862069       -5.742320    0.068255    0.000322    0.164407    6.588263
    0.024876    0.163331   -1.426853   -0.912707    0.822417       19.841100       -5.793124    0.084238    0.000491    0.164407    6.588263
    0.027363    0.179532   -1.411810   -0.923206    0.894771       19.817252       -5.843446    0.101891    0.000720    0.164407    6.588263
    0.029851    0.195693   -1.396588   -0.934568    0.964858       19.790356       -5.893306    0.121210    0.001021    0.164407    6.588263
    0.032338    0.211812   -1.381172   -0.946763    1.032553       19.760231       -5.942722    0.142192    0.001408    0.164407    6.588263
    0.034826    0.227882   -1.365551   -0.959759    1.097729       19.726681       -5.991711    0.164831    0.001897    0.164407    6.588263
    0.037313    0.243899   -1.349710   -0.973523    1.160256       19.689494       -6.040290    0.189122    0.002504    0.164407    6.588263
    0.039801    0.259860   -1.333637   -0.988019    1.220004       19.648443       -6.088472    0.215059    0.003246    0.164407    6.588263
    0.042289    0.275758   -1.317321   -1.003211    1.276839       19.603281       -6.136271    0.242637    0.004144    0.164407    6.588263
    0.044776    0.291588   -1.300751   -1.019061    1.330626       19.553746       -6.183697    0.271848    0.005217    0.164407    6.588263
    0.047264    0.307345   -1.283916   -1.035528    1.381229       19.499552       -6.230759    0.302686    0.006487    0.164407    6.588263
    0.049751    0.323024   -1.266806   -1.052571    1.428509       19.440397       -6.277465    0.335142    0.007977    0.164407    6.588263
    0.052239    0.338618   -1.249412   -1.070145    1.472325       19.375952       -6.323818    0.369209    0.009712    0.164407    6.588263
    0.054726    0.354121   -1.231727   -1.088205    1.512538       19.305868       -6.369822    0.404876    0.011716    0.164407    6.588263
    0.057214    0.369527   -1.213741   -1.106704    1.549001       19.229773       -6.415474    0.442135    0.014016    0.164407    6.588263
    0.059701    0.384829   -1.195450   -1.125592    1.581572       19.147267       -6.460772    0.480976    0.016640    0.164407    6.588263
    0.062189    0.400020   -1.176845   -1.144819    1.610104       19.057926       -6.505708    0.521386    0.019616    0.164407    6.588263
    0.064677    0.415093   -1.157924   -1.164331    1.634447       18.961297       -6.550272    0.563354    0.022974    0.164407    6.588263
    0.067164    0.430041   -1.138680   -1.184074    1.654453       18.856902       -6.594447    0.606869    0.026745    0.164407    6.588263
    0.069652    0.444855   -1.119112   -1.203990    1.669972       18.744234       -6.638216    0.651915    0.030960    0.164407    6.588263
    0.072139    0.459528   -1.099216   -1.224021    1.680850       18.622758       -6.681554    0.698480    0.035651    0.164407    6.588263
    0.074627    0.474052   -1.078991   -1.244105    1.686935       18.491913       -6.724431    0.746548    0.040849    0.164407    6.588263
    0.077114    0.488418   -1.058438   -1.264179    1.688073       18.351109       -6.766811    0.796104    0.046589    0.164407    6.588263
    0.079602    0.502618   -1.037555   -1.284179    1.684109       18.199733       -6.808653    0.847131    0.052903    0.164407    6.588263
    0.082090    0.516642   -1.016346   -1.304036    1.674888       18.037148       -6.849905    0.899611    0.059823    0.164407    6.588263
    0.084577    0.530482   -0.994813   -1.323681    1.660254       17.862700       -6.890512    0.953525    0.067384    0.164407    6.588263
    0.087065    0.544128   -0.972961   -1.343042    1.640053       17.675717       -6.930407    1.008855    0.075617    0.164407    6.588263
    0.089552    0.557571   -0.950794   -1.362046    1.614132       17.475520       -6.969513    1.065580    0.084555    0.164407    6.588263
    0.092040    0.570802   -0.928319   -1.380615    1.582338       17.261427       -7.007744    1.123678    0.094228    0.164407    6.588263
    0.094527    0.583810   -0.905544   -1.398672    1.544523       17.032765       -7.045002    1.183127    0.104667    0.164407    6.588263
    0.097015    0.596586   -0.882477   -1.416134    1.500541       16.788881       -7.081177    1.243903    0.115901    0.164407    6.588263
    0.099502    0.609121   -0.859130   -1.432919    1.450254       16.529151       -7.116144    1.305983    0.127958    0.164407    6.588263
    0.101990    0.621405   -0.835514   -1.448941    1.393527       16.253007       -7.149766    1.369341    0.140862    0.164407    6.588263
    0.104478    0.633427   -0.811642   -1.464113    1.330236       15.959947       -7.181887    1.433950    0.154638    0.164407    6.588263
    0.106965    0.645179   -0.787529   -1.478343    1.260270       15.649564       -7.212336    1.499784    0.169307    0.164407    6.588263
    0.109453    0.656650   -0.763192   -1.491541    1.183527       15.321571       -7.240924    1.566813    0.184888    0.164407    6.588263
    0.111940    0.667832   -0.738647   -1.503612    1.099926       14.975832       -7.267444    1.635009    0.201397    0.164407    6.588263
    0.114428    0.678716   -0.713914   -1.514460    1.009405       14.612398       -7.291667    1.704341    0.218849    0.164407    6.588263
    0.116915    0.689292   -0.689014   -1.523988    0.911927       14.231543       -7.313347    1.774778    0.237252    0.164407    6.588263
    0.119403    0.699552   -0.663969   -1.532098    0.807482       13.833806       -7.332215    1.846287    0.256614    0.164407    6.588263
    0.121891    0.709488   -0.638804   -1.538690    0.696098       13.420036       -7.347982    1.918837    0.276939    0.164407    6.588263
    0.124378    0.719093   -0.613544   -1.543666    0.577839       12.991435       -7.360341    1.992393    0.298227    0.164407    6.588263
    0.126866    0.728358   -0.588216   -1.546925    0.452819       12.549605       -7.368962    2.066920    0.320473    0.164407    6.588263
    0.129353    0.737278   -0.562849   -1.548369    0.321201       12.096590       -7.373501    2.142384    0.343670    0.164407    6.588263
    0.131841    0.745846   -0.537475   -1.547902    0.183212       11.634909       -7.373598    2.218748    0.367808    0.164407    6.588263
    0.134328    0.754058   -0.512124   -1.545430    0.039141       11.167595       -7.368880    2.295976    0.392871    0.164407    6.588263
    0.136816    0.761907   -0.486831   -1.540861   -0.110645       10.698201       -7.358969    2.374031    0.418840    0.164407    6.588263
    0.139303    0.769391   -0.461630   -1.534110   -0.265702       10.230811       -7.343483    2.452876    0.445694    0.164407    6.588263
    0.141791    0.776505   -0.436559   -1.525098   -0.425499        9.770017       -7.322044    2.532472    0.473407    0.164407    6.588263
    0.144279    0.783249   -0.411654   -1.513750   -0.589412        9.320875       -7.294287    2.612782    0.501950    0.164407    6.588263
    0.146766    0.789620   -0.386955   -1.500004   -0.756725        8.888840       -7.259865    2.693767    0.531291    0.164407    6.588263
    0.149254    0.795618   -0.362502   -1.483805   -0.926626        8.479659       -7.218462    2.775389    0.561395    0.164407    6.588263
    0.151741    0.801244   -0.338334   -1.465111   -1.098207        8.099249       -7.169800    2.857609    0.592225    0.164407    6.588263
    0.154229    0.806498   -0.314493   -1.443893   -1.270470        7.753527       -7.113650    2.940389    0.623741    0.164407    6.588263
    0.156716    0.811384   -0.291020   -1.420137   -1.442334        7.448234       -7.049844    3.023692    0.655903    0.164407    6.588263
    0.159204    0.815904   -0.267958   -1.393844   -1.612644        7.188723       -6.978281    3.107479    0.688668    0.164407    6.588263
    0.161692    0.820064   -0.245348   -1.365034   -1.780186        6.979748       -6.898940    3.191712    0.721992    0.164407    6.588263
    0.164179    0.823868   -0.223229   -1.333742   -1.943708        6.825254       -6.811882    3.276356    0.755830    0.164407    6.588263
    0.166667    0.827322   -0.201644   -1.300024   -2.101933        6.728177       -6.717259    3.361373    0.790137    0.164407    6.588263
    0.169154    0.830435   -0.180631   -1.263955   -2.253591        6.690279       -6.615317    3.446728    0.824868    0.164407    6.588263
    0.171642    0.833214   -0.160227   -1.225629   -2.397435        6.712024       -6.506391    3.532387    0.859979    0.164407    6.588263
    0.174129    0.835667   -0.140470   -1.185158   -2.532276        6.792507       -6.390906    3.618315    0.895426    0.164407    6.588263
    0.176617    0.837806   -0.121392   -1.142672   -2.656998        6.929440       -6.269371    3.704479    0.931167    0.164407    6.588263
    0.179104    0.839640   -0.103026   -1.098319   -2.770592        7.119210       -6.142366    3.790848    0.967160    0.164407    6.588263
    0.181592    0.841181   -0.085401   -1.052262   -2.872168        7.356992       -6.010535    3.877390    1.003365    0.164407    6.588263
    0.184080    0.842440   -0.068544   -1.004677   -2.960977        7.636914       -5.874567    3.964077    1.039745    0.164407    6.588263
    0.186567    0.843430   -0.052478   -0.955752   -3.036427        7.952275       -5.735187    4.050879    1.076263    0.164407    6.588263
    0.189055    0.844164   -0.037223   -0.905683   -3.098084        8.295782       -5.593138    4.137769    1.112885    0.164407    6.588263
    0.191542    0.844654   -0.022797   -0.854675   -3.145683        8.659807       -5.449164    4.224723    1.149582    0.164407    6.588263
    0.194030    0.844916   -0.009213   -0.802937   -3.179120        9.036640       -5.303997    4.311715    1.186323    0.164407    6.588263
    0.196517    0.844961    0.003518   -0.750678   -3.198453        9.418720       -5.158342    4.398723    1.223081    0.164407    6.588263
    0.199005    0.844805    0.015391   -0.698111   -3.203887        9.798850       -5.012869    4.485725    1.259833    0.164407    6.588263
    0.201493    0.844461    0.026400   -0.645442   -3.195763       10.170366       -4.868197    4.572701    1.296557    0.164407    6.588263
    0.203980    0.843944    0.036547   -0.592878   -3.174546       10.527265       -4.724894    4.659633    1.333233    0.164407    6.588263
    0.206468    0.843268    0.045835   -0.540615   -3.140800       10.864302       -4.583467    4.746504    1.369845    0.164407    6.588263
    0.208955    0.842447    0.054270   -0.488846   -3.095182       11.177033       -4.444358    4.833297    1.406376    0.164407    6.588263
    0.211443    0.841495    0.061862   -0.437752   -3.038413       11.461831       -4.307947    4.919998    1.442815    0.164407    6.588263
    0.213930    0.840425    0.068623   -0.387508   -2.971270       11.715867       -4.174550    5.006596    1.479150    0.164407    6.588263
    0.216418    0.839252    0.074569   -0.338276   -2.894568       11.937071       -4.044424    5.093078    1.515373    0.164407    6.588263
    0.218905    0.837988    0.079717   -0.290208   -2.809142       12.124070       -3.917764    5.179434    1.551475    0.164407    6.588263
    0.221393    0.836646    0.084088   -0.243443   -2.715840       12.276117       -3.794714    5.265656    1.587452    0.164407    6.588263
    0.223881    0.835239    0.087704   -0.198112   -2.615510       12.393012       -3.675367    5.351736    1.623298    0.164407    6.588263
    0.226368    0.833779    0.090590   -0.154332   -2.508987       12.475024       -3.559774    5.437669    1.659012    0.164407    6.588263
    0.228856    0.832278    0.092772   -0.112209   -2.397092       12.522809       -3.447943    5.523449    1.694590    0.164407    6.588263
    0.231343    0.830746    0.094278   -0.071836   -2.280622       12.537341       -3.339851    5.609072    1.730033    0.164407    6.588263
    0.233831    0.829196    0.095137   -0.033297   -2.160346       12.519837       -3.235442    5.694537    1.765341    0.164407    6.588263
    0.236318    0.827636    0.095379    0.003336   -2.037004       12.471702       -3.134639    5.779842    1.800514    0.164407    6.588263
    0.238806    0.826077    0.095038    0.038001   -1.911299       12.394472       -3.037340    5.864986    1.835556    0.164407    6.588263
    0.241294    0.824528    0.094145    0.070648   -1.783904       12.289769       -2.943428    5.949970    1.870467    0.164407    6.588263
    0.243781    0.822999    0.092734    0.101237   -1.655454       12.159265       -2.852772    6.034796    1.905253    0.164407    6.588263
    0.246269    0.821496    0.090838    0.129737   -1.526548       12.004645       -2.765229    6.119465    1.939916    0.164407    6.588263
    0.248756    0.820028    0.088493    0.156125   -1.397750       11.827588       -2.680651    6.203981    1.974460    0.164407    6.588263
    0.251244    0.818601    0.085732    0.180391   -1.269590       11.629742       -2.598881    6.288348    2.008890    0.164407    6.588263
    0.253731    0.817223    0.082592    0.202531   -1.142564       11.412714       -2.519760    6.372571    2.043211    0.164407    6.588263
    0.256219    0.815899    0.079105    0.222550   -1.017133       11.178056       -2.443125    6.456655    2.077429    0.164407    6.588263
    0.258706    0.814635    0.075308    0.240461   -0.893728       10.927256       -2.368813    6.540605    2.111547    0.164407    6.588263
    0.261194    0.813435    0.071235    0.256286   -0.772744       10.661738       -2.296663    6.624428    2.145573    0.164407    6.588263
    0.263682    0.812303    0.066919    0.270052   -0.654552       10.382856       -2.226512    6.708131    2.179512    0.164407    6.588263
    0.266169    0.811244    0.062395    0.281796   -0.539487       10.091895       -2.158202    6.791722    2.213369    0.164407    6.588263
    0.268657    0.810260    0.057694    0.291560   -0.427858        9.790074       -2.091574    6.875207    2.247150    0.164407    6.588263
    0.271144    0.809355    0.052849    0.299391   -0.319948        9.478541       -2.026475    6.958595    2.280862    0.164407    6.588263
    0.273632    0.808530    0.047891    0.305346   -0.216008        9.158385       -1.962754    7.041894    2.314511    0.164407    6.588263
    0.276119    0.807786    0.042850    0.309483   -0.116267        8.830634       -1.900263    7.125112    2.348103    0.164407    6.588263
    0.278607    0.807126    0.037756    0.311867   -0.020926        8.496258       -1.838858    7.208257    2.381644    0.164407    6.588263
    0.281095    0.806549    0.032637    0.312568    0.069839        8.156176       -1.778399    7.291339    2.415139    0.164407    6.588263
    0.283582    0.806056    0.027520    0.311661    0.155877        7.811261       -1.718749    7.374366    2.448596    0.164407    6.588263
    0.286070    0.805647    0.022430    0.309222    0.237058        7.462339       -1.659776    7.457347    2.482021    0.164407    6.588263
    0.288557    0.805321    0.017392    0.305333    0.313279        7.110197       -1.601350    7.540289    2.515418    0.164407    6.588263
    0.291045    0.805076    0.012429    0.300077    0.384455        6.755587       -1.543347    7.623203    2.548795    0.164407    6.588263
    0.293532    0.804913    0.007563    0.293541    0.450526        6.399229       -1.485644    7.706095    2.582157    0.164407    6.588263
    0.296020    0.804828    0.002814    0.285813    0.511452        6.041812       -1.428123    7.788975    2.615510    0.164407    6.588263
    0.298507    0.804820   -0.001799    0.276982    0.567213        5.684001       -1.370670    7.871849    2.648859    0.164407    6.588263
    0.300995    0.804886   -0.006259    0.267140    0.617807        5.326439       -1.313175    7.954727    2.682211    0.164407    6.588263
    0.303483    0.805024   -0.010550    0.256378    0.663254        4.969748       -1.255529    8.037615    2.715570    0.164407    6.588263
    0.305970    0.805231   -0.014658    0.244787    0.703589        4.614532       -1.197628    8.120521    2.748942    0.164407    6.588263
    0.308458    0.805503   -0.018569    0.232459    0.738866        4.261382       -1.139373    8.203452    2.782332    0.164407    6.588263
    0.310945    0.805838   -0.022274    0.219485    0.769154        3.910872       -1.080667    8.286414    2.815745    0.164407    6.588263
    0.313433    0.806232   -0.025761    0.205955    0.794539        3.563565       -1.021416    8.369414    2.849185    0.164407    6.588263
    0.315920    0.806681   -0.029022    0.191958    0.815120        3.220013       -0.961529    8.452457    2.882658    0.164407    6.588263
    0.318408    0.807182   -0.032050    0.177579    0.831012        2.880757       -0.900923    8.535549    2.916167    0.164407    6.588263
    0.320896    0.807730   -0.034841    0.162905    0.842341        2.546326       -0.839512    8.618695    2.949716    0.164407    6.588263
    0.323383    0.808323   -0.037389    0.148017    0.849247        2.217242       -0.777221    8.701900    2.983310    0.164407    6.588263
    0.325871    0.808954   -0.039692    0.132997    0.851882        1.894012       -0.713972    8.785168    3.016952    0.164407    6.588263
    0.328358    0.809622   -0.041748    0.117920    0.850406        1.577133       -0.649697    8.868503    3.050645    0.164407    6.588263
    0.330846    0.810321   -0.043557    0.102862    0.844993        1.267092       -0.584329    8.951908    3.084392    0.164407    6.588263
    0.333333    0.811048   -0.045120    0.087894    0.835824        0.964358       -0.517805    9.035387    3.118196    0.164407    6.588263
    0.335821    0.811798   -0.046439    0.073083    0.823087        0.669385       -0.450069    9.118941    3.152059    0.164407    6.588263
    0.338308    0.812568   -0.047516    0.058493    0.806980        0.382612       -0.381068    9.202574    3.185984    0.164407    6.588263
    0.340796    0.813354   -0.048357    0.044184    0.787707        0.104455       -0.310754    9.286287    3.219973    0.164407    6.588263
    0.343284    0.814151   -0.048967    0.030214    0.765479       -0.164692       -0.239085    9.370082    3.254027    0.164407    6.588263
    0.345771    0.814957   -0.049350    0.016634    0.740509       -0.424458       -0.166023    9.453959    3.288147    0.164407    6.588263
    0.348259    0.815767   -0.049514    0.003493    0.713019       -0.674502       -0.091536    9.537920    3.322334    0.164407    6.588263
    0.350746    0.816578   -0.049467   -0.009165    0.683231       -0.914514       -0.015597    9.621964    3.356589    0.164407    6.588263
    0.353234    0.817386   -0.049217   -0.021299    0.651371       -1.144216        0.061813    9.706091    3.390912    0.164407    6.588263
    0.355721    0.818189   -0.048772   -0.032873    0.617666       -1.363369        0.140710    9.790302    3.425304    0.164407    6.588263
    0.358209    0.818983   -0.048142   -0.043854    0.582344       -1.571770        0.221104    9.874594    3.459764    0.164407    6.588263
    0.360697    0.819766   -0.047338   -0.054216    0.545633       -1.769262        0.302995    9.958968    3.494292    0.164407    6.588263
    0.363184    0.820534   -0.046369   -0.063934    0.507761       -1.955730        0.386383   10.043422    3.528886    0.164407    6.588263
    0.365672    0.821284   -0.045246   -0.072989    0.468952       -2.131107        0.471258   10.127954    3.563546    0.164407    6.588263
    0.368159    0.822015   -0.043980   -0.081365    0.429428       -2.295375        0.557604   10.212562    3.598271    0.164407    6.588263
    0.370647    0.822725   -0.042583   -0.089049    0.389407       -2.448565        0.645401   10.297244    3.633058    0.164407    6.588263
    0.373134    0.823410   -0.041065   -0.096035    0.349102       -2.590761        0.734621   10.381999    3.667907    0.164407    6.588263
    0.375622    0.824070   -0.039439   -0.102317    0.308721       -2.722098        0.825233   10.466822    3.702815    0.164407    6.588263
    0.378109    0.824702   -0.037715   -0.107896    0.268465       -2.842761        0.917199   10.551712    3.737780    0.164407    6.588263
    0.380597    0.825305   -0.035906   -0.112773    0.228526       -2.952991        1.010475   10.636666    3.772800    0.164407    6.588263
    0.383085    0.825878   -0.034023   -0.116954    0.189089       -3.053075        1.105013   10.721680    3.807872    0.164407    6.588263
    0.385572    0.826420   -0.032076   -0.120450    0.150331       -3.143352        1.200760   10.806751    3.842994    0.164407    6.588263
    0.388060    0.826929   -0.030078   -0.123271    0.112416       -3.224204        1.297660   10.891877    3.878163    0.164407    6.588263
    0.390547    0.827405   -0.028040   -0.125434    0.075500       -3.296060        1.395652   10.977054    3.913376    0.164407    6.588263
    0.393035    0.827848   -0.025970   -0.126955    0.039727       -3.359389        1.494670   11.062277    3.948630    0.164407    6.588263
    0.395522    0.828256   -0.023882   -0.127854    0.005230       -3.414697        1.594649   11.147545    3.983922    0.164407    6.588263
    0.398010    0.828630   -0.021783   -0.128154   -0.027870       -3.462521        1.695517   11.232853    4.019249    0.164407    6.588263
    0.400498    0.828970   -0.019684   -0.127878   -0.059466       -3.503430        1.797203   11.318197    4.054608    0.164407    6.588263
    0.402985    0.829276   -0.017595   -0.127053   -0.089462       -3.538015        1.899632   11.403575    4.089997    0.164407    6.588263
    0.405473    0.829547   -0.015523   -0.125705   -0.117774       -3.566886        2.002731   11.488983    4.125411    0.164407    6.588263
    0.407960    0.829785   -0.013477   -0.123864   -0.144333       -3.590667        2.106423   11.574417    4.160848    0.164407    6.588263
    0.410448    0.829989   -0.011465   -0.121560   -0.169080       -3.609992        2.210632   11.659873    4.196305    0.164407    6.588263
    0.412935    0.830161   -0.009495   -0.118823   -0.191970       -3.625499        2.315284   11.745349    4.231779    0.164407    6.588263
    0.415423    0.830300   -0.007573   -0.115685   -0.212971       -3.637824        2.420304   11.830841    4.267267    0.164407    6.588263
    0.417910    0.830409   -0.005705   -0.112179   -0.232060       -3.647598        2.525618   11.916345    4.302766    0.164407    6.588263
    0.420398    0.830488   -0.003898   -0.108336   -0.249229       -3.655443        2.631153   12.001860    4.338273    0.164407    6.588263
    0.422886    0.830537   -0.002156   -0.104189   -0.264478       -3.661966        2.736841   12.087381    4.373786    0.164407    6.588263
    0.425373    0.830559   -0.000484   -0.099771   -0.277821       -3.667755        2.842613   12.172905    4.409302    0.164407    6.588263
    0.427861    0.830553    0.001113   -0.095115   -0.289278       -3.673377        2.948404   12.258430    4.444819    0.164407    6.588263
    0.430348    0.830523    0.002632   -0.090251   -0.298880       -3.679375        3.054152   12.343954    4.480334    0.164407    6.588263
    0.432836    0.830468    0.004070   -0.085213   -0.306669       -3.686264        3.159797   12.429473    4.515846    0.164407    6.588263
    0.435323    0.830390    0.005425   -0.080030   -0.312691       -3.694529        3.265285   12.514985    4.551351    0.164407    6.588263
    0.437811    0.830290    0.006693   -0.074733   -0.317001       -3.704624        3.370561   12.600488    4.586849    0.164407    6.588263
    0.440299    0.830171    0.007874   -0.069350   -0.319661       -3.716968        3.475579   12.685980    4.622337    0.164407    6.588263
    0.442786    0.830033    0.008966   -0.063911   -0.320738       -3.731949        3.580291   12.771459    4.657814    0.164407    6.588263
    0.445274    0.829877    0.009968   -0.058442   -0.320304       -3.749917        3.684658   12.856922    4.693278    0.164407    6.588263
    0.447761    0.829706    0.010881   -0.052970   -0.318436       -3.771190        3.788642   12.942369    4.728727    0.164407    6.588263
    0.450249    0.829521    0.011705   -0.047518   -0.315213       -3.796049        3.892209   13.027797    4.764161    0.164407    6.588263
    0.452736    0.829323    0.012439   -0.042110   -0.310719       -3.824741        3.995329   13.113205    4.799578    0.164407    6.588263
    0.455224    0.829114    0.013085   -0.036768   -0.305039       -3.857478        4.097975   13.198593    4.834978    0.164407    6.588263
    0.457711    0.828895    0.013645   -0.031513   -0.298258       -3.894440        4.200126   13.283958    4.870359    0.164407    6.588263
    0.460199    0.828667    0.014119   -0.026364   -0.290466       -3.935774        4.301763   13.369301    4.905721    0.164407    6.588263
    0.462687    0.828433    0.014510   -0.021339   -0.281750       -3.981597        4.402869   13.454619    4.941063    0.164407    6.588263
    0.465174    0.828192    0.014819   -0.016454   -0.272198       -4.031996        4.503433   13.539913    4.976384    0.164407    6.588263
    0.467662    0.827947    0.015050   -0.011723   -0.261898       -4.087030        4.603445   13.625182    5.011684    0.164407    6.588263
    0.470149    0.827699    0.015204   -0.007161   -0.250935       -4.146731        4.702900   13.710426    5.046964    0.164407    6.588263
    0.472637    0.827449    0.015285   -0.002779   -0.239396       -4.211107        4.801796   13.795644    5.082222    0.164407    6.588263
    0.475124    0.827199    0.015296    0.001412   -0.227361       -4.280142        4.900130   13.880837    5.117458    0.164407    6.588263
    0.477612    0.826948    0.015240    0.005404   -0.214914       -4.353799        4.997907   13.966003    5.152674    0.164407    6.588263
    0.480100    0.826699    0.015120    0.009188   -0.202131       -4.432023        5.095130   14.051144    5.187868    0.164407    6.588263
    0.482587    0.826453    0.014940    0.012758   -0.189089       -4.514738        5.191807   14.136259    5.223041    0.164407    6.588263
    0.485075    0.826210    0.014703    0.016109   -0.175859       -4.601853        5.287947   14.221349    5.258194    0.164407    6.588263
    0.487562    0.825971    0.014414    0.019236   -0.162512       -4.693262        5.383561   14.306415    5.293326    0.164407    6.588263
    0.490050    0.825738    0.014074    0.022138   -0.149114       -4.788846        5.478661   14.391456    5.328438    0.164407    6.588263
    0.492537    0.825510    0.013689    0.024812   -0.135727       -4.888474        5.573262   14.476473    5.363531    0.164407    6.588263
    0.495025    0.825290    0.013262    0.027259   -0.122410       -4.992004        5.667380   14.561467    5.398604    0.164407    6.588263
    0.497512    0.825076    0.012797    0.029478   -0.109219       -5.099287        5.761032   14.646439    5.433660    0.164407    6.588263
    0.500000    0.824870    0.012297    0.031470   -0.096206       -5.210163        5.854236   14.731389    5.468698    0.164407    6.588263
    0.502488    0.824673    0.011767    0.033240   -0.083419       -5.324469        5.947011   14.816318    5.503719    0.164407    6.588263
    0.504975    0.824485    0.011209    0.034788   -0.070901       -5.442034        6.039377   14.901228    5.538724    0.164407    6.588263
    0.507463    0.824306    0.010628    0.036121   -0.058695       -5.562683        6.131355   14.986118    5.573714    0.164407    6.588263
    0.509950    0.824137    0.010026    0.037242   -0.046836       -5.686238        6.222967   15.070991    5.608689    0.164407    6.588263
    0.512438    0.823977    0.009408    0.038157   -0.035358       -5.812519        6.314234   15.155847    5.643650    0.164407    6.588263
    0.514925    0.823828    0.008776    0.038871   -0.024291       -5.941345        6.405179   15.240687    5.678599    0.164407    6.588263
    0.517413    0.823690    0.008135    0.039393   -0.013662       -6.072531        6.495823   15.325512    5.713535    0.164407    6.588263
    0.519900    0.823562    0.007486    0.039727   -0.003493       -6.205895        6.586191   15.410323    5.748460    0.164407    6.588263
    0.522388    0.823444    0.006834    0.039883    0.006197       -6.341255        6.676303   15.495122    5.783375    0.164407    6.588263
    0.524876    0.823338    0.006180    0.039868    0.015391       -6.478429        6.766184   15.579909    5.818281    0.164407    6.588263
    0.527363    0.823242    0.005528    0.039690    0.024075       -6.617237        6.855856   15.664686    5.853178    0.164407    6.588263
    0.529851    0.823156    0.004880    0.039358    0.032240       -6.757503        6.945341   15.749454    5.888068    0.164407    6.588263
    0.532338    0.823082    0.004239    0.038880    0.039879       -6.899052        7.034661   15.834213    5.922951    0.164407    6.588263
    0.534826    0.823017    0.003606    0.038265    0.046986       -7.041713        7.123839   15.918965    5.957828    0.164407    6.588263
    0.537313    0.822963    0.002985    0.037523    0.053559       -7.185316        7.212895   16.003711    5.992701    0.164407    6.588263
    0.539801    0.822920    0.002377    0.036662    0.059601       -7.329700        7.301850   16.088452    6.027569    0.164407    6.588263
    0.542289    0.822885    0.001784    0.035691    0.065112       -7.474703        7.390726   16.173189    6.062434    0.164407    6.588263
    0.544776    0.822861    0.001208    0.034619    0.070099       -7.620171        7.479542   16.257923    6.097297    0.164407    6.588263
    0.547264    0.822846    0.000650    0.033456    0.074569       -7.765954        7.568317   16.342654    6.132158    0.164407    6.588263
    0.549751    0.822840    0.000112    0.032211    0.078532       -7.911907        7.657071   16.427385    6.167018    0.164407    6.588263
    0.552239    0.822842   -0.000406    0.030891    0.081998       -8.057888        7.745821   16.512116    6.201877    0.164407    6.588263
    0.554726    0.822853   -0.000901    0.029506    0.084981       -8.203765        7.834584   16.596847    6.236738    0.164407    6.588263
    0.557214    0.822871   -0.001372    0.028063    0.087494       -8.349408        7.923377   16.681580    6.271599    0.164407    6.588263
    0.559701    0.822898   -0.001820    0.026572    0.089556       -8.494694        8.012216   16.766315    6.306463    0.164407    6.588263
    0.562189    0.822931   -0.002243    0.025041    0.091182       -8.639507        8.101117   16.851053    6.341329    0.164407    6.588263
    0.564677    0.822971   -0.002641    0.023475    0.092391       -8.783736        8.190092   16.935795    6.376198    0.164407    6.588263
    0.567164    0.823017   -0.003013    0.021884    0.093204       -8.927275        8.279157   17.020542    6.411071    0.164407    6.588263
    0.569652    0.823070   -0.003358    0.020274    0.093642       -9.070027        8.368322   17.105293    6.445948    0.164407    6.588263
    0.572139    0.823127   -0.003677    0.018652    0.093725       -9.211900        8.457601   17.190050    6.480829    0.164407    6.588263
    0.574627    0.823190   -0.003969    0.017024    0.093477       -9.352808        8.547004   17.274813    6.515716    0.164407    6.588263
    0.577114    0.823257   -0.004235    0.015395    0.092922       -9.492673        8.636540   17.359584    6.550608    0.164407    6.588263
    0.579602    0.823329   -0.004474    0.013772    0.092082       -9.631421        8.726220   17.444361    6.585506    0.164407    6.588263
    0.582090    0.823404   -0.004686    0.012160    0.090983       -9.768987        8.816051   17.529145    6.620410    0.164407    6.588263
    0.584577    0.823482   -0.004873    0.010563    0.089649       -9.905312        8.906041   17.613938    6.655320    0.164407    6.588263
    0.587065    0.823563   -0.005033    0.008985    0.088107      -10.040343        8.996196   17.698739    6.690238    0.164407    6.588263
    0.589552    0.823647   -0.005167    0.007431    0.086380      -10.174032        9.086522   17.783548    6.725162    0.164407    6.588263
    0.592040    0.823733   -0.005277    0.005904    0.084495      -10.306341        9.177024   17.868366    6.760093    0.164407    6.588263
    0.594527    0.823820   -0.005361    0.004406    0.082479      -10.437237        9.267706   17.953193    6.795032    0.164407    6.588263
    0.597015    0.823908   -0.005421    0.002941    0.080355      -10.566691        9.358571   18.038029    6.829978    0.164407    6.588263
    0.599502    0.823997   -0.005458    0.001511    0.078152      -10.694684        9.449622   18.122874    6.864932    0.164407    6.588263
    0.601990    0.824087   -0.005471    0.000116    0.075893      -10.821201        9.540860   18.207729    6.899893    0.164407    6.588263
    0.604478    0.824176   -0.005462   -0.001241    0.073606      -10.946234        9.632285   18.292592    6.934862    0.164407    6.588263
    0.606965    0.824266   -0.005430   -0.002559    0.071315      -11.069781        9.723899   18.377465    6.969838    0.164407    6.588263
    0.609453    0.824354   -0.005378   -0.003839    0.069045      -11.191845        9.815699   18.462347    7.004822    0.164407    6.588263
    0.611940    0.824442   -0.005305   -0.005081    0.066822      -11.312437        9.907685   18.547238    7.039814    0.164407    6.588263
    0.614428    0.824528   -0.005212   -0.006285    0.064670      -11.431572        9.999855   18.632138    7.074813    0.164407    6.588263
    0.616915    0.824613   -0.005099   -0.007451    0.062614      -11.549271       10.092205   18.717047    7.109819    0.164407    6.588263
    0.619403    0.824695   -0.004968   -0.008582    0.060678      -11.665562       10.184732   18.801964    7.144832    0.164407    6.588263
    0.621891    0.824775   -0.004818   -0.009678    0.058884      -11.780477       10.277432   18.886890    7.179853    0.164407    6.588263
    0.624378    0.824853   -0.004650   -0.010743    0.057257      -11.894052       10.370299   18.971824    7.214879    0.164407    6.588263
    0.626866    0.824928   -0.004466   -0.011778    0.055820      -12.006333       10.463328   19.056766    7.249913    0.164407    6.588263
    0.629353    0.824999   -0.004265   -0.012787    0.054593      -12.117366       10.556514   19.141715    7.284953    0.164407    6.588263
    0.631841    0.825067   -0.004047   -0.013772    0.053600      -12.227205       10.649848   19.226671    7.319998    0.164407    6.588263
    0.634328    0.825132   -0.003813   -0.014737    0.052862      -12.335908       10.743324   19.311635    7.355050    0.164407    6.588263
    0.636816    0.825192   -0.003564   -0.015687    0.052400      -12.443539       10.836933   19.396604    7.390106    0.164407    6.588263
    0.639303    0.825249   -0.003299   -0.016626    0.052234      -12.550165       10.930668   19.481580    7.425168    0.164407    6.588263
    0.641791    0.825300   -0.003019   -0.017558    0.052384      -12.655860       11.024518   19.566562    7.460234    0.164407    6.588263
    0.644279    0.825347   -0.002724   -0.018488    0.052871      -12.760700       11.118475   19.651548    7.495305    0.164407    6.588263
    0.646766    0.825390   -0.002413   -0.019421    0.053714      -12.864769       11.212527   19.736539    7.530379    0.164407    6.588263
    0.649254    0.825426   -0.002087   -0.020364    0.054930      -12.968153       11.306664   19.821534    7.565457    0.164407    6.588263
    0.651741    0.825458   -0.001745   -0.021323    0.056540      -13.070944       11.400875   19.906533    7.600537    0.164407    6.588263
    0.654229    0.825484   -0.001388   -0.022302    0.058560      -13.173239       11.495147   19.991534    7.635621    0.164407    6.588263
    0.656716    0.825503   -0.001014   -0.023310    0.061008      -13.275139       11.589469   20.076538    7.670706    0.164407    6.588263
    0.659204    0.825517   -0.000624   -0.024352    0.063902      -13.376750       11.683826   20.161543    7.705792    0.164407    6.588263
    0.661692    0.825524   -0.000216   -0.025436    0.067258      -13.478184       11.778205   20.246550    7.740880    0.164407    6.588263
    0.664179    0.825524    0.000210   -0.026569    0.071093      -13.579557       11.872591   20.331557    7.775967    0.164407    6.588263
    0.666667    0.825517    0.000655   -0.027759    0.075424      -13.680990       11.966970   20.416564    7.811055    0.164407    6.588263
    0.669154    0.825502    0.001120   -0.029013    0.080265      -13.782610       12.061326   20.501569    7.846141    0.164407    6.588263
    0.671642    0.825480    0.001607   -0.030340    0.085632      -13.884550       12.155643   20.586573    7.881226    0.164407    6.588263
    0.674129    0.825449    0.002115   -0.031748    0.091541      -13.986949       12.249902   20.671574    7.916308    0.164407    6.588263
    0.676617    0.825410    0.002648   -0.033244    0.098005      -14.089949       12.344087   20.756571    7.951388    0.164407    6.588263
    0.679104    0.825362    0.003206   -0.034839    0.105040      -14.193703       12.438178   20.841564    7.986464    0.164407    6.588263
    0.681592    0.825305    0.003790   -0.036540    0.112659      -14.298366       12.532157   20.926551    8.021535    0.164407    6.588263
    0.684080    0.825238    0.004404   -0.038358    0.120877      -14.404102       12.626002   21.011532    8.056601    0.164407    6.588263
    0.686567    0.825161    0.005048   -0.040300    0.129705      -14.511082       12.719692   21.096506    8.091661    0.164407    6.588263
    0.689055    0.825072    0.005726   -0.042377    0.139157      -14.619485       12.813206   21.181471    8.126713    0.164407    6.588263
    0.691542    0.824973    0.006438   -0.044599    0.149245      -14.729496       12.906518   21.266427    8.161758    0.164407    6.588263
    0.694030    0.824861    0.007188   -0.046974    0.159980      -14.841309       12.999606   21.351371    8.196793    0.164407    6.588263
    0.696517    0.824737    0.007979   -0.049513    0.171375      -14.955126       13.092443   21.436304    8.231818    0.164407    6.588263
    0.699005    0.824599    0.008812   -0.052226    0.183438      -15.071157       13.185002   21.521222    8.266832    0.164407    6.588263
    0.701493    0.824448    0.009691   -0.055122    0.196181      -15.189623       13.277255   21.606127    8.301833    0.164407    6.588263
    0.703980    0.824281    0.010620   -0.058213    0.209611      -15.310751       13.369173   21.691014    8.336821    0.164407    6.588263
    0.706468    0.824099    0.011601   -0.061509    0.223738      -15.434780       13.460725   21.775884    8.371793    0.164407    6.588263
    0.708955    0.823901    0.012637   -0.065019    0.238567      -15.561957       13.551878   21.860734    8.406749    0.164407    6.588263
    0.711443    0.823685    0.013733   -0.068754    0.254107      -15.692541       13.642599   21.945563    8.441687    0.164407    6.588263
    0.713930    0.823450    0.014892   -0.072726    0.270360      -15.826798       13.732851   22.030369    8.476605    0.164407    6.588263
    0.716418    0.823196    0.016118   -0.076943    0.287332      -15.965006       13.822598   22.115149    8.511502    0.164407    6.588263
    0.718905    0.822922    0.017415   -0.081417    0.305023      -16.107452       13.911800   22.199903    8.546375    0.164407    6.588263
    0.721393    0.822625    0.018788   -0.086158    0.323436      -16.254432       14.000418   22.284627    8.581224    0.164407    6.588263
    0.723881    0.822306    0.020241   -0.091176    0.342570      -16.406255       14.088407   22.369319    8.616046    0.164407    6.588263
    0.726368    0.821961    0.021778   -0.096483    0.362421      -16.563235       14.175725   22.453977    8.650838    0.164407    6.588263
    0.728856    0.821591    0.023405   -0.102087    0.382985      -16.725697       14.262325   22.538598    8.685599    0.164407    6.588263
    0.731343    0.821194    0.025126   -0.107998    0.404255      -16.893975       14.348159   22.623180    8.720326    0.164407    6.588263
    0.733831    0.820767    0.026947   -0.114228    0.426223      -17.068409       14.433176   22.707719    8.755017    0.164407    6.588263
    0.736318    0.820310    0.028872   -0.120784    0.448876      -17.249346       14.517324   22.792213    8.789669    0.164407    6.588263
    0.738806    0.819820    0.030908   -0.127678    0.472201      -17.437139       14.600550   22.876658    8.824279    0.164407    6.588263
    0.741294    0.819296    0.033059   -0.134916    0.496182      -17.632146       14.682798   22.961051    8.858844    0.164407    6.588263
    0.743781    0.818736    0.035332   -0.142509    0.520798      -17.834725       14.764009   23.045388    8.893361    0.164407    6.588263
    0.746269    0.818138    0.037732   -0.150465    0.546027      -18.045239       14.844126   23.129666    8.927826    0.164407    6.588263
    0.748756    0.817499    0.040266   -0.158791    0.571843      -18.264047       14.923085   23.213880    8.962236    0.164407    6.588263
    0.751244    0.816818    0.042939   -0.167494    0.598217      -18.491507       15.000824   23.298026    8.996586    0.164407    6.588263
    0.753731    0.816091    0.045758   -0.176583    0.625117      -18.727972       15.077280   23.382099    9.030874    0.164407    6.588263
    0.756219    0.815318    0.048729   -0.186062    0.652506      -18.973786       15.152385   23.466095    9.065094    0.164407    6.588263
    0.758706    0.814494    0.051859   -0.195937    0.680346      -19.229283       15.226073   23.550009    9.099242    0.164407    6.588263
    0.761194    0.813618    0.055153   -0.206214    0.708592      -19.494783       15.298277   23.633836    9.133313    0.164407    6.588263
    0.763682    0.812686    0.058620   -0.216897    0.737199      -19.770591       15.368926   23.717569    9.167302    0.164407    6.588263
    0.766169    0.811696    0.062265   -0.227989    0.766115      -20.056990       15.437952   23.801204    9.201204    0.164407    6.588263
    0.768657    0.810646    0.066095   -0.239492    0.795288      -20.354241       15.505286   23.884733    9.235013    0.164407    6.588263
    0.771144    0.809531    0.070117   -0.251409    0.824658      -20.662577       15.570856   23.968151    9.268723    0.164407    6.588263
    0.773632    0.808348    0.074338   -0.263740    0.854166      -20.982199       15.634593   24.051451    9.302327    0.164407    6.588263
    0.776119    0.807095    0.078764   -0.276485    0.883746      -21.313276       15.696429   24.134626    9.335820    0.164407    6.588263
    0.778607    0.805768    0.083403   -0.289643    0.913332      -21.655936       15.756295   24.217667    9.369194    0.164407    6.588263
    0.781095    0.804363    0.088260   -0.303211    0.942854      -22.010266       15.814124   24.300568    9.402442    0.164407    6.588263
    0.783582    0.802878    0.093343   -0.317187    0.972238      -22.376308       15.869851   24.383320    9.435556    0.164407    6.588263
    0.786070    0.801307    0.098659   -0.331565    1.001409      -22.754054       15.923414   24.465915    9.468528    0.164407    6.588263
    0.788557    0.799648    0.104213   -0.346341    1.030290      -23.143444       15.974750   24.548344    9.501350    0.164407    6.588263
    0.791045    0.797896    0.110013   -0.361507    1.058803      -23.544364       16.023804   24.630597    9.534013    0.164407    6.588263
    0.793532    0.796048    0.116065   -0.377055    1.086867      -23.956640       16.070519   24.712664    9.566507    0.164407    6.588263
    0.796020    0.794099    0.122374   -0.392976    1.114402      -24.380041       16.114845   24.794537    9.598824    0.164407    6.588263
    0.798507    0.792045    0.128947   -0.409261    1.141328      -24.814276       16.156735   24.876203    9.630952    0.164407    6.588263
    0.800995    0.789883    0.135791   -0.425897    1.167563      -25.258989       16.196147   24.957652    9.662883    0.164407    6.588263
    0.803483    0.787607    0.142909   -0.442872    1.193029      -25.713765       16.233043   25.038873    9.694604    0.164407    6.588263
    0.805970    0.785213    0.150309   -0.460173    1.217646      -26.178124       16.267390   25.119853    9.726105    0.164407    6.588263
    0.808458    0.782697    0.157994   -0.477784    1.241339      -26.651529       16.299160   25.200580    9.757373    0.164407    6.588263
    0.810945    0.780054    0.165971   -0.495690    1.264034      -27.133382       16.328334   25.281042    9.788398    0.164407    6.588263
    0.813433    0.777280    0.174243   -0.513874    1.285659      -27.623029       16.354894   25.361225    9.819166    0.164407    6.588263
    0.815920    0.774370    0.182816   -0.532318    1.306147      -28.119763       16.378831   25.441116    9.849664    0.164407    6.588263
    0.818408    0.771320    0.191692   -0.551004    1.325436      -28.622826       16.400141   25.520700    9.879880    0.164407    6.588263
    0.820896    0.768124    0.200877   -0.569913    1.343466      -29.131418       16.418828   25.599962    9.909800    0.164407    6.588263
    0.823383    0.764778    0.210374   -0.589024    1.360183      -29.644698       16.434900   25.678887    9.939410    0.164407    6.588263
    0.825871    0.761278    0.220185   -0.608316    1.375539      -30.161788       16.448372   25.757460    9.968695    0.164407    6.588263
    0.828358    0.757618    0.230314   -0.627769    1.389490      -30.681788       16.459267   25.835664    9.997641    0.164407    6.588263
    0.830846    0.753793    0.240762   -0.647361    1.402001      -31.203770       16.467612   25.913483   10.026234    0.164407    6.588263
    0.833333    0.749800    0.251533   -0.667070    1.413039      -31.726796       16.473440   25.990900   10.054459    0.164407    6.588263
    0.835821    0.745634    0.262628   -0.686873    1.422581      -32.249917       16.476790   26.067896   10.082299    0.164407    6.588263
    0.838308    0.741289    0.274047   -0.706749    1.430609      -32.772184       16.477707   26.144454   10.109741    0.164407    6.588263
    0.840796    0.736762    0.285793   -0.726674    1.437110      -33.292654       16.476241   26.220556   10.136767    0.164407    6.588263
    0.843284    0.732047    0.297866   -0.746627    1.442081      -33.810397       16.472445   26.296181   10.163364    0.164407    6.588263
    0.845771    0.727141    0.310266   -0.766586    1.445521      -34.324501       16.466379   26.371312   10.189515    0.164407    6.588263
    0.848259    0.722038    0.322993   -0.786528    1.447439      -34.834080       16.458105   26.445927   10.215205    0.164407    6.588263
    0.850746    0.716736    0.336046   -0.806431    1.447848      -35.338278       16.447688   26.520006   10.240418    0.164407    6.588263
    0.853234    0.711228    0.349425   -0.826275    1.446767      -35.836278       16.435199   26.593529   10.265139    0.164407    6.588263
    0.855721    0.705513    0.363129   -0.846039    1.444221      -36.327301       16.420708   26.666474   10.289354    0.164407    6.588263
    0.858209    0.699585    0.377156   -0.865703    1.440238      -36.810615       16.404290   26.738820   10.313047    0.164407    6.588263
    0.860697    0.693440    0.391504   -0.885247    1.434854      -37.285537       16.386018   26.810544   10.336204    0.164407    6.588263
    0.863184    0.687076    0.406171   -0.904652    1.428106      -37.751434       16.365971   26.881624   10.358811    0.164407    6.588263
    0.865672    0.680489    0.421155   -0.923901    1.420037      -38.207728       16.344225   26.952037   10.380856    0.164407    6.588263
    0.868159    0.673675    0.436453   -0.942976    1.410692      -38.653896       16.320857   27.021761   10.402324    0.164407    6.588263
    0.870647    0.666632    0.452062   -0.961861    1.400120      -39.089471       16.295944   27.090771   10.423204    0.164407    6.588263
    0.873134    0.659357    0.467979   -0.980540    1.388371      -39.514043       16.269564   27.159044   10.443485    0.164407    6.588263
    0.875622    0.651846    0.484201   -0.998999    1.375497      -39.927258       16.241792   27.226555   10.463155    0.164407    6.588263
    0.878109    0.644098    0.500723   -1.017223    1.361553      -40.328818       16.212702   27.293281   10.482206    0.164407    6.588263
    0.880597    0.636110    0.517541   -1.035201    1.346593      -40.718478       16.182368   27.359197   10.500628    0.164407    6.588263
    0.883085    0.627881    0.534652   -1.052920    1.330672      -41.096046       16.150861   27.424277   10.518413    0.164407    6.588263
    0.885572    0.619408    0.552052   -1.070369    1.313845      -41.461382       16.118249   27.488498   10.535556    0.164407    6.588263
    0.888060    0.610691    0.569735   -1.087537    1.296168      -41.814393       16.084599   27.551834   10.552050    0.164407    6.588263
    0.890547    0.601727    0.587697   -1.104417    1.277694      -42.155032       16.049975   27.614259   10.567892    0.164407    6.588263
    0.893035    0.592517    0.605933   -1.120999    1.258475      -42.483293       16.014439   27.675749   10.583078    0.164407    6.588263
    0.895522    0.583059    0.624439   -1.137276    1.238564      -42.799211       15.978048   27.736278   10.597607    0.164407    6.588263
    0.898010    0.573354    0.643208   -1.153240    1.218010      -43.102860       15.940859   27.795820   10.611479    0.164407    6.588263
    0.900498    0.563401    0.662237   -1.168887    1.196860      -43.394343       15.902924   27.854350   10.624694    0.164407    6.588263
    0.902985    0.553200    0.681520   -1.184210    1.175159      -43.673798       15.864292   27.911842   10.637257    0.164407    6.588263
    0.905473    0.542752    0.701051   -1.199206    1.152950      -43.941388       15.825009   27.968271   10.649169    0.164407    6.588263
    0.907960    0.532058    0.720825   -1.213869    1.130273      -44.197300       15.785119   28.023611   10.660439    0.164407    6.588263
    0.910448    0.521119    0.740837   -1.228196    1.107164      -44.441744       15.744662   28.077838   10.671072    0.164407    6.588263
    0.912935    0.509937    0.761080   -1.242185    1.083657      -44.674947       15.703673   28.130926   10.681077    0.164407    6.588263
    0.915423    0.498513    0.781550   -1.255834    1.059783      -44.897153       15.662187   28.182850   10.690464    0.164407    6.588263
    0.917910    0.486850    0.802241   -1.269139    1.035568      -45.108620       15.620234   28.233585   10.699245    0.164407    6.588263
    0.920398    0.474950    0.823148   -1.282100    1.011037      -45.309615       15.577841   28.283107   10.707434    0.164407    6.588263
    0.922886    0.462816    0.844263   -1.294715    0.986209      -45.500414       15.535033   28.331391   10.715044    0.164407    6.588263
    0.925373    0.450450    0.865583   -1.306982    0.961101      -45.681302       15.491831   28.378414   10.722091    0.164407    6.588263
    0.927861    0.437858    0.887101   -1.318902    0.935726      -45.852564       15.448255   28.424152   10.728593    0.164407    6.588263
    0.930348    0.425041    0.908811   -1.330473    0.910094      -46.014492       15.404318   28.468582   10.734568    0.164407    6.588263
    0.932836    0.412005    0.930709   -1.341695    0.884208      -46.167378       15.360036   28.511680   10.740035    0.164407    6.588263
    0.935323    0.398754    0.952787   -1.352566    0.858072      -46.311513       15.315418   28.553425   10.745015    0.164407    6.588263
    0.937811    0.385292    0.975040   -1.363087    0.831682      -46.447187       15.270473   28.593795   10.749529    0.164407    6.588263
    0.940299    0.371625    0.997463   -1.373256    0.805034      -46.574688       15.225205   28.632768   10.753600    0.164407    6.588263
    0.942786    0.357758    1.020050   -1.383073    0.778117      -46.694299       15.179618   28.670323   10.757251    0.164407    6.588263
    0.945274    0.343696    1.042795   -1.392537    0.750917      -46.806300       15.133713   28.706440   10.760505    0.164407    6.588263
    0.947761    0.329446    1.065692   -1.401646    0.723417      -46.910964       15.087489   28.741100   10.763387    0.164407    6.588263
    0.950249    0.315014    1.088735   -1.410399    0.695595      -47.008560       15.040943   28.774282   10.765922    0.164407    6.588263
    0.952736    0.300406    1.111919   -1.418794    0.667425      -47.099349       14.994068   28.805970   10.768133    0.164407    6.588263
    0.955224    0.285630    1.135238   -1.426828    0.638877      -47.183587       14.946858   28.836144   10.770046    0.164407    6.588263
    0.957711    0.270691    1.158685   -1.434498    0.609919      -47.261520       14.899304   28.864789   10.771686    0.164407    6.588263
    0.960199    0.255599    1.182255   -1.441802    0.580511      -47.333389       14.851394   28.891887   10.773076    0.164407    6.588263
    0.962687    0.240360    1.205942   -1.448734    0.550612      -47.399427       14.803116   28.917423   10.774242    0.164407    6.588263
    0.965174    0.224982    1.229739   -1.455292    0.520174      -47.459858       14.754457   28.941383   10.775207    0.164407    6.588263
    0.967662    0.209473    1.253640   -1.461468    0.489147      -47.514899       14.705399   28.963753   10.775993    0.164407    6.588263
    0.970149    0.193842    1.277640   -1.467257    0.457475      -47.564759       14.655927   28.984519   10.776623    0.164407    6.588263
    0.972637    0.178097    1.301731   -1.472652    0.425098      -47.609640       14.606021   29.003670   10.777118    0.164407    6.588263
    0.975124    0.162247    1.325907   -1.477645    0.391950      -47.649734       14.555663   29.021194   10.777498    0.164407    6.588263
    0.977612    0.146300    1.350162   -1.482228    0.357962      -47.685230       14.504830   29.037081   10.777781    0.164407    6.588263
    0.980100    0.130267    1.374489   -1.486389    0.323058      -47.716305       14.453501   29.051321   10.777986    0.164407    6.588263
    0.982587    0.114155    1.398880   -1.490119    0.287158      -47.743132       14.401653   29.063906   10.778127    0.164407    6.588263
    0.985075    0.097976    1.423329   -1.493404    0.250176      -47.765877       14.349261   29.074829   10.778220    0.164407    6.588263
    0.987562    0.081737    1.447827   -1.496231    0.212020      -47.784699       14.296301   29.084082   10.778276    0.164407    6.588263
    0.990050    0.065449    1.472369   -1.498586    0.172593      -47.799753       14.242746   29.091660   10.778308    0.164407    6.588263
    0.992537    0.049121    1.496944   -1.500451    0.131791      -47.811191       14.188570   29.097560   10.778322    0.164407    6.588263
    0.995025    0.032764    1.521547   -1.501808    0.089504      -47.819160       14.133747   29.101776   10.778328    0.164407    6.588263
    0.997512    0.016387    1.546167   -1.502639    0.045615      -47.823812       14.078247   29.104307   10.778329    0.164407    6.588263
    1.000000    0.000000    1.570796   -1.502921    0.000000      -47.825313       14.022043   29.105150   10.778329    0.164407    6.588263
