           t           r         psi          cs          qs               p             sig           A           V          Q2           S
    0.000000   -0.000000   -1.570796   -0.965625    0.000000     -269.769166      140.360340    0.000000    0.000000    0.055812    4.887333
    0.009804    0.047898   -1.524520   -0.966110    0.025516     -269.779130      140.144508    0.007211    0.000004    0.055812    4.887333
    0.019608    0.095693   -1.478202   -0.967337    0.043103     -269.811456      139.934017    0.028830    0.000064    0.055812    4.887333
    0.029412    0.143283   -1.431812   -0.969087    0.056351     -269.869775      139.727692    0.064809    0.000322    0.055812    4.887333
    0.039216    0.190565   -1.385328   -0.971251    0.067509     -269.958352      139.524364    0.115072    0.001013    0.055812    4.887333
    0.049020    0.237435   -1.338731   -0.973790    0.078058     -270.082418      139.322870    0.179511    0.002459    0.055812    4.887333
    0.058824    0.283792   -1.292003   -0.976715    0.089055     -270.248456      139.122048    0.257985    0.005064    0.055812    4.887333
    0.068627    0.329531   -1.245126   -0.980070    0.101344     -270.464564      138.920732    0.350325    0.009302    0.055812    4.887333
    0.078431    0.374550   -1.198075   -0.983933    0.115698     -270.740911      138.717742    0.456329    0.015712    0.055812    4.887333
    0.088235    0.418747   -1.150825   -0.988412    0.132918     -271.090357      138.511883    0.575766    0.024886    0.055812    4.887333
    0.098039    0.462019   -1.103343   -0.993651    0.153915     -271.529267      138.301932    0.708372    0.037452    0.055812    4.887333
    0.107843    0.504262   -1.055589   -0.999837    0.179782     -272.078621      138.086639    0.853852    0.054066    0.055812    4.887333
    0.117647    0.545375   -1.007510   -1.007210    0.211857     -272.765526      137.864721    1.011883    0.075394    0.055812    4.887333
    0.127451    0.585252   -0.959044   -1.016075    0.251788     -273.625282      137.634875    1.182108    0.102099    0.055812    4.887333
    0.137255    0.623790   -0.910110   -1.026820    0.301568     -274.704243      137.395798    1.364140    0.134825    0.055812    4.887333
    0.147059    0.660881   -0.860606   -1.039931    0.363526     -276.063755      137.146245    1.557558    0.174183    0.055812    4.887333
    0.156863    0.696415   -0.810406   -1.056005    0.440197     -277.785578      136.885129    1.761912    0.220732    0.055812    4.887333
    0.166667    0.730277   -0.759350   -1.075756    0.533975     -279.979245      136.611716    1.976714    0.274967    0.055812    4.887333
    0.176471    0.762347   -0.707244   -1.099996    0.646325     -282.791710      136.325974    2.201445    0.337303    0.055812    4.887333
    0.186275    0.792497   -0.653852   -1.129563    0.776252     -286.419092      136.029203    2.435545    0.408057    0.055812    4.887333
    0.196078    0.820588   -0.598902   -1.165154    0.917508     -291.118332      135.725148    2.678415    0.487432    0.055812    4.887333
    0.205882    0.846468   -0.542095   -1.206990    1.053933     -297.211217      135.421951    2.929414    0.575495    0.055812    4.887333
    0.215686    0.869973   -0.483149   -1.254211    1.152403     -305.059584      135.135514    3.187850    0.672158    0.055812    4.887333
    0.225490    0.890927   -0.421863   -1.303880    1.153936     -314.960004      134.895031    3.452984    0.777146    0.055812    4.887333
    0.235294    0.909152   -0.358258   -1.349594    0.966748     -326.850058      134.751316    3.724020    0.889971    0.055812    4.887333
    0.245098    0.924478   -0.292774   -1.379971    0.472357     -339.660581      134.786821    4.000110    1.009903    0.055812    4.887333
    0.254902    0.936777   -0.226529   -1.378096   -0.434224     -350.258717      135.120708    4.280360    1.135955    0.055812    4.887333
    0.264706    0.946005   -0.161547   -1.324015   -1.752266     -352.648313      135.891734    4.563851    1.266910    0.055812    4.887333
    0.274510    0.952246   -0.100737   -1.202314   -3.265989     -339.494034      137.197945    4.849666    1.401406    0.055812    4.887333
    0.284314    0.955756   -0.047422   -1.012901   -4.550159     -307.485789      139.007796    5.136941    1.538083    0.055812    4.887333
    0.294118    0.956952   -0.004428   -0.776542   -5.192706     -262.204340      141.126580    5.424912    1.675755    0.055812    4.887333
    0.303922    0.956369    0.026795   -0.527650   -5.064332     -215.200387      143.283500    5.712961    1.813540    0.055812    4.887333
    0.313725    0.954570    0.046470   -0.299169   -4.349551     -176.009207      145.264053    6.000637    1.950885    0.055812    4.887333
    0.323529    0.952078    0.056128   -0.111783   -3.357920     -148.240786      146.969078    6.287655    2.087516    0.055812    4.887333
    0.333333    0.949319    0.057955    0.027528   -2.346649     -131.116337      148.391642    6.573874    2.223345    0.055812    4.887333
    0.343137    0.946615    0.054219    0.121320   -1.461266     -122.222166      149.570652    6.859263    2.358397    0.055812    4.887333
    0.352941    0.944182    0.046941    0.176780   -0.754801     -119.132151      150.557821    7.143875    2.492755    0.055812    4.887333
    0.362745    0.942149    0.037756    0.202312   -0.226420     -119.940682      151.402074    7.427813    2.626529    0.055812    4.887333
    0.372549    0.940576    0.027906    0.205752    0.148097     -123.284633      152.144593    7.711206    2.759839    0.055812    4.887333
    0.382353    0.939471    0.018286    0.193701    0.398716     -128.217455      152.818530    7.994197    2.892807    0.055812    4.887333
    0.392157    0.938810    0.009506    0.171444    0.553008     -134.077772      153.450240    8.276924    3.025548    0.055812    4.887333
    0.401961    0.938541    0.001953    0.143114    0.633487     -140.389686      154.060694    8.559511    3.158171    0.055812    4.887333
    0.411765    0.938600   -0.004163    0.111913    0.657600     -146.796088      154.666638    8.842069    3.290767    0.055812    4.887333
    0.421569    0.938915   -0.008766    0.080316    0.638760     -153.017795      155.281385    9.124685    3.423415    0.055812    4.887333
    0.431373    0.939416   -0.011884    0.050224    0.587602     -158.831291      155.915306    9.407425    3.556176    0.055812    4.887333
    0.441176    0.940032   -0.013626    0.023056    0.513076     -164.059396      156.576082    9.690335    3.689093    0.055812    4.887333
    0.450980    0.940702   -0.014157   -0.000187    0.423222     -168.570303      157.268819    9.973441    3.822191    0.055812    4.887333
    0.460784    0.941373   -0.013681   -0.018893    0.325577     -172.280989      157.996122   10.256749    3.955481    0.055812    4.887333
    0.470588    0.942001   -0.012423   -0.032817    0.227233     -175.161320      158.758201   10.540254    4.088956    0.055812    4.887333
    0.480392    0.942554   -0.010611   -0.042053    0.134644     -177.235618      159.553085   10.823937    4.222602    0.055812    4.887333
    0.490196    0.943012   -0.008461   -0.046994    0.053289     -178.579541      160.376962   11.107773    4.356395    0.055812    4.887333
    0.500000    0.943363   -0.006166   -0.048276   -0.012664     -179.311583      161.224635   11.391731    4.490306    0.055812    4.887333
    0.509804    0.943603   -0.003881   -0.046704   -0.060564     -179.580206      162.090049   11.675778    4.624302    0.055812    4.887333
    0.519608    0.943737   -0.001721   -0.043180   -0.089295     -179.548850      162.966825   11.959881    4.758353    0.055812    4.887333
    0.529412    0.943771    0.000241   -0.038631   -0.099082     -179.381581      163.848719   12.244009    4.892427    0.055812    4.887333
    0.539216    0.943717    0.001978   -0.033948   -0.091138     -179.231739      164.729958   12.528134    5.026499    0.055812    4.887333
    0.549020    0.943585    0.003505   -0.029949   -0.067231     -179.234996      165.605429   12.812230    5.160543    0.055812    4.887333
    0.558824    0.943384    0.004871   -0.027366   -0.029243     -179.507162      166.470710   13.096276    5.294539    0.055812    4.887333
    0.568627    0.943120    0.006160   -0.026836    0.021194     -180.146159      167.321968   13.380252    5.428468    0.055812    4.887333
    0.578431    0.942793    0.007485   -0.028930    0.082953     -181.237105      168.155744   13.664139    5.562312    0.055812    4.887333
    0.588235    0.942400    0.008983   -0.034171    0.155535     -182.859235      168.968667   13.947918    5.696053    0.055812    4.887333
    0.598039    0.941927    0.010818   -0.043066    0.239036     -185.093400      169.757127   14.231567    5.829670    0.055812    4.887333
    0.607843    0.941355    0.013177   -0.056132    0.333978     -188.028892      170.516938   14.515059    5.963135    0.055812    4.887333
    0.617647    0.940653    0.016272   -0.073904    0.440979     -191.768210      171.243016   14.798361    6.096416    0.055812    4.887333
    0.627451    0.939780    0.020343   -0.096935    0.560283     -196.428176      171.929145   15.081426    6.229468    0.055812    4.887333
    0.637255    0.938683    0.025654   -0.125762    0.691184     -202.135528      172.567848   15.364197    6.362229    0.055812    4.887333
    0.647059    0.937297    0.032495   -0.160846    0.831408     -209.015146      173.150471   15.646595    6.494621    0.055812    4.887333
    0.656863    0.935541    0.041173   -0.202493    0.976601     -217.169828      173.667531   15.928523    6.626538    0.055812    4.887333
    0.666667    0.933318    0.052005   -0.250746    1.120120     -226.652518      174.109384   16.209854    6.757844    0.055812    4.887333
    0.676471    0.930520    0.065302   -0.305287    1.253310     -237.435228      174.467218   16.490433    6.888366    0.055812    4.887333
    0.686275    0.927021    0.081350   -0.365370    1.366424     -249.382696      174.734246   16.770067    7.017885    0.055812    4.887333
    0.696078    0.922686    0.100386   -0.429801    1.450089     -262.241195      174.906905   17.048525    7.146133    0.055812    4.887333
    0.705882    0.917368    0.122582   -0.497005    1.497031     -275.651122      174.985744   17.325534    7.272783    0.055812    4.887333
    0.715686    0.910918    0.148029   -0.565162    1.503545     -289.185183      174.975746   17.600775    7.397454    0.055812    4.887333
    0.725490    0.903184    0.176727   -0.632398    1.470242     -302.404274      174.885931   17.873885    7.519705    0.055812    4.887333
    0.735294    0.894023    0.208589   -0.696986    1.401810     -314.915776      174.728322   18.144456    7.639044    0.055812    4.887333
    0.745098    0.883297    0.243454   -0.757506    1.305930     -326.418292      174.516543   18.412035    7.754935    0.055812    4.887333
    0.754902    0.870884    0.281100   -0.812945    1.191730     -336.723182      174.264385   18.676135    7.866817    0.055812    4.887333
    0.764706    0.856680    0.321268   -0.862727    1.068264     -345.752475      173.984632   18.936231    7.974118    0.055812    4.887333
    0.774510    0.840599    0.363681   -0.906667    0.943381     -353.519873      173.688295   19.191769    8.076277    0.055812    4.887333
    0.784314    0.822573    0.408062   -0.944900    0.823105     -360.104044      173.384273   19.442175    8.172765    0.055812    4.887333
    0.794118    0.802558    0.454146   -0.977789    0.711507     -365.622039      173.079335   19.686856    8.263108    0.055812    4.887333
    0.803922    0.780528    0.501687   -1.005831    0.610898     -370.207429      172.778334   19.925208    8.346901    0.055812    4.887333
    0.813725    0.756474    0.550466   -1.029587    0.522189     -373.994775      172.484511   20.156622    8.423830    0.055812    4.887333
    0.823529    0.730406    0.600293   -1.049628    0.445296     -377.110034      172.199833   20.380492    8.493680    0.055812    4.887333
    0.833333    0.702352    0.651001   -1.066496    0.379502     -379.665622      171.925301   20.596214    8.556347    0.055812    4.887333
    0.843137    0.672351    0.702452   -1.080686    0.323742     -381.758669      171.661209   20.803195    8.611840    0.055812    4.887333
    0.852941    0.640457    0.754528   -1.092634    0.276810     -383.471236      171.407355   21.000858    8.660283    0.055812    4.887333
    0.862745    0.606736    0.807130   -1.102718    0.237494     -384.871587      171.163199   21.188643    8.701910    0.055812    4.887333
    0.872549    0.571266    0.860177   -1.111258    0.204653     -386.015911      170.927973   21.366010    8.737058    0.055812    4.887333
    0.882353    0.534132    0.913601   -1.118521    0.177262     -386.950138      170.700767   21.532445    8.766155    0.055812    4.887333
    0.892157    0.495430    0.967348   -1.124733    0.154418     -387.711649      170.480584   21.687463    8.789709    0.055812    4.887333
    0.901961    0.455263    1.021370   -1.130077    0.135341     -388.330796      170.266372   21.830605    8.808287    0.055812    4.887333
    0.911765    0.413741    1.075632   -1.134706    0.119357     -388.832199      170.057051   21.961448    8.822503    0.055812    4.887333
    0.921569    0.370983    1.130100   -1.138743    0.105877     -389.235832      169.851525   22.079602    8.832990    0.055812    4.887333
    0.931373    0.327109    1.184750   -1.142290    0.094361     -389.557910      169.648685   22.184712    8.840389    0.055812    4.887333
    0.941176    0.282248    1.239559   -1.145422    0.084282     -389.811616      169.447416   22.276461    8.845322    0.055812    4.887333
    0.950980    0.236533    1.294510   -1.148198    0.075067     -390.007683      169.246593   22.354573    8.848376    0.055812    4.887333
    0.960784    0.190099    1.349586   -1.150647    0.065998     -390.154868      169.045082   22.418810    8.850083    0.055812    4.887333
    0.970588    0.143085    1.404771   -1.152771    0.056072     -390.260330      168.841738   22.468977    8.850903    0.055812    4.887333
    0.980392    0.095634    1.460050   -1.154522    0.043742     -390.329951      168.635404   22.504920    8.851211    0.055812    4.887333
    0.990196    0.047891    1.515401   -1.155777    0.026477     -390.368614      168.424910   22.526530    8.851282    0.055812    4.887333
    1.000000    0.000000    1.570796   -1.156285    0.000000     -390.380542      168.209078   22.533741    8.851287    0.055812    4.887333
