           t           r         psi          cs          qs               p             sig           A           V          Q2           S
    0.000000    0.000000   -1.570796   -0.833234    0.000000    -1239.474012      762.313565    0.000000    0.000000    0.197478    3.539809
    0.009804    0.034699   -1.541813   -0.838656    0.377405    -1239.839932      751.674599    0.003783    0.000001    0.197478    3.539809
    0.019608    0.069369   -1.512511   -0.850819    0.569347    -1240.999015      741.339054    0.015130    0.000015    0.197478    3.539809
    0.029412    0.103979   -1.482720   -0.866483    0.683708    -1243.039461      731.287511    0.034031    0.000078    0.197478    3.539809
    0.039216    0.138497   -1.452344   -0.884401    0.766799    -1246.059472      721.502582    0.060469    0.000246    0.197478    3.539809
    0.049020    0.172889   -1.421314   -0.904156    0.839323    -1250.171560      711.969207    0.094421    0.000603    0.197478    3.539809
    0.058824    0.207118   -1.389568   -0.925703    0.911121    -1255.505178      702.675012    0.135855    0.001257    0.197478    3.539809
    0.068627    0.241147   -1.357041   -0.949168    0.987335    -1262.209404      693.610763    0.184731    0.002337    0.197478    3.539809
    0.078431    0.274932   -1.323663   -0.974772    1.071030    -1270.455838      684.770917    0.241002    0.004003    0.197478    3.539809
    0.088235    0.308431   -1.289356   -1.002801    1.164321    -1280.441719      676.154316    0.304609    0.006434    0.197478    3.539809
    0.098039    0.341593   -1.254029   -1.033587    1.268841    -1292.393156      667.765065    0.375485    0.009836    0.197478    3.539809
    0.107843    0.374367   -1.217580   -1.067503    1.385892    -1306.568264      659.613621    0.453551    0.014440    0.197478    3.539809
    0.117647    0.406696   -1.179895   -1.104957    1.516417    -1323.259839      651.718177    0.538716    0.020495    0.197478    3.539809
    0.127451    0.438518   -1.140842   -1.146378    1.660832    -1342.796909      644.106390    0.630876    0.028276    0.197478    3.539809
    0.137255    0.469763   -1.100276   -1.192199    1.818710    -1365.544108      636.817554    0.729913    0.038073    0.197478    3.539809
    0.147059    0.500357   -1.058038   -1.242824    1.988301    -1391.897211      629.905284    0.835694    0.050196    0.197478    3.539809
    0.156863    0.530216   -1.013955   -1.298578    2.165844    -1422.272264      623.440820    0.948067    0.064963    0.197478    3.539809
    0.166667    0.559247   -0.967845   -1.359633    2.344653    -1457.084561      617.517003    1.066862    0.082703    0.197478    3.539809
    0.176471    0.587349   -0.919525   -1.425895    2.513985    -1496.712153      612.252932    1.191889    0.103745    0.197478    3.539809
    0.186275    0.614409   -0.868822   -1.496858    2.657779    -1541.436941      607.799162    1.322931    0.128408    0.197478    3.539809
    0.196078    0.640304   -0.815589   -1.571414    2.753523    -1591.355126      604.343109    1.459750    0.156993    0.197478    3.539809
    0.205882    0.664901   -0.759733   -1.647634    2.771683    -1646.249284      602.113870    1.602076    0.189767    0.197478    3.539809
    0.215686    0.688059   -0.701245   -1.722544    2.676465    -1705.418786      601.385134    1.749611    0.226946    0.197478    3.539809
    0.225490    0.709632   -0.640238   -1.791958    2.428809    -1767.477317      602.474045    1.902025    0.268674    0.197478    3.539809
    0.235294    0.729475   -0.576994   -1.850448    1.992538    -1830.149312      605.733056    2.058958    0.315006    0.197478    3.539809
    0.245098    0.747452   -0.512003   -1.891571    1.343892    -1890.131554      611.531360    2.220016    0.365883    0.197478    3.539809
    0.254902    0.763445   -0.445985   -1.908444    0.483205    -1943.122585      620.223057    2.384780    0.421123    0.197478    3.539809
    0.264706    0.777368   -0.379896   -1.894685   -0.554584    -1984.135565      632.101765    2.552806    0.480418    0.197478    3.539809
    0.274510    0.789176   -0.314888   -1.845633   -1.695725    -2008.162323      647.346286    2.723639    0.543337    0.197478    3.539809
    0.284314    0.798875   -0.252225   -1.759533   -2.834511    -2011.124679      665.968241    2.896815    0.609356    0.197478    3.539809
    0.294118    0.806527   -0.193170   -1.638318   -3.852341    -1990.869309      687.777250    3.071882    0.677896    0.197478    3.539809
    0.303922    0.812246   -0.138854   -1.487630   -4.644063    -1947.844982      712.378160    3.248404    0.748362    0.197478    3.539809
    0.313725    0.816194   -0.090159   -1.316002   -5.141911    -1885.164029      739.206248    3.425976    0.820190    0.197478    3.539809
    0.323529    0.818565   -0.047640   -1.133408   -5.327691    -1807.998842      767.593210    3.604234    0.892877    0.197478    3.539809
    0.333333    0.819572   -0.011504   -0.949668   -5.229622    -1722.550744      796.846199    3.782856    0.966004    0.197478    3.539809
    0.343137    0.819436    0.018359   -0.773145   -4.907508    -1634.969138      826.319713    3.961569    1.039236    0.197478    3.539809
    0.352941    0.818367    0.042314   -0.610015   -4.433867    -1550.533376      855.466132    4.140147    1.112325    0.197478    3.539809
    0.362745    0.816562    0.060899   -0.464115   -3.877992    -1473.227397      883.860330    4.318408    1.185091    0.197478    3.539809
    0.372549    0.814197    0.074748   -0.337221   -3.296332    -1405.668828      911.201840    4.496212    1.257414    0.197478    3.539809
    0.382353    0.811426    0.084527   -0.229528   -2.729140    -1349.270055      937.301994    4.673453    1.329218    0.197478    3.539809
    0.392157    0.808377    0.090891   -0.140169   -2.201463    -1304.503788      962.063666    4.850057    1.400459    0.197478    3.539809
    0.401961    0.805158    0.094451   -0.067661   -1.726228    -1271.181293      985.459350    5.025977    1.471117    0.197478    3.539809
    0.411765    0.801857    0.095762   -0.010244   -1.307813    -1248.693665     1007.511067    5.201184    1.541189    0.197478    3.539809
    0.421569    0.798542    0.095316    0.033900   -0.945173    -1236.198428     1028.273646    5.375668    1.610681    0.197478    3.539809
    0.431373    0.795266    0.093542    0.066508   -0.634207    -1232.752299     1047.821720    5.549433    1.679608    0.197478    3.539809
    0.441176    0.792070    0.090815    0.089167   -0.369381    -1237.399153     1066.240105    5.722492    1.747991    0.197478    3.539809
    0.450980    0.788979    0.087452    0.103285   -0.144746    -1249.224183     1083.616964    5.894865    1.815852    0.197478    3.539809
    0.460784    0.786012    0.083730    0.110087    0.045484    -1267.384247     1100.039135    6.066578    1.883215    0.197478    3.539809
    0.470588    0.783176    0.079884    0.110628    0.206639    -1291.122337     1115.589050    6.237657    1.950104    0.197478    3.539809
    0.480392    0.780472    0.076114    0.105804    0.343468    -1319.771993     1130.342792    6.408133    2.016541    0.197478    3.539809
    0.490196    0.777895    0.072593    0.096375    0.460126    -1352.755686     1144.368945    6.578033    2.082549    0.197478    3.539809
    0.500000    0.775433    0.069470    0.082983    0.560209    -1389.579873     1157.727969    6.747384    2.148147    0.197478    3.539809
    0.509804    0.773071    0.066873    0.066164    0.646807    -1429.828380     1170.471932    6.916209    2.213352    0.197478    3.539809
    0.519608    0.770788    0.064913    0.046366    0.722572    -1473.155151     1182.644471    7.084529    2.278176    0.197478    3.539809
    0.529412    0.768560    0.063685    0.023957    0.789776    -1519.276915     1194.280899    7.252357    2.342629    0.197478    3.539809
    0.539216    0.766361    0.063276   -0.000760    0.850365    -1567.966009     1205.408408    7.419702    2.406716    0.197478    3.539809
    0.549020    0.764161    0.063762   -0.027539    0.906003    -1619.043443     1216.046347    7.586569    2.470436    0.197478    3.539809
    0.558824    0.761928    0.065209   -0.056188    0.958102    -1672.372136     1226.206561    7.752953    2.533784    0.197478    3.539809
    0.568627    0.759626    0.067682   -0.086555    1.007852    -1727.850228     1235.893783    7.918843    2.596748    0.197478    3.539809
    0.578431    0.757221    0.071236   -0.118527    1.056228    -1785.404297     1245.106099    8.084221    2.659311    0.197478    3.539809
    0.588235    0.754673    0.075926   -0.152022    1.104008    -1844.982368     1253.835492    8.249060    2.721449    0.197478    3.539809
    0.598039    0.751943    0.081804   -0.186982    1.151769    -1906.546596     1262.068467    8.413323    2.783129    0.197478    3.539809
    0.607843    0.748987    0.088920   -0.223367    1.199891    -1970.065565     1269.786788    8.576968    2.844313    0.197478    3.539809
    0.617647    0.745764    0.097324   -0.261150    1.248552    -2035.506231     1276.968309    8.739940    2.904952    0.197478    3.539809
    0.627451    0.742228    0.107062   -0.300312    1.297733    -2102.825618     1283.587930    8.902176    2.964991    0.197478    3.539809
    0.637255    0.738332    0.118183   -0.340831    1.347215    -2171.962466     1289.618641    9.063602    3.024366    0.197478    3.539809
    0.647059    0.734028    0.130734   -0.382679    1.396590    -2242.829166     1295.032661    9.224135    3.083003    0.197478    3.539809
    0.656863    0.729267    0.144759   -0.425817    1.445274    -2315.304381     1299.802639    9.383681    3.140820    0.197478    3.539809
    0.666667    0.723998    0.160303   -0.470187    1.492531    -2389.226822     1303.902880    9.542134    3.197725    0.197478    3.539809
    0.676471    0.718171    0.177407   -0.515710    1.537506    -2464.390702     1307.310546    9.699378    3.253616    0.197478    3.539809
    0.686275    0.711732    0.196110   -0.562282    1.579262    -2540.543339     1310.006801    9.855286    3.308386    0.197478    3.539809
    0.696078    0.704628    0.216445   -0.609773    1.616834    -2617.385305     1311.977811   10.009718    3.361915    0.197478    3.539809
    0.705882    0.696808    0.238442   -0.658025    1.649273    -2694.573376     1313.215579   10.162525    3.414080    0.197478    3.539809
    0.715686    0.688218    0.262124   -0.706854    1.675705    -2771.726325     1313.718547   10.313543    3.464748    0.197478    3.539809
    0.725490    0.678805    0.287508   -0.756057    1.695383    -2848.433368     1313.491928   10.462599    3.513785    0.197478    3.539809
    0.735294    0.668519    0.314602   -0.805412    1.707728    -2924.264839     1312.547761   10.609508    3.561051    0.197478    3.539809
    0.745098    0.657311    0.343409   -0.854685    1.712365    -2998.784439     1310.904669   10.754075    3.606407    0.197478    3.539809
    0.754902    0.645135    0.373920   -0.903641    1.709147    -3071.562263     1308.587348   10.896094    3.649716    0.197478    3.539809
    0.764706    0.631945    0.406122   -0.952043    1.698160    -3142.187725     1305.625808   11.035347    3.690846    0.197478    3.539809
    0.774510    0.617702    0.439991   -0.999667    1.679718    -3210.281523     1302.054434   11.171610    3.729673    0.197478    3.539809
    0.784314    0.602371    0.475496   -1.046306    1.654342    -3275.505879     1297.910904   11.304650    3.766086    0.197478    3.539809
    0.794118    0.585919    0.512599   -1.091771    1.622730    -3337.572507     1293.235039   11.434225    3.799987    0.197478    3.539809
    0.803922    0.568322    0.551258   -1.135905    1.585717    -3396.247944     1288.067649   11.560088    3.831300    0.197478    3.539809
    0.813725    0.549561    0.591423   -1.178574    1.544236    -3451.356155     1282.449418   11.681987    3.859969    0.197478    3.539809
    0.823529    0.529621    0.633042   -1.219681    1.499272    -3502.778529     1276.419885   11.799668    3.885964    0.197478    3.539809
    0.833333    0.508498    0.676060   -1.259158    1.451823    -3550.451569     1270.016551   11.912871    3.909285    0.197478    3.539809
    0.843137    0.486193    0.720419   -1.296967    1.402867    -3594.362700     1263.274129   12.021339    3.929959    0.197478    3.539809
    0.852941    0.462714    0.766060   -1.333101    1.353327    -3634.544702     1256.223947   12.124816    3.948047    0.197478    3.539809
    0.862745    0.438079    0.812927   -1.367579    1.304055    -3671.069251     1248.893506   12.223047    3.963639    0.197478    3.539809
    0.872549    0.412312    0.860963   -1.400445    1.255813    -3704.040058     1241.306181   12.315781    3.976857    0.197478    3.539809
    0.882353    0.385447    0.910112   -1.431763    1.209258    -3733.585992     1233.481042   12.402778    3.987852    0.197478    3.539809
    0.892157    0.357525    0.960322   -1.461616    1.164941    -3759.854516     1225.432796   12.483800    3.996799    0.197478    3.539809
    0.901961    0.328594    1.011544   -1.490100    1.123287    -3783.005665     1217.171815   12.558622    4.003899    0.197478    3.539809
    0.911765    0.298711    1.063732   -1.517325    1.084582    -3803.206711     1208.704237   12.627031    4.009365    0.197478    3.539809
    0.921569    0.267942    1.116845   -1.543407    1.048926    -3820.627604     1200.032127   12.688827    4.013424    0.197478    3.539809
    0.931373    0.236358    1.170845   -1.568468    1.016126    -3835.437206     1191.153688   12.743822    4.016307    0.197478    3.539809
    0.941176    0.204039    1.225699   -1.592625    0.985451    -3847.800307     1182.063506   12.791850    4.018242    0.197478    3.539809
    0.950980    0.171072    1.281377   -1.615979    0.955018    -3857.875399     1172.752824   12.832757    4.019448    0.197478    3.539809
    0.960784    0.137550    1.337852   -1.638573    0.920226    -3865.813180     1163.209841   12.866415    4.020127    0.197478    3.539809
    0.970588    0.103573    1.395097   -1.660286    0.869656    -3871.755856     1153.420046   12.892711    4.020455    0.197478    3.539809
    0.980392    0.069247    1.453073   -1.680550    0.773951    -3875.837477     1143.366563   12.911558    4.020578    0.197478    3.539809
    0.990196    0.034684    1.511703   -1.697522    0.555094    -3878.186225     1133.030538   12.922892    4.020607    0.197478    3.539809
    1.000000    0.000000    1.570796   -1.705722    0.000000    -3878.933542     1122.391538   12.926675    4.020609    0.197478    3.539809
