           t           r         psi          cs          qs               p             sig           A           V          Q2           S
    0.000000   -0.000000   -1.570796   -0.993311    0.000000   -57795.339058    29092.747523    0.000000    0.000000    0.009608    5.148191
    0.009804    0.050451   -1.520659   -0.993412    0.003478   -57795.459770    29090.235967    0.008001    0.000005    0.009608    5.148191
    0.019608    0.100776   -1.470516   -0.993534    0.003652   -57795.854022    29087.781768    0.031986    0.000081    0.009608    5.148191
    0.029412    0.150847   -1.420367   -0.993662    0.003853   -57796.570352    29085.368528    0.071892    0.000407    0.009608    5.148191
    0.039216    0.200539   -1.370211   -0.993800    0.004116   -57797.666799    29082.979646    0.127621    0.001279    0.009608    5.148191
    0.049020    0.249726   -1.320048   -0.993949    0.004456   -57799.215691    29080.598196    0.199032    0.003099    0.009608    5.148191
    0.058824    0.298286   -1.269877   -0.994115    0.004890   -57801.308351    29078.206755    0.285945    0.006368    0.009608    5.148191
    0.068627    0.346095   -1.219696   -0.994302    0.005439   -57804.061080    29075.787162    0.388142    0.011670    0.009608    5.148191
    0.078431    0.393033   -1.169506   -0.994515    0.006130   -57807.623188    29073.320214    0.505366    0.019661    0.009608    5.148191
    0.088235    0.438981   -1.119305   -0.994761    0.007001   -57812.188007    29070.785266    0.637321    0.031049    0.009608    5.148191
    0.098039    0.483825   -1.069090   -0.995049    0.008102   -57818.008285    29068.159722    0.783675    0.046577    0.009608    5.148191
    0.107843    0.527449   -1.018859   -0.995391    0.009501   -57825.417984    29065.418392    0.944060    0.067004    0.009608    5.148191
    0.117647    0.569744   -0.968609   -0.995804    0.011295   -57834.863687    29062.532650    1.118072    0.093086    0.009608    5.148191
    0.127451    0.610602   -0.918336   -0.996307    0.013620   -57846.950608    29059.469363    1.305272    0.125553    0.009608    5.148191
    0.137255    0.649920   -0.868035   -0.996931    0.016672   -57862.511272    29056.189466    1.505187    0.165092    0.009608    5.148191
    0.147059    0.687596   -0.817698   -0.997715    0.020737   -57882.710178    29052.646091    1.717314    0.212326    0.009608    5.148191
    0.156863    0.723535   -0.767317   -0.998716    0.026247   -57909.206992    29048.782047    1.941115    0.267798    0.009608    5.148191
    0.166667    0.757643   -0.716878   -1.000019    0.033864   -57944.417531    29044.526383    2.176026    0.331952    0.009608    5.148191
    0.176471    0.789830   -0.666363   -1.001746    0.044636   -57991.943210    29039.789669    2.421451    0.405120    0.009608    5.148191
    0.186275    0.820012   -0.615746   -1.004089    0.060274   -58057.300496    29034.457426    2.676768    0.487512    0.009608    5.148191
    0.196078    0.848106   -0.564990   -1.007347    0.083677   -58149.205096    29028.380974    2.941328    0.579201    0.009608    5.148191
    0.205882    0.874032   -0.514036   -1.012011    0.119949   -58281.925209    29021.364815    3.214455    0.680122    0.009608    5.148191
    0.215686    0.897714   -0.462795   -1.018922    0.178511   -58479.790523    29013.150081    3.495450    0.790062    0.009608    5.148191
    0.225490    0.919073   -0.411119   -1.029578    0.277636   -58786.259541    29003.396137    3.783590    0.908665    0.009608    5.148191
    0.235294    0.938027   -0.358755   -1.046802    0.454598   -59283.057414    28991.673914    4.078123    1.035426    0.009608    5.148191
    0.245098    0.954481   -0.305248   -1.076189    0.788204   -60132.016212    28977.531500    4.378274    1.169699    0.009608    5.148191
    0.254902    0.968317   -0.249729   -1.129145    1.438209   -61663.829123    28960.890013    4.683232    1.310698    0.009608    5.148191
    0.264706    0.979356   -0.190518   -1.226766    2.584276   -64500.070773    28943.887250    4.992140    1.457489    0.009608    5.148191
    0.274510    0.987314   -0.124912   -1.377171    2.952697   -68975.431688    28938.623727    5.304069    1.608953    0.009608    5.148191
    0.284314    0.991819   -0.053848   -1.366511   -5.685394   -69095.193449    28986.572972    5.617983    1.763667    0.009608    5.148191
    0.294118    0.992996    0.001893   -0.754094  -15.588671   -51264.870965    29120.440783    5.932777    1.919843    0.009608    5.148191
    0.303922    0.992250    0.022298   -0.118978   -8.393437   -32789.358911    29257.044515    6.247593    2.076083    0.009608    5.148191
    0.313725    0.991112    0.020713    0.130148   -2.237453   -25707.119380    29347.112934    6.562080    2.231978    0.009608    5.148191
    0.323529    0.990264    0.012572    0.172187    0.201133   -24601.865700    29406.454679    6.876243    2.387569    0.009608    5.148191
    0.333333    0.989839    0.004574    0.137910    1.013229   -25683.997560    29451.845956    7.190205    2.542977    0.009608    5.148191
    0.343137    0.989760   -0.000996    0.081729    1.140131   -27388.455805    29492.738414    7.504091    2.698315    0.009608    5.148191
    0.352941    0.989891   -0.003730    0.028429    0.926284   -29001.909282    29534.311976    7.817989    2.853664    0.009608    5.148191
    0.362745    0.990097   -0.004130   -0.009437    0.552200   -30161.362424    29579.186631    8.131943    3.009069    0.009608    5.148191
    0.372549    0.990284   -0.003113   -0.027613    0.171227   -30742.936479    29628.058399    8.445961    3.164538    0.009608    5.148191
    0.382353    0.990404   -0.001628   -0.028965   -0.097331   -30830.701807    29680.191424    8.760029    3.320056    0.009608    5.148191
    0.392157    0.990452   -0.000353   -0.020607   -0.210887   -30633.866905    29734.147227    9.074123    3.475600    0.009608    5.148191
    0.401961    0.990448    0.000413   -0.009800   -0.201846   -30366.264446    29788.550178    9.388223    3.631151    0.009608    5.148191
    0.411765    0.990419    0.000676   -0.001199   -0.132841   -30164.922822    29842.534842    9.702317    3.786696    0.009608    5.148191
    0.421569    0.990386    0.000600    0.003560   -0.056233   -30077.687393    29895.794696   10.016401    3.942231    0.009608    5.148191
    0.431373    0.990361    0.000374    0.004890    0.000045   -30092.076419    29948.403958   10.330476    4.097756    0.009608    5.148191
    0.441176    0.990348    0.000142    0.004064    0.028778   -30170.226658    30000.602474   10.644545    4.253276    0.009608    5.148191
    0.450980    0.990345   -0.000022    0.002387    0.034741   -30273.425885    30052.639066   10.958611    4.408793    0.009608    5.148191
    0.460784    0.990349   -0.000100    0.000784    0.027176   -30374.181667    30104.691469   11.272677    4.564310    0.009608    5.148191
    0.470588    0.990354   -0.000110   -0.000288    0.014912   -30458.994355    30156.846970   11.586745    4.719829    0.009608    5.148191
    0.480392    0.990359   -0.000081   -0.000756    0.003969   -30525.709039    30209.119355   11.900815    4.875349    0.009608    5.148191
    0.490196    0.990362   -0.000041   -0.000767   -0.002920   -30578.757552    30261.479896   12.214886    5.030871    0.009608    5.148191
    0.500000    0.990363   -0.000008   -0.000538   -0.005579   -30624.656953    30313.886516   12.528958    5.186394    0.009608    5.148191
    0.509804    0.990363    0.000012   -0.000256   -0.005218   -30669.008388    30366.303109   12.843029    5.341916    0.009608    5.148191
    0.519608    0.990362    0.000019   -0.000035   -0.003383   -30715.220961    30418.707712   13.157101    5.497439    0.009608    5.148191
    0.529412    0.990362    0.000017    0.000084   -0.001307   -30764.540147    30471.092294   13.471172    5.652961    0.009608    5.148191
    0.539216    0.990361    0.000012    0.000106    0.000340   -30816.752536    30523.458227   13.785244    5.808483    0.009608    5.148191
    0.549020    0.990360    0.000008    0.000060    0.001419   -30871.040043    30575.810782   14.099314    5.964005    0.009608    5.148191
    0.558824    0.990360    0.000007   -0.000030    0.002178   -30926.686015    30628.154577   14.413385    6.119526    0.009608    5.148191
    0.568627    0.990360    0.000011   -0.000162    0.003123   -30983.561862    30680.490441   14.727456    6.275048    0.009608    5.148191
    0.578431    0.990359    0.000024   -0.000360    0.004997   -31042.491851    30732.813058   15.041526    6.430569    0.009608    5.148191
    0.588235    0.990357    0.000050   -0.000697    0.008927   -31105.711394    30785.108002   15.355596    6.586090    0.009608    5.148191
    0.598039    0.990353    0.000099   -0.001321    0.016835   -31177.744376    30837.346059   15.669665    6.741610    0.009608    5.148191
    0.607843    0.990346    0.000193   -0.002510    0.032237   -31267.195775    30889.471571   15.983733    6.897128    0.009608    5.148191
    0.617647    0.990332    0.000371   -0.004788    0.061712   -31390.273569    30941.379364   16.297797    7.052643    0.009608    5.148191
    0.627451    0.990306    0.000711   -0.009136    0.117467   -31577.401108    30992.870808   16.611856    7.208153    0.009608    5.148191
    0.637255    0.990256    0.001358   -0.017371    0.221415   -31885.014154    31043.573049   16.925902    7.363650    0.009608    5.148191
    0.647059    0.990159    0.002583   -0.032760    0.410368   -32414.891531    31092.797976   17.239926    7.519125    0.009608    5.148191
    0.656863    0.989977    0.004877   -0.060852    0.737999   -33340.354060    31139.318993   17.553907    7.674557    0.009608    5.148191
    0.666667    0.989635    0.009079   -0.110037    1.258567   -34924.609564    31181.089646   17.867808    7.829906    0.009608    5.148191
    0.676471    0.989007    0.016508   -0.190244    1.964119   -37480.865680    31215.094496   18.181559    7.985099    0.009608    5.148191
    0.686275    0.987885    0.028909   -0.307170    2.678829   -41190.690257    31237.829756   18.495039    8.139997    0.009608    5.148191
    0.696078    0.985976    0.048010   -0.452905    3.059911   -45804.485292    31246.910945   18.808048    8.294356    0.009608    5.148191
    0.705882    0.982913    0.074714   -0.603667    2.880773   -50566.687515    31243.055968   19.120278    8.447772    0.009608    5.148191
    0.715686    0.978321    0.108588   -0.733572    2.289193   -54657.568953    31230.202533   19.431304    8.599654    0.009608    5.148191
    0.725490    0.971879    0.148199   -0.830367    1.616392   -57695.428285    31213.233137   19.740587    8.749229    0.009608    5.148191
    0.735294    0.963353    0.191884   -0.896127    1.070660   -59752.863720    31195.773306   20.047503    8.895600    0.009608    5.148191
    0.745098    0.952590    0.238271   -0.938861    0.693249   -61086.265705    31179.682473   20.351363    9.037817    0.009608    5.148191
    0.754902    0.939508    0.286402   -0.966329    0.450144   -61941.147197    31165.584708   20.651443    9.174931    0.009608    5.148191
    0.764706    0.924066    0.335656   -0.984138    0.297135   -62493.882518    31153.485414   20.947001    9.306050    0.009608    5.148191
    0.774510    0.906260    0.385644   -0.995902    0.200625   -62857.746863    31143.154037   21.237287    9.430362    0.009608    5.148191
    0.784314    0.886104    0.436123   -1.003851    0.138844   -63102.548069    31134.306399   21.521553    9.547166    0.009608    5.148191
    0.794118    0.863631    0.486937   -1.009351    0.098477   -63270.979238    31126.676615   21.799059    9.655886    0.009608    5.148191
    0.803922    0.838887    0.537985   -1.013246    0.071502   -63389.382881    31120.038712   22.069076    9.756083    0.009608    5.148191
    0.813725    0.811926    0.589201   -1.016065    0.053065   -63474.286308    31114.208164   22.330893    9.847460    0.009608    5.148191
    0.823529    0.782815    0.640539   -1.018147    0.040190   -63536.268208    31109.036652   22.583817    9.929865    0.009608    5.148191
    0.833333    0.751624    0.691969   -1.019713    0.031014   -63582.242985    31104.405407   22.827178   10.003295    0.009608    5.148191
    0.843137    0.718434    0.743468   -1.020913    0.024352   -63616.824293    31100.219053   23.060328   10.067883    0.009608    5.148191
    0.852941    0.683330    0.795021   -1.021846    0.019432   -63643.151967    31096.400485   23.282646   10.123897    0.009608    5.148191
    0.862745    0.646403    0.846615   -1.022583    0.015742   -63663.402826    31092.886793   23.493541   10.171727    0.009608    5.148191
    0.872549    0.607751    0.898243   -1.023174    0.012936   -63679.112301    31089.626083   23.692448   10.211869    0.009608    5.148191
    0.882353    0.567475    0.949897   -1.023653    0.010776   -63691.380825    31086.575014   23.878838   10.244910    0.009608    5.148191
    0.892157    0.525683    1.001574   -1.024047    0.009095   -63701.008740    31083.696884   24.052212   10.271511    0.009608    5.148191
    0.901961    0.482485    1.053269   -1.024376    0.007776   -63708.586033    31080.960151   24.212107   10.292388    0.009608    5.148191
    0.911765    0.437996    1.104979   -1.024653    0.006733   -63714.553036    31078.337267   24.358095   10.308287    0.009608    5.148191
    0.921569    0.392335    1.156701   -1.024890    0.005905   -63719.242109    31075.803764   24.489785   10.319966    0.009608    5.148191
    0.931373    0.345624    1.208435   -1.025095    0.005245   -63722.906710    31073.337532   24.606824   10.328174    0.009608    5.148191
    0.941176    0.297988    1.260179   -1.025275    0.004720   -63725.741931    31070.918244   24.708901   10.333627    0.009608    5.148191
    0.950980    0.249553    1.311931   -1.025435    0.004304   -63727.899207    31068.526897   24.795740   10.336993    0.009608    5.148191
    0.960784    0.200449    1.363691   -1.025580    0.003977   -63729.496990    31066.145453   24.867110   10.338869    0.009608    5.148191
    0.970588    0.150809    1.415458   -1.025713    0.003724   -63730.628610    31063.756552   24.922820   10.339768    0.009608    5.148191
    0.980392    0.100765    1.467232   -1.025837    0.003532   -63731.368188    31061.343298   24.962719   10.340105    0.009608    5.148191
    0.990196    0.050450    1.519011   -1.025954    0.003368   -63731.775342    31058.889095   24.986702   10.340183    0.009608    5.148191
    1.000000    0.000000    1.570796   -1.026053    0.000000   -63731.900024    31056.377538   24.994703   10.340189    0.009608    5.148191
