           t           r         psi          cs          qs               p             sig           A           V          Q2           S
    0.000000   -0.000000   -1.570796    2.901851    0.000000       22.525649        1.535036    0.000000    0.000000    0.169706    6.455006
    0.002488    0.016051   -1.617388    2.901120    0.126323       22.553255        0.993039    0.000810   -0.000000    0.169706    6.455006
    0.004975    0.032068   -1.663955    2.898633    0.286902       22.638678        0.457796    0.003238   -0.000002    0.169706    6.455006
    0.007463    0.048015   -1.710464    2.893945    0.482176       22.784738       -0.070964    0.007278   -0.000012    0.169706    6.455006
    0.009950    0.063858   -1.756878    2.886600    0.712643       22.993814       -0.593517    0.012923   -0.000038    0.169706    6.455006
    0.012438    0.079564   -1.803149    2.876134    0.978845       23.268059       -1.110140    0.020159   -0.000093    0.169706    6.455006
    0.014925    0.095099   -1.849224    2.862069    1.281350       23.609448       -1.621107    0.028972   -0.000191    0.169706    6.455006
    0.017413    0.110431   -1.895041    2.843917    1.620737       24.019782       -2.126692    0.039341   -0.000350    0.169706    6.455006
    0.019900    0.125530   -1.940531    2.821173    1.997582       24.500670       -2.627161    0.051247   -0.000590    0.169706    6.455006
    0.022388    0.140366   -1.985614    2.793322    2.412438       25.053514       -3.122777    0.064662   -0.000932    0.169706    6.455006
    0.024876    0.154912   -2.030206    2.759833    2.865821       25.679479       -3.613791    0.079560   -0.001398    0.169706    6.455006
    0.027363    0.169143   -2.074212    2.720162    3.358192       26.379472       -4.100450    0.095910   -0.002013    0.169706    6.455006
    0.029851    0.183035   -2.117527    2.673750    3.889932       27.154117       -4.582987    0.113678   -0.002799    0.169706    6.455006
    0.032338    0.196570   -2.160039    2.620027    4.461326       28.003730       -5.061626    0.132831   -0.003778    0.169706    6.455006
    0.034826    0.209729   -2.201625    2.558413    5.072534       28.928300       -5.536578    0.153330   -0.004972    0.169706    6.455006
    0.037313    0.222499   -2.242155    2.488318    5.723572       29.927477       -6.008043    0.175137   -0.006402    0.169706    6.455006
    0.039801    0.234871   -2.281488    2.409147    6.414278       31.000563       -6.476210    0.198213   -0.008085    0.169706    6.455006
    0.042289    0.246838   -2.319472    2.320303    7.144283       32.146508       -6.941254    0.222516   -0.010037    0.169706    6.455006
    0.044776    0.258398   -2.355948    2.221191    7.912974       33.363919       -7.403336    0.248006   -0.012273    0.169706    6.455006
    0.047264    0.269553   -2.390746    2.111228    8.719455       34.651070       -7.862607    0.274642   -0.014803    0.169706    6.455006
    0.049751    0.280311   -2.423688    1.989843    9.562495       36.005924       -8.319205    0.302383   -0.017635    0.169706    6.455006
    0.052239    0.290683   -2.454585    1.856495   10.440477       37.426158       -8.773254    0.331191   -0.020775    0.169706    6.455006
    0.054726    0.300685   -2.483241    1.710675   11.351328       38.909198       -9.224868    0.361025   -0.024226    0.169706    6.455006
    0.057214    0.310339   -2.509453    1.551925   12.292445       40.452251       -9.674146    0.391851   -0.027990    0.169706    6.455006
    0.059701    0.319670   -2.533009    1.379851   13.260602       42.052343      -10.121177    0.423635   -0.032065    0.169706    6.455006
    0.062189    0.328710   -2.553693    1.194138   14.251845       43.706355      -10.566034    0.456345   -0.036448    0.169706    6.455006
    0.064677    0.337494   -2.571284    0.994569   15.261370       45.411055      -11.008779    0.489954   -0.041134    0.169706    6.455006
    0.067164    0.346063   -2.585559    0.781053   16.283389       47.163121      -11.449460    0.524438   -0.046119    0.169706    6.455006
    0.069652    0.354460   -2.596293    0.553642   17.310980       48.959156      -11.888110    0.559777   -0.051394    0.169706    6.455006
    0.072139    0.362737   -2.603265    0.312557   18.335938       50.795684      -12.324746    0.595957   -0.056954    0.169706    6.455006
    0.074627    0.370944   -2.606260    0.058219   19.348622       52.669138      -12.759368    0.632968   -0.062789    0.169706    6.455006
    0.077114    0.379138   -2.605067   -0.208728   20.337829       54.575816      -13.191960    0.670806   -0.068891    0.169706    6.455006
    0.079602    0.387379   -2.599494   -0.487389   21.290704       56.511825      -13.622481    0.709473   -0.075250    0.169706    6.455006
    0.082090    0.395728   -2.589359   -0.776602   22.192710       58.472993      -14.050873    0.748976   -0.081856    0.169706    6.455006
    0.084577    0.404247   -2.574505   -1.074914   23.027694       60.454759      -14.477050    0.789329   -0.088697    0.169706    6.455006
    0.087065    0.413000   -2.554799   -1.380579   23.778073       62.452035      -14.900900    0.830553   -0.095758    0.169706    6.455006
    0.089552    0.422049   -2.530140   -1.691556   24.425165       64.459042      -15.322277    0.872674   -0.103021    0.169706    6.455006
    0.092040    0.431456   -2.500460   -2.005529   24.949687       66.469125      -15.741000    0.915726   -0.110465    0.169706    6.455006
    0.094527    0.441276   -2.465731   -2.319935   25.332423       68.474540      -16.156848    0.959748   -0.118062    0.169706    6.455006
    0.097015    0.451562   -2.425969   -2.632008   25.555035       70.466232      -16.569546    1.004783   -0.125779    0.169706    6.455006
    0.099502    0.462359   -2.381233   -2.938845   25.600992       72.433593      -16.978767    1.050882   -0.133572    0.169706    6.455006
    0.101990    0.473705   -2.331633   -3.237480   25.456537       74.364223      -17.384112    1.098097   -0.141387    0.169706    6.455006
    0.104478    0.485625   -2.277323   -3.524964   25.111608       76.243687      -17.785098    1.146486   -0.149158    0.169706    6.455006
    0.106965    0.498135   -2.218506   -3.798458   24.560628       78.055294      -18.181147    1.196107   -0.156804    0.169706    6.455006
    0.109453    0.511234   -2.155427   -4.055313   23.803045       79.779897      -18.571556    1.247020   -0.164228    0.169706    6.455006
    0.111940    0.524908   -2.088373   -4.293152   22.843583       81.395738      -18.955477    1.299283   -0.171315    0.169706    6.455006
    0.114428    0.539129   -2.017667   -4.509928   21.692138       82.878357      -19.331884    1.352955   -0.177935    0.169706    6.455006
    0.116915    0.553851   -1.943661   -4.703968   20.363329       84.200583      -19.699535    1.408086   -0.183935    0.169706    6.455006
    0.119403    0.569014   -1.866731   -4.873996   18.875758       85.332658      -20.056926    1.464726   -0.189150    0.169706    6.455006
    0.121891    0.584543   -1.787269   -5.019131   17.251047       86.242513      -20.402242    1.522915   -0.193399    0.169706    6.455006
    0.124378    0.600348   -1.705680   -5.138867   15.512759       86.896269      -20.733298    1.582685   -0.196489    0.169706    6.455006
    0.126866    0.616330   -1.622374   -5.233042   13.685312       87.259012      -21.047470    1.644060   -0.198222    0.169706    6.455006
    0.129353    0.632382   -1.537760   -5.301789   11.792982       87.295924      -21.341633    1.707051   -0.198399    0.169706    6.455006
    0.131841    0.648389   -1.452244   -5.345484    9.859066       86.973839      -21.612085    1.771661   -0.196827    0.169706    6.455006
    0.134328    0.664232   -1.366224   -5.364693    7.905262       86.263287      -21.854484    1.837878   -0.193326    0.169706    6.455006
    0.136816    0.679794   -1.280087   -5.360125    5.951279       85.141070      -22.063794    1.905681   -0.187735    0.169706    6.455006
    0.139303    0.694961   -1.194209   -5.332584    4.014677       83.593348      -22.234251    1.975035   -0.179923    0.169706    6.455006
    0.141791    0.709623   -1.108952   -5.282937    2.110908       81.619140      -22.359364    2.045894   -0.169788    0.169706    6.455006
    0.144279    0.723679   -1.024664   -5.212086    0.253533       79.234008      -22.431965    2.118203   -0.157270    0.169706    6.455006
    0.146766    0.737038   -0.941677   -5.120955   -1.545444       76.473539      -22.444325    2.191895   -0.142345    0.169706    6.455006
    0.149254    0.749621   -0.860311   -5.010486   -3.275166       73.396091      -22.388348    2.266897   -0.125033    0.169706    6.455006
    0.151741    0.761363   -0.780867   -4.881638   -4.925497       70.084098      -22.255864    2.343126   -0.105396    0.169706    6.455006
    0.154229    0.772211   -0.703633   -4.735406   -6.486628       66.643199      -22.039008    2.420496   -0.083531    0.169706    6.455006
    0.156716    0.782130   -0.628879   -4.572836   -7.948777       63.198539      -21.730699    2.498913   -0.059572    0.169706    6.455006
    0.159204    0.791097   -0.556860   -4.395047   -9.302031       59.887903      -21.325167    2.578283   -0.033679    0.169706    6.455006
    0.161692    0.799103   -0.487810   -4.203256  -10.536361       56.851846      -20.818509    2.658509   -0.006034    0.169706    6.455006
    0.164179    0.806153   -0.421943   -3.998793  -11.641838       54.221674      -20.209191    2.739494    0.023165    0.169706    6.455006
    0.166667    0.812262   -0.359451   -3.783118  -12.609031       52.106761      -19.498446    2.821144    0.053714    0.169706    6.455006
    0.169154    0.817460   -0.300501   -3.557828  -13.429552       50.583174      -18.690491    2.903363    0.085407    0.169706    6.455006
    0.171642    0.821782   -0.245235   -3.324646  -14.096668       49.685546      -17.792515    2.986062    0.118046    0.169706    6.455006
    0.174129    0.825273   -0.193764   -3.085405  -14.605907       49.403729      -16.814427    3.069155    0.151442    0.169706    6.455006
    0.176617    0.827984   -0.146171   -2.842025  -14.955545       49.684805      -15.768374    3.152560    0.185419    0.169706    6.455006
    0.179104    0.829970   -0.102506   -2.596470  -15.146912       50.440012      -14.668087    3.236202    0.219821    0.169706    6.455006
    0.181592    0.831290   -0.062788   -2.350709  -15.184472       51.555194      -13.528133    3.320010    0.254510    0.169706    6.455006
    0.184080    0.832005   -0.027005   -2.106674  -15.075664       52.902863      -12.363153    3.403920    0.289367    0.169706    6.455006
    0.186567    0.832178    0.004886   -1.866219  -14.830528       54.353947      -11.187171    3.487875    0.324295    0.169706    6.455006
    0.189055    0.831869    0.032956   -1.631082  -14.461197       55.787678      -10.013034    3.571822    0.359212    0.169706    6.455006
    0.191542    0.831139    0.057304   -1.402857  -13.981298       57.098737       -8.852012    3.655716    0.394055    0.169706    6.455006
    0.194030    0.830049    0.078053   -1.182974  -13.405342       58.201396       -7.713557    3.739518    0.428778    0.169706    6.455006
    0.196517    0.828654    0.095346   -0.972684  -12.748161       59.030964       -6.605225    3.823194    0.463346    0.169706    6.455006
    0.199005    0.827009    0.109347   -0.773056  -12.024426       59.543094       -5.532713    3.906716    0.497736    0.169706    6.455006
    0.201493    0.825166    0.120234   -0.584974  -11.248264       59.711687       -4.499990    3.990062    0.531934    0.169706    6.455006
    0.203980    0.823173    0.128199   -0.409145  -10.432983       59.526009       -3.509489    4.073214    0.565935    0.169706    6.455006
    0.206468    0.821075    0.133442   -0.246107   -9.590895       58.987570       -2.562320    4.156159    0.599739    0.169706    6.455006
    0.208955    0.818913    0.136173   -0.096239   -8.733221       58.107112       -1.658495    4.238889    0.633349    0.169706    6.455006
    0.211443    0.816727    0.136605    0.040230   -7.870059       56.901939       -0.797144    4.321399    0.666774    0.169706    6.455006
    0.213930    0.814551    0.134953    0.163205   -7.010404       55.393674        0.023290    4.403689    0.700024    0.169706    6.455006
    0.216418    0.812416    0.131435    0.272714   -6.162192       53.606481        0.804884    4.485762    0.733110    0.169706    6.455006
    0.218905    0.810351    0.126266    0.368900   -5.332363       51.565699        1.550084    4.567622    0.766044    0.169706    6.455006
    0.221393    0.808380    0.119658    0.452008   -4.526939       49.296862        2.261595    4.649278    0.798838    0.169706    6.455006
    0.223881    0.806524    0.111819    0.522375   -3.751089       46.825000        2.942276    4.730742    0.831506    0.169706    6.455006
    0.226368    0.804802    0.102949    0.580421   -3.009203       44.174198        3.595071    4.812024    0.864060    0.169706    6.455006
    0.228856    0.803228    0.093242    0.626638   -2.304952       41.367327        4.222952    4.893140    0.896512    0.169706    6.455006
    0.231343    0.801815    0.082885    0.661586   -1.641345       38.425906        4.828873    4.974106    0.928873    0.169706    6.455006
    0.233831    0.800572    0.072053    0.685877   -1.020778       35.370065        5.415740    5.054937    0.961156    0.169706    6.455006
    0.236318    0.799505    0.060912    0.700174   -0.445081       32.218572        5.986391    5.135652    0.993372    0.169706    6.455006
    0.238806    0.798618    0.049617    0.705174    0.084442       28.988898        6.543577    5.216268    1.025530    0.169706    6.455006
    0.241294    0.797912    0.038311    0.701610    0.566976       25.697317        7.089957    5.296804    1.057643    0.169706    6.455006
    0.243781    0.797387    0.027127    0.690232    1.002156       22.359007        7.628090    5.377278    1.089720    0.169706    6.455006
    0.246269    0.797040    0.016183    0.671806    1.390035       18.988171        8.160433    5.457708    1.121772    0.169706    6.455006
    0.248756    0.796866    0.005586    0.647105    1.731045       15.598145        8.689338    5.538111    1.153808    0.169706    6.455006
    0.251244    0.796858   -0.004569    0.616899    2.025965       12.201507        9.217054    5.618506    1.185839    0.169706    6.455006
    0.253731    0.797010   -0.014200    0.581950    2.275888        8.810176        9.745727    5.698908    1.217874    0.169706    6.455006
    0.256219    0.797311   -0.023237    0.543005    2.482184        5.435504       10.277399    5.779332    1.249924    0.169706    6.455006
    0.258706    0.797752   -0.031621    0.500793    2.646470        2.088345       10.814009    5.859795    1.281997    0.169706    6.455006
    0.261194    0.798323   -0.039306    0.456012    2.770579       -1.220878       11.357391    5.940308    1.314102    0.169706    6.455006
    0.263682    0.799010   -0.046256    0.409336    2.856528       -4.482126       11.909277    6.020885    1.346249    0.169706    6.455006
    0.266169    0.799804   -0.052445    0.361398    2.906492       -7.685715       12.471288    6.101537    1.378446    0.169706    6.455006
    0.268657    0.800690   -0.057858    0.312799    2.922777      -10.822299       13.044938    6.182273    1.410701    0.169706    6.455006
    0.271144    0.801656   -0.062490    0.264097    2.907794      -13.882873       13.631624    6.263104    1.443022    0.169706    6.455006
    0.273632    0.802691   -0.066342    0.215806    2.864041      -16.858792       14.232629    6.344035    1.475415    0.169706    6.455006
    0.276119    0.803781   -0.069425    0.168400    2.794076      -19.741806       14.849110    6.425073    1.507886    0.169706    6.455006
    0.278607    0.804915   -0.071757    0.122304    2.700501      -22.524106       15.482097    6.506224    1.540441    0.169706    6.455006
    0.281095    0.806080   -0.073362    0.077900    2.585942      -25.198393       16.132488    6.587491    1.573085    0.169706    6.455006
    0.283582    0.807265   -0.074269    0.035522    2.453032      -27.757949       16.801042    6.668876    1.605821    0.169706    6.455006
    0.286070    0.808459   -0.074515   -0.004541    2.304391      -30.196721       17.488373    6.750382    1.638652    0.169706    6.455006
    0.288557    0.809652   -0.074137   -0.042043    2.142613      -32.509412       18.194949    6.832008    1.671581    0.169706    6.455006
    0.291045    0.810835   -0.073180   -0.076785    1.970245      -34.691572       18.921089    6.913754    1.704608    0.169706    6.455006
    0.293532    0.811998   -0.071687   -0.108610    1.789771      -36.739686       19.666955    6.995619    1.737734    0.169706    6.455006
    0.296020    0.813132   -0.069708   -0.137403    1.603595      -38.651256       20.432558    7.077599    1.770958    0.169706    6.455006
    0.298507    0.814232   -0.067291   -0.163087    1.414029      -40.424874       21.217755    7.159692    1.804279    0.169706    6.455006
    0.300995    0.815290   -0.064487   -0.185624    1.223267      -42.060279       22.022254    7.241894    1.837694    0.169706    6.455006
    0.303483    0.816300   -0.061347   -0.205012    1.033380      -43.558395       22.845614    7.324201    1.871200    0.169706    6.455006
    0.305970    0.817257   -0.057920   -0.221281    0.846294      -44.921350       23.687257    7.406606    1.904794    0.169706    6.455006
    0.308458    0.818158   -0.054257   -0.234491    0.663782      -46.152465       24.546473    7.489106    1.938471    0.169706    6.455006
    0.310945    0.818998   -0.050405   -0.244730    0.487447      -47.256227       25.422432    7.571693    1.972227    0.169706    6.455006
    0.313433    0.819775   -0.046413   -0.252112    0.318720      -48.238232       26.314193    7.654362    2.006057    0.169706    6.455006
    0.315920    0.820487   -0.042324   -0.256770    0.158845      -49.105105       27.220721    7.737106    2.039954    0.169706    6.455006
    0.318408    0.821133   -0.038180   -0.258858    0.008880      -49.864395       28.140898    7.819918    2.073913    0.169706    6.455006
    0.320896    0.821713   -0.034023   -0.258544   -0.130307      -50.524458       29.073542    7.902793    2.107929    0.169706    6.455006
    0.323383    0.822226   -0.029889   -0.256009   -0.258037      -51.094320       30.017418    7.985722    2.141994    0.169706    6.455006
    0.325871    0.822673   -0.025813   -0.251442   -0.373815      -51.583529       30.971262    8.068700    2.176104    0.169706    6.455006
    0.328358    0.823055   -0.021824   -0.245041   -0.477328      -52.002003       31.933788    8.151720    2.210251    0.169706    6.455006
    0.330846    0.823374   -0.017952   -0.237006   -0.568429      -52.359873       32.903711    8.234775    2.244431    0.169706    6.455006
    0.333333    0.823632   -0.014221   -0.227538   -0.647135      -52.667334       33.879757    8.317859    2.278637    0.169706    6.455006
    0.335821    0.823832   -0.010651   -0.216837   -0.713607      -52.934497       34.860678    8.400966    2.312863    0.169706    6.455006
    0.338308    0.823975   -0.007263   -0.205099   -0.768141      -53.171254       35.845267    8.484091    2.347106    0.169706    6.455006
    0.340796    0.824066   -0.004069   -0.192516   -0.811147      -53.387161       36.832366    8.567227    2.381358    0.169706    6.455006
    0.343284    0.824107   -0.001084   -0.179271   -0.843141      -53.591324       37.820877    8.650370    2.415617    0.169706    6.455006
    0.345771    0.824102    0.001685   -0.165540   -0.864722      -53.792317       38.809768    8.733515    2.449877    0.169706    6.455006
    0.348259    0.824054    0.004231   -0.151486   -0.876559      -53.998106       39.798084    8.816657    2.484135    0.169706    6.455006
    0.350746    0.823967    0.006549   -0.137264   -0.879374      -54.215996       40.784944    8.899792    2.518386    0.169706    6.455006
    0.353234    0.823845    0.008639   -0.123016   -0.873929      -54.452592       41.769553    8.982917    2.552629    0.169706    6.455006
    0.355721    0.823691    0.010500   -0.108872   -0.861007      -54.713780       42.751197    9.066028    2.586859    0.169706    6.455006
    0.358209    0.823509    0.012137   -0.094949   -0.841407      -55.004717       43.729246    9.149121    2.621075    0.169706    6.455006
    0.360697    0.823303    0.013551   -0.081354   -0.815923      -55.329838       44.703153    9.232195    2.655274    0.169706    6.455006
    0.363184    0.823075    0.014751   -0.068176   -0.785341      -55.692872       45.672452    9.315247    2.689455    0.169706    6.455006
    0.365672    0.822830    0.015744   -0.055497   -0.750424      -56.096870       46.636757    9.398276    2.723615    0.169706    6.455006
    0.368159    0.822571    0.016537   -0.043385   -0.711909      -56.544234       47.595755    9.481279    2.757754    0.169706    6.455006
    0.370647    0.822300    0.017140   -0.031895   -0.670499      -57.036761       48.549207    9.564255    2.791870    0.169706    6.455006
    0.373134    0.822021    0.017565   -0.021073   -0.626855      -57.575679       49.496940    9.647203    2.825964    0.169706    6.455006
    0.375622    0.821737    0.017821   -0.010954   -0.581596      -58.161700       50.438841    9.730123    2.860033    0.169706    6.455006
    0.378109    0.821450    0.017920   -0.001562   -0.535296      -58.795062       51.374858    9.813014    2.894079    0.169706    6.455006
    0.380597    0.821162    0.017875    0.007085   -0.488479      -59.475578       52.304990    9.895876    2.928101    0.169706    6.455006
    0.383085    0.820876    0.017697    0.014979   -0.441622      -60.202682       53.229282    9.978709    2.962100    0.169706    6.455006
    0.385572    0.820595    0.017398    0.022122   -0.395152      -60.975474       54.147824   10.061513    2.996075    0.169706    6.455006
    0.388060    0.820318    0.016990    0.028517   -0.349449      -61.792765       55.060744   10.144289    3.030027    0.169706    6.455006
    0.390547    0.820050    0.016486    0.034179   -0.304845      -62.653115       55.968200   10.227038    3.063957    0.169706    6.455006
    0.393035    0.819789    0.015897    0.039123   -0.261628      -63.554874       56.870382   10.309760    3.097865    0.169706    6.455006
    0.395522    0.819539    0.015233    0.043373   -0.220043      -64.496221       57.767502   10.392457    3.131752    0.169706    6.455006
    0.398010    0.819301    0.014507    0.046953   -0.180292      -65.475189       58.659795   10.475128    3.165620    0.169706    6.455006
    0.400498    0.819074    0.013729    0.049893   -0.142542      -66.489702       59.547511   10.557776    3.199469    0.169706    6.455006
    0.402985    0.818860    0.012908    0.052226   -0.106922      -67.537602       60.430914   10.640402    3.233299    0.169706    6.455006
    0.405473    0.818659    0.012055    0.053983   -0.073531      -68.616671       61.310277   10.723007    3.267114    0.169706    6.455006
    0.407960    0.818473    0.011177    0.055202   -0.042434      -69.724654       62.185882   10.805593    3.300912    0.169706    6.455006
    0.410448    0.818301    0.010285    0.055918   -0.013673      -70.859284       63.058015   10.888160    3.334696    0.169706    6.455006
    0.412935    0.818143    0.009384    0.056169    0.012736      -72.018291       63.926961   10.970711    3.368467    0.169706    6.455006
    0.415423    0.817999    0.008483    0.055993    0.036801      -73.199426       64.793010   11.053246    3.402225    0.169706    6.455006
    0.417910    0.817870    0.007588    0.055426    0.058545      -74.400469       65.656446   11.135768    3.435973    0.169706    6.455006
    0.420398    0.817755    0.006705    0.054506    0.078011      -75.619244       66.517550   11.218277    3.469711    0.169706    6.455006
    0.422886    0.817655    0.005839    0.053269    0.095256      -76.853629       67.376598   11.300776    3.503440    0.169706    6.455006
    0.425373    0.817568    0.004996    0.051751    0.110349      -78.101563       68.233858   11.383265    3.537161    0.169706    6.455006
    0.427861    0.817494    0.004179    0.049987    0.123369      -79.361058       69.089591   11.465746    3.570876    0.169706    6.455006
    0.430348    0.817433    0.003392    0.048009    0.134406      -80.630199       69.944048   11.548220    3.604586    0.169706    6.455006
    0.432836    0.817385    0.002638    0.045850    0.143554      -81.907156       70.797471   11.630689    3.638291    0.169706    6.455006
    0.435323    0.817349    0.001920    0.043540    0.150914      -83.190183       71.650090   11.713154    3.671993    0.169706    6.455006
    0.437811    0.817323    0.001240    0.041108    0.156592      -84.477626       72.502124   11.795615    3.705692    0.169706    6.455006
    0.440299    0.817309    0.000600    0.038582    0.160694      -85.767920       73.353779   11.878074    3.739390    0.169706    6.455006
    0.442786    0.817304    0.000002    0.035986    0.163331      -87.059599       74.205251   11.960533    3.773086    0.169706    6.455006
    0.445274    0.817308   -0.000555    0.033344    0.164612      -88.351290       75.056721   12.042991    3.806783    0.169706    6.455006
    0.447761    0.817321   -0.001069    0.030679    0.164646      -89.641716       75.908360   12.125450    3.840481    0.169706    6.455006
    0.450249    0.817342   -0.001540    0.028011    0.163544      -90.929698       76.760322   12.207911    3.874180    0.169706    6.455006
    0.452736    0.817371   -0.001969    0.025357    0.161410      -92.214154       77.612751   12.290375    3.907881    0.169706    6.455006
    0.455224    0.817405   -0.002355    0.022736    0.158351      -93.494095       78.465779   12.372842    3.941584    0.169706    6.455006
    0.457711    0.817446   -0.002699    0.020161    0.154467      -94.768629       79.319523   12.455312    3.975291    0.169706    6.455006
    0.460199    0.817492   -0.003003    0.017647    0.149856      -96.036956       80.174089   12.537787    4.009001    0.169706    6.455006
    0.462687    0.817542   -0.003266    0.015206    0.144614      -97.298365       81.029570   12.620267    4.042715    0.169706    6.455006
    0.465174    0.817597   -0.003491    0.012848    0.138830      -98.552237       81.886047   12.702752    4.076434    0.169706    6.455006
    0.467662    0.817654   -0.003679    0.010581    0.132592      -99.798036       82.743591   12.785242    4.110157    0.169706    6.455006
    0.470149    0.817715   -0.003832    0.008413    0.125980     -101.035311       83.602260   12.867739    4.143884    0.169706    6.455006
    0.472637    0.817777   -0.003950    0.006352    0.119071     -102.263690       84.462101   12.950242    4.177617    0.169706    6.455006
    0.475124    0.817841   -0.004036    0.004400    0.111939     -103.482879       85.323154   13.032751    4.211355    0.169706    6.455006
    0.477612    0.817906   -0.004092    0.002563    0.104650     -104.692657       86.185445   13.115266    4.245099    0.169706    6.455006
    0.480100    0.817972   -0.004119    0.000843    0.097268     -105.892873       87.048993   13.197789    4.278848    0.169706    6.455006
    0.482587    0.818039   -0.004120   -0.000758    0.089850     -107.083441       87.913809   13.280318    4.312602    0.169706    6.455006
    0.485075    0.818105   -0.004096   -0.002240    0.082450     -108.264338       88.779894   13.362854    4.346362    0.169706    6.455006
    0.487562    0.818170   -0.004048   -0.003602    0.075116     -109.435601       89.647242   13.445396    4.380127    0.169706    6.455006
    0.490050    0.818235   -0.003981   -0.004846    0.067892     -110.597318       90.515840   13.527945    4.413897    0.169706    6.455006
    0.492537    0.818298   -0.003893   -0.005973    0.060818     -111.749629       91.385670   13.610500    4.447673    0.169706    6.455006
    0.495025    0.818359   -0.003789   -0.006986    0.053929     -112.892720       92.256704   13.693062    4.481454    0.169706    6.455006
    0.497512    0.818419   -0.003670   -0.007887    0.047255     -114.026819       93.128914   13.775629    4.515240    0.169706    6.455006
    0.500000    0.818477   -0.003537   -0.008679    0.040825     -115.152192       94.002262   13.858203    4.549031    0.169706    6.455006
    0.502488    0.818533   -0.003392   -0.009367    0.034661     -116.269139       94.876708   13.940783    4.582827    0.169706    6.455006
    0.504975    0.818586   -0.003236   -0.009955    0.028783     -117.377990       95.752210   14.023368    4.616627    0.169706    6.455006
    0.507463    0.818637   -0.003072   -0.010447    0.023206     -118.479102       96.628719   14.105958    4.650432    0.169706    6.455006
    0.509950    0.818685   -0.002901   -0.010848    0.017944     -119.572854       97.506185   14.188553    4.684240    0.169706    6.455006
    0.512438    0.818730   -0.002724   -0.011163    0.013007     -120.659645       98.384556   14.271153    4.718053    0.169706    6.455006
    0.514925    0.818772   -0.002543   -0.011397    0.008401     -121.739888       99.263778   14.353757    4.751869    0.169706    6.455006
    0.517413    0.818812   -0.002359   -0.011555    0.004131     -122.814010      100.143794   14.436365    4.785688    0.169706    6.455006
    0.519900    0.818848   -0.002173   -0.011643    0.000198     -123.882448      101.024548   14.518978    4.819511    0.169706    6.455006
    0.522388    0.818881   -0.001985   -0.011666   -0.003397     -124.945644      101.905982   14.601593    4.853336    0.169706    6.455006
    0.524876    0.818912   -0.001798   -0.011630   -0.006656     -126.004044      102.788037   14.684212    4.887164    0.169706    6.455006
    0.527363    0.818939   -0.001612   -0.011540   -0.009585     -127.058095      103.670656   14.766834    4.920995    0.169706    6.455006
    0.529851    0.818963   -0.001428   -0.011401   -0.012187     -128.108244      104.553780   14.849458    4.954828    0.169706    6.455006
    0.532338    0.818985   -0.001246   -0.011218   -0.014472     -129.154934      105.437352   14.932085    4.988662    0.169706    6.455006
    0.534826    0.819004   -0.001068   -0.010997   -0.016446     -130.198602      106.321315   15.014714    5.022498    0.169706    6.455006
    0.537313    0.819019   -0.000893   -0.010742   -0.018119     -131.239679      107.205613   15.097345    5.056336    0.169706    6.455006
    0.539801    0.819032   -0.000723   -0.010459   -0.019501     -132.278588      108.090191   15.179977    5.090175    0.169706    6.455006
    0.542289    0.819043   -0.000557   -0.010152   -0.020603     -133.315740      108.974997   15.262610    5.124015    0.169706    6.455006
    0.544776    0.819050   -0.000397   -0.009825   -0.021437     -134.351537      109.859978   15.345244    5.157855    0.169706    6.455006
    0.547264    0.819055   -0.000242   -0.009483   -0.022014     -135.386368      110.745084   15.427878    5.191696    0.169706    6.455006
    0.549751    0.819058   -0.000093   -0.009131   -0.022347     -136.420610      111.630266   15.510514    5.225538    0.169706    6.455006
    0.552239    0.819058    0.000051   -0.008771   -0.022448     -137.454626      112.515477   15.593149    5.259379    0.169706    6.455006
    0.554726    0.819056    0.000189   -0.008409   -0.022330     -138.488766      113.400672   15.675784    5.293221    0.169706    6.455006
    0.557214    0.819052    0.000321   -0.008047   -0.022004     -139.523363      114.285808   15.758419    5.327062    0.169706    6.455006
    0.559701    0.819046    0.000448   -0.007688   -0.021483     -140.558740      115.170843   15.841053    5.360903    0.169706    6.455006
    0.562189    0.819038    0.000568   -0.007336   -0.020780     -141.595203      116.055738   15.923687    5.394743    0.169706    6.455006
    0.564677    0.819028    0.000683   -0.006995   -0.019904     -142.633045      116.940455   16.006319    5.428582    0.169706    6.455006
    0.567164    0.819016    0.000793   -0.006665   -0.018869     -143.672544      117.824957   16.088951    5.462421    0.169706    6.455006
    0.569652    0.819002    0.000897   -0.006352   -0.017684     -144.713966      118.709210   16.171581    5.496258    0.169706    6.455006
    0.572139    0.818987    0.000997   -0.006056   -0.016360     -145.757564      119.593182   16.254210    5.530095    0.169706    6.455006
    0.574627    0.818970    0.001092   -0.005780   -0.014907     -146.803578      120.476842   16.336837    5.563930    0.169706    6.455006
    0.577114    0.818952    0.001183   -0.005526   -0.013333     -147.852237      121.360159   16.419463    5.597763    0.169706    6.455006
    0.579602    0.818932    0.001269   -0.005296   -0.011647     -148.903760      122.243105   16.502086    5.631595    0.169706    6.455006
    0.582090    0.818911    0.001353   -0.005092   -0.009856     -149.958353      123.125653   16.584708    5.665425    0.169706    6.455006
    0.584577    0.818889    0.001433   -0.004915   -0.007969     -151.016218      124.007778   16.667327    5.699254    0.169706    6.455006
    0.587065    0.818865    0.001511   -0.004768   -0.005990     -152.077546      124.889454   16.749944    5.733080    0.169706    6.455006
    0.589552    0.818841    0.001586   -0.004651   -0.003927     -153.142521      125.770657   16.832559    5.766905    0.169706    6.455006
    0.592040    0.818814    0.001660   -0.004566   -0.001782     -154.211323      126.651364   16.915171    5.800727    0.169706    6.455006
    0.594527    0.818787    0.001733   -0.004515    0.000438     -155.284128      127.531552   16.997780    5.834548    0.169706    6.455006
    0.597015    0.818759    0.001806   -0.004498    0.002732     -156.361106      128.411198   17.080386    5.868366    0.169706    6.455006
    0.599502    0.818729    0.001878   -0.004517    0.005097     -157.442429      129.290280   17.162990    5.902181    0.169706    6.455006
    0.601990    0.818698    0.001951   -0.004573    0.007531     -158.528265      130.168775   17.245590    5.935994    0.169706    6.455006
    0.604478    0.818667    0.002025   -0.004666    0.010033     -159.618786      131.046662   17.328188    5.969804    0.169706    6.455006
    0.606965    0.818633    0.002101   -0.004799    0.012602     -160.714164      131.923917   17.410782    6.003612    0.169706    6.455006
    0.609453    0.818599    0.002179   -0.004971    0.015241     -161.814576      132.800517   17.493372    6.037417    0.169706    6.455006
    0.611940    0.818563    0.002261   -0.005184    0.017949     -162.920204      133.676439   17.575959    6.071219    0.169706    6.455006
    0.614428    0.818526    0.002346   -0.005440    0.020729     -164.031236      134.551657   17.658543    6.105018    0.169706    6.455006
    0.616915    0.818488    0.002436   -0.005738    0.023583     -165.147870      135.426145   17.741123    6.138814    0.169706    6.455006
    0.619403    0.818448    0.002531   -0.006081    0.026517     -166.270311      136.299876   17.823698    6.172607    0.169706    6.455006
    0.621891    0.818407    0.002631   -0.006470    0.029533     -167.398779      137.172820   17.906270    6.206396    0.169706    6.455006
    0.624378    0.818364    0.002739   -0.006905    0.032636     -168.533504      138.044948   17.988837    6.240182    0.169706    6.455006
    0.626866    0.818319    0.002853   -0.007388    0.035834     -169.674732      138.916227   18.071400    6.273964    0.169706    6.455006
    0.629353    0.818272    0.002976   -0.007920    0.039131     -170.822726      139.786621   18.153958    6.307743    0.169706    6.455006
    0.631841    0.818223    0.003108   -0.008503    0.042535     -171.977765      140.656094   18.236512    6.341517    0.169706    6.455006
    0.634328    0.818172    0.003249   -0.009138    0.046055     -173.140150      141.524606   18.319060    6.375287    0.169706    6.455006
    0.636816    0.818119    0.003402   -0.009828    0.049698     -174.310202      142.392113   18.401603    6.409053    0.169706    6.455006
    0.639303    0.818063    0.003565   -0.010573    0.053475     -175.488266      143.258570   18.484141    6.442815    0.169706    6.455006
    0.641791    0.818004    0.003741   -0.011376    0.057394     -176.674711      144.123927   18.566673    6.476572    0.169706    6.455006
    0.644279    0.817943    0.003931   -0.012239    0.061466     -177.869934      144.988132   18.649199    6.510323    0.169706    6.455006
    0.646766    0.817878    0.004135   -0.013164    0.065703     -179.074361      145.851127   18.731718    6.544070    0.169706    6.455006
    0.649254    0.817810    0.004354   -0.014154    0.070117     -180.288449      146.712851   18.814231    6.577811    0.169706    6.455006
    0.651741    0.817738    0.004590   -0.015210    0.074719     -181.512685      147.573238   18.896737    6.611546    0.169706    6.455006
    0.654229    0.817662    0.004843   -0.016336    0.079524     -182.747594      148.432218   18.979235    6.645275    0.169706    6.455006
    0.656716    0.817582    0.005115   -0.017536    0.084545     -183.993734      149.289715   19.061725    6.678997    0.169706    6.455006
    0.659204    0.817498    0.005406   -0.018810    0.089796     -185.251706      150.145649   19.144207    6.712713    0.169706    6.455006
    0.661692    0.817409    0.005719   -0.020165    0.095293     -186.522147      150.999933   19.226681    6.746422    0.169706    6.455006
    0.664179    0.817314    0.006054   -0.021602    0.101051     -187.805740      151.852474   19.309145    6.780123    0.169706    6.455006
    0.666667    0.817214    0.006413   -0.023125    0.107087     -189.103211      152.703174   19.391599    6.813816    0.169706    6.455006
    0.669154    0.817108    0.006798   -0.024739    0.113417     -190.415333      153.551927   19.474043    6.847500    0.169706    6.455006
    0.671642    0.816996    0.007208   -0.026449    0.120059     -191.742928      154.398620   19.556476    6.881175    0.169706    6.455006
    0.674129    0.816876    0.007648   -0.028257    0.127030     -193.086869      155.243133   19.638897    6.914840    0.169706    6.455006
    0.676617    0.816750    0.008116   -0.030170    0.134350     -194.448081      156.085339   19.721306    6.948496    0.169706    6.455006
    0.679104    0.816616    0.008617   -0.032193    0.142037     -195.827545      156.925102   19.803701    6.982140    0.169706    6.455006
    0.681592    0.816473    0.009151   -0.034329    0.150110     -197.226298      157.762279   19.886083    7.015773    0.169706    6.455006
    0.684080    0.816321    0.009720   -0.036587    0.158590     -198.645438      158.596715   19.968450    7.049393    0.169706    6.455006
    0.686567    0.816161    0.010327   -0.038970    0.167498     -200.086121      159.428248   20.050801    7.083001    0.169706    6.455006
    0.689055    0.815990    0.010972   -0.041486    0.176853     -201.549566      160.256708   20.133135    7.116595    0.169706    6.455006
    0.691542    0.815808    0.011660   -0.044141    0.186676     -203.037056      161.081911   20.215452    7.150174    0.169706    6.455006
    0.694030    0.815615    0.012391   -0.046941    0.196990     -204.549942      161.903666   20.297749    7.183737    0.169706    6.455006
    0.696517    0.815410    0.013168   -0.049894    0.207814     -206.089638      162.721769   20.380027    7.217283    0.169706    6.455006
    0.699005    0.815192    0.013994   -0.053007    0.219172     -207.657627      163.536006   20.462283    7.250812    0.169706    6.455006
    0.701493    0.814960    0.014871   -0.056288    0.231084     -209.255464      164.346152   20.544517    7.284322    0.169706    6.455006
    0.703980    0.814714    0.015802   -0.059745    0.243572     -210.884769      165.151967   20.626726    7.317812    0.169706    6.455006
    0.706468    0.814452    0.016791   -0.063386    0.256657     -212.547234      165.953203   20.708910    7.351280    0.169706    6.455006
    0.708955    0.814174    0.017839   -0.067220    0.270359     -214.244620      166.749595   20.791067    7.384726    0.169706    6.455006
    0.711443    0.813879    0.018951   -0.071255    0.284701     -215.978757      167.540868   20.873195    7.418147    0.169706    6.455006
    0.713930    0.813566    0.020129   -0.075500    0.299701     -217.751544      168.326732   20.955292    7.451543    0.169706    6.455006
    0.716418    0.813232    0.021376   -0.079966    0.315378     -219.564945      169.106884   21.037356    7.484911    0.169706    6.455006
    0.718905    0.812879    0.022698   -0.084662    0.331752     -221.420990      169.881007   21.119386    7.518251    0.169706    6.455006
    0.721393    0.812503    0.024097   -0.089597    0.348839     -223.321770      170.648770   21.201379    7.551559    0.169706    6.455006
    0.723881    0.812105    0.025577   -0.094781    0.366654     -225.269435      171.409826   21.283333    7.584835    0.169706    6.455006
    0.726368    0.811681    0.027142   -0.100226    0.385213     -227.266188      172.163816   21.365245    7.618075    0.169706    6.455006
    0.728856    0.811233    0.028797   -0.105941    0.404528     -229.314282      172.910364   21.447114    7.651279    0.169706    6.455006
    0.731343    0.810756    0.030546   -0.111937    0.424609     -231.416013      173.649082   21.528936    7.684443    0.169706    6.455006
    0.733831    0.810251    0.032393   -0.118225    0.445465     -233.573712      174.379564   21.610708    7.717565    0.169706    6.455006
    0.736318    0.809716    0.034344   -0.124815    0.467101     -235.789741      175.101393   21.692428    7.750643    0.169706    6.455006
    0.738806    0.809148    0.036403   -0.131718    0.489521     -238.066477      175.814135   21.774092    7.783673    0.169706    6.455006
    0.741294    0.808546    0.038576   -0.138945    0.512724     -240.406309      176.517345   21.855698    7.816653    0.169706    6.455006
    0.743781    0.807909    0.040867   -0.146507    0.536707     -242.811620      177.210561   21.937241    7.849580    0.169706    6.455006
    0.746269    0.807233    0.043283   -0.154414    0.561463     -245.284780      177.893311   22.018717    7.882450    0.169706    6.455006
    0.748756    0.806518    0.045828   -0.162677    0.586980     -247.828127      178.565109   22.100124    7.915260    0.169706    6.455006
    0.751244    0.805762    0.048509   -0.171306    0.613243     -250.443955      179.225459   22.181456    7.948006    0.169706    6.455006
    0.753731    0.804960    0.051331   -0.180310    0.640232     -253.134495      179.873851   22.262710    7.980685    0.169706    6.455006
    0.756219    0.804113    0.054301   -0.189699    0.667922     -255.901897      180.509770   22.343880    8.013292    0.169706    6.455006
    0.758706    0.803217    0.057425   -0.199482    0.696282     -258.748212      181.132689   22.424963    8.045823    0.169706    6.455006
    0.761194    0.802269    0.060710   -0.209668    0.725278     -261.675372      181.742076   22.505952    8.078273    0.169706    6.455006
    0.763682    0.801267    0.064161   -0.220264    0.754869     -264.685163      182.337393   22.586844    8.110638    0.169706    6.455006
    0.766169    0.800209    0.067786   -0.231278    0.785007     -267.779211      182.918097   22.667631    8.142913    0.169706    6.455006
    0.768657    0.799091    0.071591   -0.242716    0.815640     -270.958949      183.483646   22.748309    8.175092    0.169706    6.455006
    0.771144    0.797911    0.075583   -0.254583    0.846709     -274.225601      184.033495   22.828870    8.207169    0.169706    6.455006
    0.773632    0.796665    0.079769   -0.266884    0.878150     -277.580149      184.567104   22.909310    8.239140    0.169706    6.455006
    0.776119    0.795351    0.084156   -0.279623    0.909892     -281.023317      185.083935   22.989620    8.270996    0.169706    6.455006
    0.778607    0.793965    0.088751   -0.292802    0.941857     -284.555540      185.583458   23.069794    8.302733    0.169706    6.455006
    0.781095    0.792503    0.093561   -0.306423    0.973965     -288.176938      186.065154   23.149825    8.334343    0.169706    6.455006
    0.783582    0.790963    0.098594   -0.320484    1.006126     -291.887301      186.528514   23.229704    8.365819    0.169706    6.455006
    0.786070    0.789341    0.103856   -0.334986    1.038248     -295.686057      186.973047   23.309423    8.397153    0.169706    6.455006
    0.788557    0.787633    0.109354   -0.349924    1.070232     -299.572255      187.398278   23.388975    8.428338    0.169706    6.455006
    0.791045    0.785835    0.115096   -0.365295    1.101976     -303.544548      187.803753   23.468349    8.459366    0.169706    6.455006
    0.793532    0.783943    0.121088   -0.381093    1.133374     -307.601171      188.189043   23.547538    8.490227    0.169706    6.455006
    0.796020    0.781954    0.127337   -0.397310    1.164316     -311.739934      188.553746   23.626531    8.520912    0.169706    6.455006
    0.798507    0.779863    0.133849   -0.413937    1.194690     -315.958204      188.897488   23.705318    8.551414    0.169706    6.455006
    0.800995    0.777667    0.140632   -0.430964    1.224383     -320.252904      189.219929   23.783889    8.581721    0.169706    6.455006
    0.803483    0.775361    0.147692   -0.448378    1.253281     -324.620507      189.520766   23.862233    8.611823    0.169706    6.455006
    0.805970    0.772940    0.155034   -0.466165    1.281268     -329.057038      189.799730   23.940338    8.641711    0.169706    6.455006
    0.808458    0.770400    0.162664   -0.484310    1.308233     -333.558080      190.056597   24.018194    8.671372    0.169706    6.455006
    0.810945    0.767737    0.170589   -0.502795    1.334063     -338.118783      190.291182   24.095787    8.700796    0.169706    6.455006
    0.813433    0.764947    0.178813   -0.521601    1.358651     -342.733884      190.503346   24.173104    8.729972    0.169706    6.455006
    0.815920    0.762024    0.187341   -0.540709    1.381893     -347.397722      190.692995   24.250134    8.758887    0.169706    6.455006
    0.818408    0.758964    0.196179   -0.560097    1.403691     -352.104267      190.860086   24.326862    8.787528    0.169706    6.455006
    0.820896    0.755763    0.205330   -0.579741    1.423951     -356.847149      191.004619   24.403274    8.815883    0.169706    6.455006
    0.823383    0.752415    0.214798   -0.599618    1.442589     -361.619691      191.126647   24.479355    8.843939    0.169706    6.455006
    0.825871    0.748916    0.224587   -0.619702    1.459526     -366.414952      191.226272   24.555092    8.871683    0.169706    6.455006
    0.828358    0.745261    0.234701   -0.639967    1.474695     -371.225764      191.303644   24.630467    8.899101    0.169706    6.455006
    0.830846    0.741446    0.245140   -0.660387    1.488035     -376.044780      191.358961   24.705466    8.926178    0.169706    6.455006
    0.833333    0.737466    0.255909   -0.680934    1.499498     -380.864523      191.392471   24.780071    8.952901    0.169706    6.455006
    0.835821    0.733315    0.267009   -0.701579    1.509046     -385.677436      191.404466   24.854267    8.979256    0.169706    6.455006
    0.838308    0.728991    0.278440   -0.722294    1.516650     -390.475929      191.395283   24.928035    9.005228    0.169706    6.455006
    0.840796    0.724487    0.290205   -0.743052    1.522295     -395.252438      191.365303   25.001357    9.030802    0.169706    6.455006
    0.843284    0.719800    0.302303   -0.763822    1.525975     -399.999469      191.314945   25.074216    9.055964    0.169706    6.455006
    0.845771    0.714924    0.314735   -0.784577    1.527697     -404.709653      191.244667   25.146593    9.080700    0.169706    6.455006
    0.848259    0.709857    0.327499   -0.805289    1.527479     -409.375794      191.154960   25.218468    9.104993    0.169706    6.455006
    0.850746    0.704593    0.340596   -0.825930    1.525348     -413.990914      191.046347   25.289822    9.128831    0.169706    6.455006
    0.853234    0.699128    0.354023   -0.846473    1.521343     -418.548296      190.919378   25.360635    9.152199    0.169706    6.455006
    0.855721    0.693458    0.367779   -0.866893    1.515513     -423.041526      190.774629   25.430886    9.175082    0.169706    6.455006
    0.858209    0.687580    0.381862   -0.887164    1.507916     -427.464527      190.612695   25.500554    9.197466    0.169706    6.455006
    0.860697    0.681489    0.396269   -0.907262    1.498617     -431.811590      190.434186   25.569619    9.219339    0.169706    6.455006
    0.863184    0.675183    0.410997   -0.927164    1.487692     -436.077402      190.239730   25.638059    9.240687    0.169706    6.455006
    0.865672    0.668658    0.426043   -0.946849    1.475219     -440.257066      190.029959   25.705851    9.261498    0.169706    6.455006
    0.868159    0.661910    0.441403   -0.966296    1.461287     -444.346119      189.805515   25.772974    9.281760    0.169706    6.455006
    0.870647    0.654937    0.457074   -0.985487    1.445987     -448.340543      189.567040   25.839405    9.301461    0.169706    6.455006
    0.873134    0.647736    0.473050   -1.004404    1.429414     -452.236773      189.315176   25.905120    9.320590    0.169706    6.455006
    0.875622    0.640305    0.489328   -1.023032    1.411667     -456.031699      189.050559   25.970098    9.339139    0.169706    6.455006
    0.878109    0.632641    0.505903   -1.041355    1.392847     -459.722663      188.773820   26.034314    9.357097    0.169706    6.455006
    0.880597    0.624742    0.522769   -1.059362    1.373056     -463.307455      188.485577   26.097745    9.374458    0.169706    6.455006
    0.883085    0.616606    0.539922   -1.077041    1.352397     -466.784301      188.186436   26.160367    9.391214    0.169706    6.455006
    0.885572    0.608232    0.557356   -1.094382    1.330971     -470.151851      187.876990   26.222156    9.407359    0.169706    6.455006
    0.888060    0.599619    0.575066   -1.111378    1.308879     -473.409160      187.557810   26.283089    9.422888    0.169706    6.455006
    0.890547    0.590765    0.593045   -1.128022    1.286220     -476.555675      187.229452   26.343140    9.437798    0.169706    6.455006
    0.893035    0.581670    0.611289   -1.144308    1.263089     -479.591209      186.892449   26.402286    9.452086    0.169706    6.455006
    0.895522    0.572334    0.629792   -1.160233    1.239581     -482.515921      186.547310   26.460502    9.465751    0.169706    6.455006
    0.898010    0.562756    0.648548   -1.175795    1.215783     -485.330290      186.194523   26.517764    9.478794    0.169706    6.455006
    0.900498    0.552936    0.667550   -1.190991    1.191781     -488.035095      185.834549   26.574047    9.491216    0.169706    6.455006
    0.902985    0.542875    0.686794   -1.205823    1.167656     -490.631384      185.467825   26.629328    9.503020    0.169706    6.455006
    0.905473    0.532574    0.706273   -1.220291    1.143483     -493.120455      185.094760   26.683581    9.514210    0.169706    6.455006
    0.907960    0.522033    0.725981   -1.234398    1.119333     -495.503824      184.715739   26.736783    9.524793    0.169706    6.455006
    0.910448    0.511254    0.745913   -1.248146    1.095270     -497.783208      184.331117   26.788909    9.534775    0.169706    6.455006
    0.912935    0.500239    0.766063   -1.261540    1.071354     -499.960496      183.941224   26.839936    9.544164    0.169706    6.455006
    0.915423    0.488990    0.786425   -1.274584    1.047638     -502.037724      183.546363   26.889840    9.552972    0.169706    6.455006
    0.917910    0.477509    0.806993   -1.287284    1.024171     -504.017060      183.146810   26.938598    9.561209    0.169706    6.455006
    0.920398    0.465798    0.827763   -1.299646    1.000994     -505.900777      182.742814   26.986185    9.568888    0.169706    6.455006
    0.922886    0.453860    0.848729   -1.311677    0.978142     -507.691233      182.334598   27.032579    9.576023    0.169706    6.455006
    0.925373    0.441699    0.869885   -1.323383    0.955644     -509.390857      181.922359   27.077758    9.582629    0.169706    6.455006
    0.927861    0.429317    0.891227   -1.334774    0.933522     -511.002127      181.506270   27.121698    9.588723    0.169706    6.455006
    0.930348    0.416720    0.912749   -1.345855    0.911792     -512.527556      181.086479   27.164379    9.594322    0.169706    6.455006
    0.932836    0.403910    0.934447   -1.356636    0.890462     -513.969677      180.663108   27.205777    9.599444    0.169706    6.455006
    0.935323    0.390893    0.956315   -1.367124    0.869532     -515.331031      180.236257   27.245873    9.604110    0.169706    6.455006
    0.937811    0.377672    0.978350   -1.377327    0.848995     -516.614155      179.806005   27.284645    9.608339    0.169706    6.455006
    0.940299    0.364253    1.000546   -1.387254    0.828834     -517.821566      179.372406   27.322073    9.612153    0.169706    6.455006
    0.942786    0.350641    1.022899   -1.396911    0.809023     -518.955760      178.935494   27.358138    9.615573    0.169706    6.455006
    0.945274    0.336841    1.045405   -1.406308    0.789525     -520.019197      178.495282   27.392820    9.618621    0.169706    6.455006
    0.947761    0.322860    1.068061   -1.415449    0.770291     -521.014297      178.051765   27.426100    9.621322    0.169706    6.455006
    0.950249    0.308703    1.090861   -1.424343    0.751258     -521.943432      177.604915   27.457961    9.623696    0.169706    6.455006
    0.952736    0.294376    1.113801   -1.432994    0.732349     -522.808923      177.154690   27.488385    9.625769    0.169706    6.455006
    0.955224    0.279886    1.136879   -1.441407    0.713467     -523.613031      176.701027   27.517355    9.627562    0.169706    6.455006
    0.957711    0.265240    1.160090   -1.449584    0.694493     -524.357959      176.243848   27.544855    9.629099    0.169706    6.455006
    0.960199    0.250444    1.183430   -1.457529    0.675287     -525.045847      175.783058   27.570870    9.630403    0.169706    6.455006
    0.962687    0.235507    1.206897   -1.465240    0.655677     -525.678767      175.318546   27.595385    9.631497    0.169706    6.455006
    0.965174    0.220435    1.230485   -1.472715    0.635457     -526.258727      174.850186   27.618387    9.632402    0.169706    6.455006
    0.967662    0.205237    1.254191   -1.479949    0.614382     -526.787665      174.377840   27.639861    9.633140    0.169706    6.455006
    0.970149    0.189920    1.278011   -1.486934    0.592156     -527.267454      173.901354   27.659795    9.633732    0.169706    6.455006
    0.972637    0.174492    1.301941   -1.493657    0.568426     -527.699897      173.420563   27.678179    9.634197    0.169706    6.455006
    0.975124    0.158962    1.325977   -1.500101    0.542772     -528.086732      172.935290   27.695001    9.634554    0.169706    6.455006
    0.977612    0.143338    1.350115   -1.506244    0.514687     -528.429634      172.445345   27.710252    9.634821    0.169706    6.455006
    0.980100    0.127629    1.374348   -1.512054    0.483568     -528.730214      171.950528   27.723921    9.635013    0.169706    6.455006
    0.982587    0.111844    1.398671   -1.517495    0.448693     -528.990024      171.450632   27.736002    9.635146    0.169706    6.455006
    0.985075    0.095992    1.423079   -1.522518    0.409195     -529.210562      170.945436   27.746487    9.635234    0.169706    6.455006
    0.987562    0.080083    1.447564   -1.527062    0.364037     -529.393278      170.434715   27.755370    9.635287    0.169706    6.455006
    0.990050    0.064125    1.472117   -1.531051    0.311975     -529.539579      169.918233   27.762645    9.635316    0.169706    6.455006
    0.992537    0.048128    1.496729   -1.534393    0.251518     -529.650844      169.395750   27.768307    9.635330    0.169706    6.455006
    0.995025    0.032101    1.521389   -1.536974    0.180875     -529.728444      168.867016   27.772355    9.635335    0.169706    6.455006
    0.997512    0.016056    1.546083   -1.538652    0.097897     -529.773782      168.331780   27.774784    9.635337    0.169706    6.455006
    1.000000   -0.000000    1.570796   -1.539256    0.000000     -529.788427      167.789784   27.775594    9.635337    0.169706    6.455006
