           t           r         psi          cs          qs               p             sig           A           V          Q2           S
    0.000000    0.000000   -1.570796   -1.479013    0.000000       29.021277       -9.269777   -0.000000   -0.000000    0.252846    5.409140
    0.009804    0.052976   -1.492350   -1.479756    0.035252       29.007122       -9.400940    0.008830    0.000009    0.252846    5.409140
    0.019608    0.105627   -1.413832   -1.481568    0.055495       28.961980       -9.525097    0.035268    0.000146    0.252846    5.409140
    0.029412    0.157626   -1.335205   -1.483794    0.059829       28.882012       -9.642551    0.079148    0.000731    0.252846    5.409140
    0.039216    0.208652   -1.256463   -1.485740    0.047413       28.763062       -9.753456    0.140202    0.002279    0.252846    5.409140
    0.049020    0.258386   -1.177643   -1.486672    0.017499       28.600605       -9.857785    0.218051    0.005464    0.252846    5.409140
    0.058824    0.306520   -1.098816   -1.485819   -0.030529       28.389872       -9.955295    0.312214    0.011081    0.252846    5.409140
    0.068627    0.352755   -1.020100   -1.482374   -0.097109       28.126104      -10.045487    0.422107    0.019990    0.252846    5.409140
    0.078431    0.396811   -0.941654   -1.475502   -0.182430       27.804947      -10.127574    0.547049    0.033064    0.252846    5.409140
    0.088235    0.438427   -0.863682   -1.464347   -0.286360       27.423027      -10.200454    0.686272    0.051124    0.252846    5.409140
    0.098039    0.477370   -0.786434   -1.448044   -0.408332       26.978696      -10.262700    0.838922    0.074888    0.252846    5.409140
    0.107843    0.513440   -0.710206   -1.425739   -0.547219       26.472912      -10.312570    1.004074    0.104916    0.252846    5.409140
    0.117647    0.546474   -0.635339   -1.396613   -0.701185       25.910148      -10.348059    1.180744    0.141577    0.252846    5.409140
    0.127451    0.576350   -0.562213   -1.359917   -0.867532       25.299139      -10.367003    1.367896    0.185017    0.252846    5.409140
    0.137255    0.602994   -0.491249   -1.315015   -1.042563       24.653165      -10.367243    1.564467    0.235160    0.252846    5.409140
    0.147059    0.626382   -0.422894   -1.261435   -1.221517       23.989582      -10.346853    1.769372    0.291711    0.252846    5.409140
    0.156863    0.646539   -0.357617   -1.198925   -1.398595       23.328361      -10.304407    1.981531    0.354186    0.252846    5.409140
    0.166667    0.663542   -0.295892   -1.127506   -1.567158       22.689656      -10.239260    2.199878    0.421949    0.252846    5.409140
    0.176471    0.677515   -0.238184   -1.047518   -1.720076       22.090795      -10.151773    2.423382    0.494256    0.252846    5.409140
    0.186275    0.688630   -0.184930   -0.959646   -1.850245       21.543428      -10.043426    2.651060    0.570309    0.252846    5.409140
    0.196078    0.697094   -0.136523   -0.864928   -1.951175       21.051652       -9.916777    2.881993    0.649305    0.252846    5.409140
    0.205882    0.703150   -0.093292   -0.764725   -2.017567       20.611741       -9.775252    3.115339    0.730472    0.252846    5.409140
    0.215686    0.707067   -0.055483   -0.660680   -2.045763       20.213513       -9.622810    3.350338    0.813111    0.252846    5.409140
    0.225490    0.709129   -0.023254   -0.554643   -2.033995       19.842848       -9.463546    3.586325    0.896612    0.252846    5.409140
    0.235294    0.709632    0.003343   -0.448600   -1.982419       19.484531       -9.301316    3.822732    0.980470    0.252846    5.409140
    0.245098    0.708873    0.024361   -0.344584   -1.892957       19.124680       -9.139449    4.059087    1.064289    0.252846    5.409140
    0.254902    0.707144    0.039961   -0.244604   -1.769028       18.752297       -8.980567    4.295020    1.147773    0.252846    5.409140
    0.264706    0.704727    0.050409   -0.150571   -1.615219       18.359897       -8.826526    4.530255    1.230722    0.252846    5.409140
    0.274510    0.701885    0.056067   -0.064237   -1.436967       17.943402       -8.678449    4.764606    1.313017    0.252846    5.409140
    0.284314    0.698860    0.057386    0.012869   -1.240265       17.501601       -8.536809    4.997974    1.394607    0.252846    5.409140
    0.294118    0.695869    0.054888    0.079484   -1.031419       17.035450       -8.401547    5.230334    1.475497    0.252846    5.409140
    0.303922    0.693099    0.049158    0.134668   -0.816823       16.547391       -8.272193    5.461729    1.555734    0.252846    5.409140
    0.313725    0.690704    0.040818    0.177833   -0.602758       16.040793       -8.147978    5.692260    1.635401    0.252846    5.409140
    0.323529    0.688805    0.030513    0.208773   -0.395200       15.519535       -8.027922    5.922072    1.714602    0.252846    5.409140
    0.333333    0.687491    0.018888    0.227672   -0.199631       14.987736       -7.910915    6.151348    1.793459    0.252846    5.409140
    0.343137    0.686815    0.006569    0.235096   -0.020862       14.449582       -7.795770    6.380290    1.872105    0.252846    5.409140
    0.352941    0.686797   -0.005860    0.231959    0.137111       13.909247       -7.681269    6.609117    1.950678    0.252846    5.409140
    0.362745    0.687429   -0.017868    0.219475    0.271222       13.370847       -7.566196    6.838047    2.029316    0.252846    5.409140
    0.372549    0.688676   -0.028998    0.199093    0.379404       12.838439       -7.449366    7.067291    2.108154    0.252846    5.409140
    0.382353    0.690481   -0.038873    0.172419    0.460600       12.316011       -7.329642    7.297046    2.187320    0.252846    5.409140
    0.392157    0.692770   -0.047204    0.141140    0.514736       11.807480       -7.205963    7.527485    2.266930    0.252846    5.409140
    0.401961    0.695455   -0.053791    0.106946    0.542649       11.316659       -7.077361    7.758755    2.347088    0.252846    5.409140
    0.411765    0.698440   -0.058524    0.071460    0.545981       10.847202       -6.942982    7.990973    2.427879    0.252846    5.409140
    0.421569    0.701626   -0.061374    0.036183    0.527065       10.402519       -6.802107    8.224221    2.509371    0.252846    5.409140
    0.431373    0.704913   -0.062389    0.002445    0.488785        9.985661       -6.654173    8.458550    2.591610    0.252846    5.409140
    0.441176    0.708208   -0.061680   -0.028623    0.434436        9.599169       -6.498795    8.693979    2.674622    0.252846    5.409140
    0.450980    0.711423   -0.059416   -0.056113    0.367586        9.244928       -6.335773    8.930494    2.758410    0.252846    5.409140
    0.460784    0.714482   -0.055804   -0.079347    0.291936        8.924014       -6.165112    9.168057    2.842957    0.252846    5.409140
    0.470588    0.717319   -0.051084   -0.097878    0.211179        8.636572       -5.987015    9.406604    2.928225    0.252846    5.409140
    0.480392    0.719883   -0.045511   -0.111478    0.128879        8.381747       -5.801879    9.646051    3.014161    0.252846    5.409140
    0.490196    0.722134   -0.039348   -0.120127    0.048353        8.157677       -5.610277    9.886302    3.100697    0.252846    5.409140
    0.500000    0.724049   -0.032854   -0.123991   -0.027429        7.961561       -5.412931   10.127247    3.187757    0.252846    5.409140
    0.509804    0.725617   -0.026276   -0.123397   -0.095920        7.789809       -5.210675   10.368773    3.275255    0.252846    5.409140
    0.519608    0.726838   -0.019837   -0.118808   -0.155047        7.638245       -5.004413   10.610763    3.363104    0.252846    5.409140
    0.529412    0.727726   -0.013736   -0.110795   -0.203241        7.502358       -4.795078   10.853104    3.451220    0.252846    5.409140
    0.539216    0.728304   -0.008135   -0.100008   -0.239437        7.377561       -4.583590   11.095688    3.539521    0.252846    5.409140
    0.549020    0.728600   -0.003165   -0.087148   -0.263046        7.259442       -4.370812   11.338418    3.627930    0.252846    5.409140
    0.558824    0.728652    0.001084   -0.072946   -0.273917        7.143971       -4.157524   11.581204    3.716382    0.252846    5.409140
    0.568627    0.728499    0.004561   -0.058134   -0.272273        7.027662       -3.944398   11.823972    3.804821    0.252846    5.409140
    0.578431    0.728182    0.007252   -0.043430   -0.258645        6.907667       -3.731981   12.066661    3.893201    0.252846    5.409140
    0.588235    0.727743    0.009181   -0.029519   -0.233800        6.781818       -3.520696   12.309222    3.981487    0.252846    5.409140
    0.598039    0.727221    0.010408   -0.017038   -0.198662        6.648609       -3.310837   12.551623    4.069655    0.252846    5.409140
    0.607843    0.726650    0.011024   -0.006571   -0.154251        6.507135       -3.102590   12.793840    4.157688    0.252846    5.409140
    0.617647    0.726061    0.011150    0.001363   -0.101615        6.357004       -2.896038   13.035864    4.245580    0.252846    5.409140
    0.627451    0.725474    0.010932    0.006312   -0.041781        6.198219       -2.691193   13.277691    4.333330    0.252846    5.409140
    0.637255    0.724904    0.010540    0.007890    0.024293        6.031043       -2.488009   13.519325    4.420940    0.252846    5.409140
    0.647059    0.724356    0.010160    0.005779    0.095746        5.855868       -2.286420   13.760773    4.508415    0.252846    5.409140
    0.656863    0.723823    0.009997   -0.000278    0.171839        5.673060       -2.086360   14.002041    4.595760    0.252846    5.409140
    0.666667    0.723288    0.010263   -0.010481    0.251960        5.482817       -1.887797   14.243131    4.682977    0.252846    5.409140
    0.676471    0.722723    0.011184   -0.024979    0.335630        5.285020       -1.690765   14.484040    4.770062    0.252846    5.409140
    0.686275    0.722086    0.012990   -0.043877    0.422483        5.079084       -1.495390   14.724749    4.857002    0.252846    5.409140
    0.696078    0.721325    0.015917   -0.067248    0.512249        4.863828       -1.301927   14.965228    4.943771    0.252846    5.409140
    0.705882    0.720374    0.020202   -0.095130    0.604713        4.637350       -1.110786   15.205423    5.030332    0.252846    5.409140
    0.715686    0.719154    0.026087   -0.127541    0.699673        4.396946       -0.922554   15.445258    5.116625    0.252846    5.409140
    0.725490    0.717575    0.033810   -0.164477    0.796889        4.139071       -0.738022   15.684630    5.202569    0.252846    5.409140
    0.735294    0.715533    0.043611   -0.205912    0.896024        3.859385       -0.558192   15.923402    5.288057    0.252846    5.409140
    0.745098    0.712910    0.055728   -0.251799    0.996584        3.552887       -0.384275   16.161400    5.372950    0.252846    5.409140
    0.754902    0.709580    0.070394   -0.302062    1.097862        3.214188       -0.217678   16.398410    5.457077    0.252846    5.409140
    0.764706    0.705402    0.087840   -0.356592    1.198897        2.837903       -0.059969   16.634174    5.540226    0.252846    5.409140
    0.774510    0.700223    0.108288   -0.415236    1.298440        2.419191        0.087180   16.868382    5.622145    0.252846    5.409140
    0.784314    0.693883    0.131950   -0.477783    1.394952        1.954379        0.222065   17.100677    5.702536    0.252846    5.409140
    0.794118    0.686211    0.159027   -0.543962    1.486632        1.441623        0.343041   17.330641    5.781057    0.252846    5.409140
    0.803922    0.677027    0.189701   -0.613426    1.571470        0.881509        0.448620   17.557803    5.857320    0.252846    5.409140
    0.813725    0.666150    0.224138   -0.685751    1.647331        0.277480        0.537567   17.781627    5.930896    0.252846    5.409140
    0.823529    0.653392    0.262475   -0.760437    1.712068       -0.364009        0.608991   18.001519    6.001322    0.252846    5.409140
    0.833333    0.638569    0.304823   -0.836907    1.763633       -1.033673        0.662400   18.216821    6.068110    0.252846    5.409140
    0.843137    0.621501    0.351259   -0.914522    1.800193       -1.719931        0.697735   18.426815    6.130764    0.252846    5.409140
    0.852941    0.602021    0.401826   -0.992591    1.820225       -2.409719        0.715357   18.630724    6.188798    0.252846    5.409140
    0.862745    0.579973    0.456530   -1.070389    1.822575       -3.089474        0.716008   18.827719    6.241766    0.252846    5.409140
    0.872549    0.555225    0.515336   -1.147174    1.806489       -3.746146        0.700735   19.016921    6.289285    0.252846    5.409140
    0.882353    0.527673    0.578170   -1.222204    1.771600       -4.368071        0.670796   19.197412    6.331067    0.252846    5.409140
    0.892157    0.497246    0.644921   -1.294753    1.717881       -4.945625        0.627567   19.368245    6.366952    0.252846    5.409140
    0.901961    0.463913    0.715437   -1.364121    1.645583       -5.471584        0.572439   19.528456    6.396930    0.252846    5.409140
    0.911765    0.427688    0.789533   -1.429640    1.555148       -5.941216        0.506738   19.677077    6.421163    0.252846    5.409140
    0.921569    0.388637    0.866988   -1.490678    1.447126       -6.352124        0.431660   19.813155    6.439991    0.252846    5.409140
    0.931373    0.346877    0.947547   -1.546637    1.322099       -6.703940        0.348219   19.935765    6.453928    0.252846    5.409140
    0.941176    0.302583    1.030927   -1.596945    1.180603       -6.997920        0.257221   20.044033    6.463634    0.252846    5.409140
    0.950980    0.255986    1.116812   -1.641052    1.023083       -7.236523        0.159253   20.137152    6.469879    0.252846    5.409140
    0.960784    0.207369    1.204860   -1.678418    0.849845       -7.423015        0.054681   20.214399    6.473486    0.252846    5.409140
    0.970588    0.157066    1.294699   -1.708498    0.661032       -7.561125       -0.056338   20.275156    6.475267    0.252846    5.409140
    0.980392    0.105457    1.385928   -1.730735    0.456615       -7.654790       -0.173834   20.318923    6.475949    0.252846    5.409140
    0.990196    0.052955    1.478115   -1.744541    0.236392       -7.707979       -0.298002   20.345334    6.476110    0.252846    5.409140
    1.000000    0.000000    1.570796   -1.749291    0.000000       -7.724708       -0.429166   20.354162    6.476121    0.252846    5.409140
