           t           r         psi          cs          qs               p             sig           A           V          Q2           S
    0.000000   -0.000000   -1.570796    2.957500    0.000000        6.984542       -0.625913    0.000000    0.000000    0.096411   10.059529
    0.009804    0.097234   -1.861778    2.935751    0.611462        7.113691       -1.023189    0.030341   -0.000213    0.096411   10.059529
    0.019608    0.186377   -2.148085    2.859808    1.416845        7.543868       -1.402390    0.118826   -0.003121    0.096411   10.059529
    0.029412    0.260535   -2.423399    2.708612    2.466511        8.316415       -1.771775    0.258212   -0.013652    0.096411   10.059529
    0.039216    0.315120   -2.678882    2.451534    3.830020        9.426249       -2.137237    0.437650   -0.035385    0.096411   10.059529
    0.049020    0.348663   -2.902022    2.043815    5.600632       10.804392       -2.501893    0.644379   -0.067809    0.096411   10.059529
    0.058824    0.363186   -3.074993    1.421815    7.901726       12.335364       -2.866732    0.865806   -0.106901    0.096411   10.059529
    0.068627    0.364190   -3.172771    0.505105   10.861747       13.910591       -3.231710    1.091672   -0.148046    0.096411   10.059529
    0.078431    0.360575   -3.162836   -0.765403   14.378410       15.477330       -3.596641    1.316180   -0.188689    0.096411   10.059529
    0.088235    0.364620   -3.013035   -2.289381   17.304789       17.038879       -3.961551    1.540109   -0.229077    0.096411   10.059529
    0.098039    0.390393   -2.717112   -3.630389   16.941727       18.592997       -4.326838    1.772583   -0.270979    0.096411   10.059529
    0.107843    0.447122   -2.320198   -4.287308   12.289802       20.041187       -4.694062    2.030428   -0.314211    0.096411   10.059529
    0.117647    0.531269   -1.893617   -4.281651    6.502535       21.136964       -5.067204    2.332459   -0.350831    0.096411   10.059529
    0.127451    0.628548   -1.485731   -3.963338    2.202960       21.444996       -5.450639    2.691566   -0.361664    0.096411   10.059529
    0.137255    0.722946   -1.114386   -3.562700   -0.497196       20.203428       -5.837100    3.110811   -0.322263    0.096411   10.059529
    0.147059    0.802543   -0.783461   -3.145571   -2.343482       16.239118       -6.173761    3.584440   -0.215858    0.096411   10.059529
    0.156863    0.860884   -0.495044   -2.693566   -4.006383        8.985973       -6.289420    4.101003   -0.042688    0.096411   10.059529
    0.166667    0.896518   -0.255018   -2.155551   -5.735550        2.501349       -5.841614    4.646641    0.180864    0.096411   10.059529
    0.176471    0.912109   -0.073609   -1.507546   -6.942748        5.702999       -4.593025    5.207925    0.431543    0.096411   10.059529
    0.186275    0.913159    0.040972   -0.820345   -6.703487       16.464403       -2.926227    5.774036    0.689978    0.096411   10.059529
    0.196078    0.906160    0.091286   -0.225203   -5.107371       23.251073       -1.467018    6.337974    0.945918    0.096411   10.059529
    0.205882    0.896826    0.091512    0.186283   -2.985268       23.077835       -0.422455    6.896598    1.196587    0.096411   10.059529
    0.215686    0.889130    0.061347    0.392389   -1.008087       18.617823        0.305816    7.449791    1.442751    0.096411   10.059529
    0.225490    0.885098    0.019991    0.420611    0.481072       12.292348        0.865183    7.999293    1.686171    0.096411   10.059529
    0.235294    0.885055   -0.017535    0.324955    1.356088        5.478348        1.374498    8.547553    1.928698    0.096411   10.059529
    0.245098    0.888124   -0.042109    0.168413    1.628785       -0.949749        1.923883    9.096816    2.172004    0.096411   10.059529
    0.254902    0.892827   -0.050672    0.008860    1.408822       -6.242796        2.581584    9.648570    2.417367    0.096411   10.059529
    0.264706    0.897649   -0.045177   -0.111262    0.877016       -9.735551        3.390531   10.203347    2.665411    0.096411   10.059529
    0.274510    0.901440   -0.030741   -0.170850    0.251365      -11.100355        4.357275   10.760837    2.916001    0.096411   10.059529
    0.284314    0.903619   -0.013460   -0.170728   -0.268755      -10.646284        5.446682   11.320192    3.168394    0.096411   10.059529
    0.294118    0.904173    0.001533   -0.128196   -0.563633       -9.264552        6.595318   11.880382    3.421599    0.096411   10.059529
    0.303922    0.903494    0.011228   -0.067349   -0.618513       -7.959370        7.739150   12.440506    3.674743    0.096411   10.059529
    0.313725    0.902157    0.014930   -0.009664   -0.497361       -7.387537        8.836295   12.999974    3.927279    0.096411   10.059529
    0.323529    0.900712    0.013690    0.031406   -0.292633       -7.739075        9.872847   13.558556    4.179012    0.096411   10.059529
    0.333333    0.899556    0.009440    0.051284   -0.085274       -8.878657       10.855873   14.116316    4.430014    0.096411   10.059529
    0.343137    0.898882    0.004202    0.052223    0.073144      -10.531406       11.803024   14.673504    4.680513    0.096411   10.059529
    0.352941    0.898706   -0.000436    0.040283    0.161582      -12.408134       12.734239   15.230432    4.930784    0.096411   10.059529
    0.362745    0.898918   -0.003554    0.022540    0.182709      -14.268918       13.666594   15.787379    5.181071    0.096411   10.059529
    0.372549    0.899348   -0.004894    0.005088    0.153788      -15.950909       14.611685   16.344534    5.431544    0.096411   10.059529
    0.382353    0.899832   -0.004703   -0.008047    0.097955      -17.376634       15.574843   16.901980    5.682278    0.096411   10.059529
    0.392157    0.900243   -0.003507   -0.015174    0.037125      -18.547104       16.555786   17.459709    5.933267    0.096411   10.059529
    0.401961    0.900511   -0.001899   -0.016567   -0.012707      -19.521023       17.550285   18.017649    6.184448    0.096411   10.059529
    0.411765    0.900621   -0.000377   -0.013763   -0.043413      -20.385261       18.552296   18.575707    6.435735    0.096411   10.059529
    0.421569    0.900598    0.000744   -0.008773   -0.054141      -21.225662       19.555936   19.133789    6.687045    0.096411   10.059529
    0.431373    0.900491    0.001343   -0.003447   -0.049082      -22.106552       20.556809   19.691829    6.938316    0.096411   10.059529
    0.441176    0.900350    0.001456    0.000908   -0.034711      -23.062363       21.552553   20.249789    7.189515    0.096411   10.059529
    0.450980    0.900216    0.001217    0.003645   -0.017423      -24.099638       22.542699   20.807662    7.440636    0.096411   10.059529
    0.460784    0.900116    0.000793    0.004700   -0.002064      -25.205019       23.528150   21.365461    7.691691    0.096411   10.059529
    0.470588    0.900060    0.000335    0.004401    0.008636      -26.354920       24.510525   21.923212    7.942702    0.096411   10.059529
    0.480392    0.900047   -0.000047    0.003261    0.013921      -27.523999       25.491572   22.480942    8.193695    0.096411   10.059529
    0.490196    0.900065   -0.000298    0.001805    0.014481      -28.691052       26.472760   23.038675    8.444690    0.096411   10.059529
    0.500000    0.900101   -0.000407    0.000445    0.011793      -29.842060       27.455058   23.596425    8.695700    0.096411   10.059529
    0.509804    0.900142   -0.000397   -0.000564    0.007523      -30.970755       28.438899   24.154199    8.946732    0.096411   10.059529
    0.519608    0.900177   -0.000310   -0.001128    0.003106      -32.077419       29.424262   24.711997    9.197786    0.096411   10.059529
    0.529412    0.900202   -0.000189   -0.001278   -0.000484      -33.166720       30.410824   25.269814    9.448857    0.096411   10.059529
    0.539216    0.900214   -0.000068   -0.001121   -0.002782      -34.245345       31.398122   25.827642    9.699938    0.096411   10.059529
    0.549020    0.900216    0.000027   -0.000791   -0.003751      -35.319985       32.385695   26.385475    9.951022    0.096411   10.059529
    0.558824    0.900210    0.000086   -0.000412   -0.003643      -36.395978       33.373175   26.943306   10.202106    0.096411   10.059529
    0.568627    0.900200    0.000110   -0.000076   -0.002846      -37.476679       34.360330   27.501132   10.453185    0.096411   10.059529
    0.578431    0.900189    0.000104    0.000165   -0.001752      -38.563445       35.347066   28.058952   10.704258    0.096411   10.059529
    0.588235    0.900180    0.000081    0.000296   -0.000680      -39.656021       36.333402   28.616765   10.955326    0.096411   10.059529
    0.598039    0.900174    0.000049    0.000326    0.000166      -40.753119       37.319426   29.174574   11.206389    0.096411   10.059529
    0.607843    0.900170    0.000019    0.000285    0.000698      -41.853005       38.305257   29.732379   11.457449    0.096411   10.059529
    0.617647    0.900170   -0.000006    0.000204    0.000920      -42.953974       39.291014   30.290183   11.708508    0.096411   10.059529
    0.627451    0.900171   -0.000021    0.000111    0.000896      -44.054665       40.276789   30.847988   11.959568    0.096411   10.059529
    0.637255    0.900174   -0.000028    0.000027    0.000716      -45.154203       41.262644   31.405793   12.210628    0.096411   10.059529
    0.647059    0.900176   -0.000027   -0.000035    0.000474      -46.252201       42.248606   31.963601   12.461691    0.096411   10.059529
    0.656863    0.900179   -0.000022   -0.000073    0.000249      -47.348680       43.234672   32.521410   12.712754    0.096411   10.059529
    0.666667    0.900181   -0.000014   -0.000092    0.000105      -48.443942       44.220823   33.079220   12.963819    0.096411   10.059529
    0.676471    0.900182   -0.000004   -0.000101    0.000088      -49.538444       45.207026   33.637032   13.214885    0.096411   10.059529
    0.686275    0.900181    0.000007   -0.000116    0.000248      -50.632725       46.193244   34.194843   13.465950    0.096411   10.059529
    0.696078    0.900180    0.000020   -0.000156    0.000655      -51.727389       47.179435   34.752654   13.717016    0.096411   10.059529
    0.705882    0.900177    0.000039   -0.000252    0.001432      -52.823196       48.165548   35.310464   13.968080    0.096411   10.059529
    0.715686    0.900172    0.000073   -0.000448    0.002794      -53.921283       49.151503   35.868271   14.219142    0.096411   10.059529
    0.725490    0.900162    0.000133   -0.000816    0.005116      -55.023600       50.137167   36.426074   14.470200    0.096411   10.059529
    0.735294    0.900144    0.000243   -0.001474    0.009017      -56.133661       51.122295   36.983868   14.721251    0.096411   10.059529
    0.745098    0.900111    0.000440   -0.002616    0.015493      -57.257825       52.106450   37.541647   14.972287    0.096411   10.059529
    0.754902    0.900052    0.000785   -0.004552    0.026094      -58.407408       53.088846   38.099399   15.223299    0.096411   10.059529
    0.764706    0.899948    0.001380   -0.007774    0.043155      -59.602122       54.068117   38.657101   15.474266    0.096411   10.059529
    0.774510    0.899767    0.002385   -0.013037    0.070063      -60.875493       55.041924   39.214717   15.725156    0.096411   10.059529
    0.784314    0.899456    0.004055   -0.021469    0.111479      -62.283049       56.006361   39.772184   15.975910    0.096411   10.059529
    0.794118    0.898933    0.006776   -0.034688    0.173366      -63.913860       56.955074   40.329397   16.226434    0.096411   10.059529
    0.803922    0.898066    0.011126   -0.054900    0.262514      -65.904882       57.878043   40.886189   16.476573    0.096411   10.059529
    0.813725    0.896658    0.017927   -0.084903    0.385123      -68.454520       58.760100   41.442288   16.726074    0.096411   10.059529
    0.823529    0.894414    0.028300   -0.127896    0.544016      -71.825510       59.579547   41.997273   16.974537    0.096411   10.059529
    0.833333    0.890913    0.043683   -0.186961    0.734558      -76.318432       60.307698   42.550504   17.221338    0.096411   10.059529
    0.843137    0.885580    0.065775   -0.264152    0.940628      -82.193055       60.910783   43.101032   17.465528    0.096411   10.059529
    0.852941    0.877670    0.096382   -0.359361    1.133779      -89.533093       61.355589   43.647500   17.705704    0.096411   10.059529
    0.862745    0.866270    0.137150   -0.469430    1.279024      -98.104976       61.618635   44.188036   17.939868    0.096411   10.059529
    0.872549    0.850343    0.189262   -0.588182    1.347185     -107.320196       61.695441   44.720160   18.165331    0.096411   10.059529
    0.882353    0.828800    0.253190   -0.707678    1.327389     -116.382906       61.604267   45.240732   18.378699    0.096411   10.059529
    0.892157    0.800608    0.328619   -0.820253    1.231027     -124.560694       61.381075   45.745944   18.576048    0.096411   10.059529
    0.901961    0.764884    0.414567   -0.920303    1.084697     -131.402388       61.068521   46.231392   18.753300    0.096411   10.059529
    0.911765    0.720993    0.509638   -1.005042    0.918160     -136.786297       60.705333   46.692200   18.906778    0.096411   10.059529
    0.921569    0.668596    0.612293   -1.074213    0.755053     -140.830588       60.320427   47.123183   19.033837    0.096411   10.059529
    0.931373    0.607675    0.721056   -1.129243    0.609497     -143.766520       59.931939   47.519049   19.133406    0.096411   10.059529
    0.941176    0.538529    0.834639   -1.172344    0.487090     -145.843246       59.549054   47.874592   19.206310    0.096411   10.059529
    0.950980    0.461748    0.951981   -1.205862    0.387547     -147.279043       59.174544   48.184886   19.255274    0.096411   10.059529
    0.960784    0.378182    1.072244   -1.231877    0.307037     -148.246115       58.806947   48.445448   19.284585    0.096411   10.059529
    0.970588    0.288902    1.194770   -1.251985    0.239400     -148.872536       58.442075   48.652397   19.299473    0.096411   10.059529
    0.980392    0.195162    1.319031   -1.267144    0.175953     -149.250360       58.073941   48.802571   19.305299    0.096411   10.059529
    0.990196    0.098361    1.444550   -1.277425    0.103554     -149.444519       57.695318   48.893634   19.306692    0.096411   10.059529
    1.000000    0.000000    1.570796   -1.281505    0.000000     -149.500887       57.298101   48.924150   19.306787    0.096411   10.059529
