           t           r         psi          cs          qs               p             sig           A           V          Q2           S
    0.000000    0.000000   -1.570796   -1.159289    0.000000        4.499952       -2.612901    0.000000    0.000000    0.028933    7.950192
    0.002488    0.019775   -1.547870   -1.159175   -0.015409        4.499950       -2.612996    0.001229    0.000000    0.028933    7.950192
    0.004975    0.039539   -1.524949   -1.158832   -0.030813        4.499943       -2.613090    0.004914    0.000002    0.028933    7.950192
    0.007463    0.059283   -1.502036   -1.158261   -0.046204        4.499932       -2.613184    0.011054    0.000011    0.028933    7.950192
    0.009950    0.078996   -1.479137   -1.157461   -0.061575        4.499917       -2.613276    0.019646    0.000036    0.028933    7.950192
    0.012438    0.098667   -1.456256   -1.156433   -0.076918        4.499896       -2.613368    0.030684    0.000087    0.028933    7.950192
    0.014925    0.118286   -1.433398   -1.155178   -0.092226        4.499869       -2.613459    0.044164    0.000179    0.028933    7.950192
    0.017413    0.137844   -1.410567   -1.153695   -0.107490        4.499836       -2.613549    0.060078    0.000331    0.028933    7.950192
    0.019900    0.157329   -1.387767   -1.151984   -0.122704        4.499798       -2.613639    0.078418    0.000563    0.028933    7.950192
    0.022388    0.176733   -1.365004   -1.150048   -0.137858        4.499752       -2.613729    0.099174    0.000899    0.028933    7.950192
    0.024876    0.196045   -1.342281   -1.147885   -0.152947        4.499700       -2.613818    0.122336    0.001366    0.028933    7.950192
    0.027363    0.215255   -1.319603   -1.145497   -0.167961        4.499640       -2.613907    0.147891    0.001991    0.028933    7.950192
    0.029851    0.234353   -1.296974   -1.142884   -0.182895        4.499572       -2.613996    0.175827    0.002808    0.028933    7.950192
    0.032338    0.253331   -1.274400   -1.140048   -0.197739        4.499495       -2.614085    0.206128    0.003848    0.028933    7.950192
    0.034826    0.272179   -1.251883   -1.136989   -0.212488        4.499409       -2.614174    0.238779    0.005149    0.028933    7.950192
    0.037313    0.290887   -1.229430   -1.133707   -0.227132        4.499313       -2.614264    0.273764    0.006747    0.028933    7.950192
    0.039801    0.309447   -1.207043   -1.130205   -0.241666        4.499206       -2.614353    0.311064    0.008682    0.028933    7.950192
    0.042289    0.327849   -1.184728   -1.126483   -0.256081        4.499088       -2.614443    0.350661    0.010994    0.028933    7.950192
    0.044776    0.346086   -1.162488   -1.122542   -0.270371        4.498958       -2.614533    0.392534    0.013726    0.028933    7.950192
    0.047264    0.364148   -1.140329   -1.118384   -0.284528        4.498814       -2.614624    0.436663    0.016918    0.028933    7.950192
    0.049751    0.382028   -1.118254   -1.114010   -0.298545        4.498656       -2.614716    0.483025    0.020616    0.028933    7.950192
    0.052239    0.399717   -1.096268   -1.109421   -0.312415        4.498483       -2.614808    0.531597    0.024863    0.028933    7.950192
    0.054726    0.417208   -1.074374   -1.104618   -0.326130        4.498293       -2.614901    0.582355    0.029702    0.028933    7.950192
    0.057214    0.434494   -1.052578   -1.099604   -0.339685        4.498086       -2.614995    0.635273    0.035179    0.028933    7.950192
    0.059701    0.451566   -1.030883   -1.094380   -0.353072        4.497859       -2.615091    0.690326    0.041337    0.028933    7.950192
    0.062189    0.468418   -1.009293   -1.088947   -0.366285        4.497611       -2.615187    0.747487    0.048219    0.028933    7.950192
    0.064677    0.485044   -0.987813   -1.083307   -0.379316        4.497340       -2.615285    0.806728    0.055868    0.028933    7.950192
    0.067164    0.501436   -0.966446   -1.077462   -0.392160        4.497045       -2.615384    0.868020    0.064326    0.028933    7.950192
    0.069652    0.517589   -0.945197   -1.071414   -0.404809        4.496722       -2.615484    0.931335    0.073635    0.028933    7.950192
    0.072139    0.533496   -0.924070   -1.065165   -0.417258        4.496371       -2.615586    0.996642    0.083833    0.028933    7.950192
    0.074627    0.549153   -0.903068   -1.058717   -0.429500        4.495988       -2.615690    1.063909    0.094958    0.028933    7.950192
    0.077114    0.564553   -0.882195   -1.052071   -0.441529        4.495571       -2.615796    1.133106    0.107048    0.028933    7.950192
    0.079602    0.579692   -0.861456   -1.045231   -0.453339        4.495116       -2.615904    1.204201    0.120136    0.028933    7.950192
    0.082090    0.594564   -0.840854   -1.038198   -0.464925        4.494620       -2.616014    1.277160    0.134256    0.028933    7.950192
    0.084577    0.609166   -0.820394   -1.030974   -0.476280        4.494079       -2.616126    1.351951    0.149438    0.028933    7.950192
    0.087065    0.623493   -0.800077   -1.023562   -0.487400        4.493488       -2.616241    1.428539    0.165710    0.028933    7.950192
    0.089552    0.637540   -0.779910   -1.015965   -0.498279        4.492845       -2.616358    1.506890    0.183098    0.028933    7.950192
    0.092040    0.651306   -0.759894   -1.008183   -0.508911        4.492142       -2.616478    1.586969    0.201626    0.028933    7.950192
    0.094527    0.664785   -0.740034   -1.000221   -0.519292        4.491375       -2.616601    1.668740    0.221315    0.028933    7.950192
    0.097015    0.677976   -0.720333   -0.992081   -0.529418        4.490536       -2.616727    1.752169    0.242184    0.028933    7.950192
    0.099502    0.690875   -0.700795   -0.983765   -0.539283        4.489620       -2.616855    1.837219    0.264248    0.028933    7.950192
    0.101990    0.703480   -0.681423   -0.975276   -0.548884        4.488618       -2.616988    1.923853    0.287520    0.028933    7.950192
    0.104478    0.715789   -0.662221   -0.966617   -0.558217        4.487521       -2.617124    2.012036    0.312012    0.028933    7.950192
    0.106965    0.727800   -0.643192   -0.957789   -0.567278        4.486320       -2.617263    2.101729    0.337731    0.028933    7.950192
    0.109453    0.739511   -0.624338   -0.948797   -0.576063        4.485004       -2.617407    2.192896    0.364681    0.028933    7.950192
    0.111940    0.750920   -0.605665   -0.939643   -0.584570        4.483561       -2.617554    2.285500    0.392866    0.028933    7.950192
    0.114428    0.762028   -0.587174   -0.930330   -0.592796        4.481978       -2.617706    2.379502    0.422285    0.028933    7.950192
    0.116915    0.772833   -0.568868   -0.920861   -0.600738        4.480238       -2.617862    2.474866    0.452936    0.028933    7.950192
    0.119403    0.783335   -0.550752   -0.911237   -0.608396        4.478327       -2.618023    2.571554    0.484812    0.028933    7.950192
    0.121891    0.793532   -0.532827   -0.901464   -0.615767        4.476224       -2.618188    2.669528    0.517905    0.028933    7.950192
    0.124378    0.803426   -0.515097   -0.891542   -0.622852        4.473909       -2.618359    2.768750    0.552207    0.028933    7.950192
    0.126866    0.813017   -0.497564   -0.881476   -0.629648        4.471358       -2.618534    2.869183    0.587702    0.028933    7.950192
    0.129353    0.822305   -0.480233   -0.871268   -0.636158        4.468546       -2.618715    2.970789    0.624378    0.028933    7.950192
    0.131841    0.831290   -0.463104   -0.860921   -0.642382        4.465444       -2.618901    3.073530    0.662215    0.028933    7.950192
    0.134328    0.839975   -0.446181   -0.850438   -0.648321        4.462018       -2.619093    3.177369    0.701195    0.028933    7.950192
    0.136816    0.848359   -0.429467   -0.839821   -0.653979        4.458233       -2.619290    3.282268    0.741297    0.028933    7.950192
    0.139303    0.856445   -0.412964   -0.829073   -0.659358        4.454048       -2.619493    3.388191    0.782497    0.028933    7.950192
    0.141791    0.864233   -0.396676   -0.818197   -0.664463        4.449419       -2.619701    3.495100    0.824771    0.028933    7.950192
    0.144279    0.871727   -0.380603   -0.807196   -0.669300        4.444297       -2.619914    3.602958    0.868091    0.028933    7.950192
    0.146766    0.878927   -0.364749   -0.796072   -0.673875        4.438628       -2.620132    3.711729    0.912431    0.028933    7.950192
    0.149254    0.885837   -0.349117   -0.784826   -0.678195        4.432352       -2.620355    3.821377    0.957759    0.028933    7.950192
    0.151741    0.892458   -0.333708   -0.773462   -0.682270        4.425407       -2.620583    3.931865    1.004046    0.028933    7.950192
    0.154229    0.898793   -0.318524   -0.761981   -0.686110        4.417722       -2.620814    4.043159    1.051259    0.028933    7.950192
    0.156716    0.904846   -0.303570   -0.750386   -0.689727        4.409225       -2.621047    4.155222    1.099366    0.028933    7.950192
    0.159204    0.910618   -0.288845   -0.738677   -0.693134        4.399839       -2.621282    4.268019    1.148333    0.028933    7.950192
    0.161692    0.916113   -0.274353   -0.726855   -0.696348        4.389487       -2.621517    4.381517    1.198125    0.028933    7.950192
    0.164179    0.921335   -0.260096   -0.714923   -0.699383        4.378093       -2.621749    4.495681    1.248708    0.028933    7.950192
    0.166667    0.926287   -0.246077   -0.702880   -0.702258        4.365584       -2.621978    4.610476    1.300045    0.028933    7.950192
    0.169154    0.930971   -0.232296   -0.690726   -0.704993        4.351899       -2.622199    4.725870    1.352100    0.028933    7.950192
    0.171642    0.935393   -0.218757   -0.678463   -0.707608        4.336994       -2.622408    4.841830    1.404837    0.028933    7.950192
    0.174129    0.939556   -0.205461   -0.666089   -0.710125        4.320849       -2.622603    4.958324    1.458219    0.028933    7.950192
    0.176617    0.943464   -0.192412   -0.653603   -0.712563        4.303485       -2.622777    5.075318    1.512210    0.028933    7.950192
    0.179104    0.947121   -0.179610   -0.641005   -0.714944        4.284975       -2.622925    5.192783    1.566773    0.028933    7.950192
    0.181592    0.950532   -0.167059   -0.628292   -0.717285        4.265461       -2.623039    5.310687    1.621871    0.028933    7.950192
    0.184080    0.953700   -0.154760   -0.615464   -0.719600        4.245175       -2.623111    5.428999    1.677468    0.028933    7.950192
    0.186567    0.956630   -0.142716   -0.602517   -0.721897        4.224459       -2.623133    5.547690    1.733528    0.028933    7.950192
    0.189055    0.959327   -0.130929   -0.589451   -0.724178        4.203785       -2.623093    5.666731    1.790016    0.028933    7.950192
    0.191542    0.961796   -0.119402   -0.576263   -0.726430        4.183768       -2.622981    5.786093    1.846895    0.028933    7.950192
    0.194030    0.964040   -0.108137   -0.562952   -0.728630        4.165172       -2.622787    5.905747    1.904133    0.028933    7.950192
    0.196517    0.966066   -0.097136   -0.549517   -0.730736        4.148897       -2.622498    6.025667    1.961694    0.028933    7.950192
    0.199005    0.967878   -0.086403   -0.535959   -0.732689        4.135948       -2.622104    6.145825    2.019545    0.028933    7.950192
    0.201493    0.969481   -0.075938   -0.522278   -0.734408        4.127371       -2.621598    6.266196    2.077654    0.028933    7.950192
    0.203980    0.970880   -0.065746   -0.508479   -0.735792        4.124166       -2.620973    6.386752    2.135989    0.028933    7.950192
    0.206468    0.972081   -0.055827   -0.494567   -0.736724        4.127168       -2.620226    6.507471    2.194519    0.028933    7.950192
    0.208955    0.973089   -0.046185   -0.480551   -0.737071        4.136920       -2.619360    6.628326    2.253215    0.028933    7.950192
    0.211443    0.973909   -0.036820   -0.466443   -0.736695        4.153552       -2.618382    6.749295    2.312047    0.028933    7.950192
    0.213930    0.974547   -0.027736   -0.452255   -0.735460        4.176695       -2.617304    6.870355    2.370986    0.028933    7.950192
    0.216418    0.975008   -0.018933   -0.438004   -0.733245        4.205447       -2.616146    6.991482    2.430007    0.028933    7.950192
    0.218905    0.975298   -0.010412   -0.423710   -0.729952        4.238424       -2.614928    7.112657    2.489083    0.028933    7.950192
    0.221393    0.975422   -0.002174   -0.409393   -0.725514        4.273875       -2.613677    7.233856    2.548190    0.028933    7.950192
    0.223881    0.975386    0.005781   -0.395075   -0.719905        4.309862       -2.612418    7.355062    2.607302    0.028933    7.950192
    0.226368    0.975195    0.013453   -0.380778   -0.713137        4.344456       -2.611178    7.476253    2.666398    0.028933    7.950192
    0.228856    0.974855    0.020843   -0.366524   -0.705258        4.375933       -2.609981    7.597411    2.725456    0.028933    7.950192
    0.231343    0.974372    0.027951   -0.352332   -0.696351        4.402912       -2.608848    7.718518    2.784456    0.028933    7.950192
    0.233831    0.973752    0.034779   -0.338223   -0.686521        4.424443       -2.607795    7.839556    2.843377    0.028933    7.950192
    0.236318    0.972999    0.041329   -0.324212   -0.675889        4.440019       -2.606833    7.960509    2.902201    0.028933    7.950192
    0.238806    0.972119    0.047603   -0.310313   -0.664583        4.449543       -2.605971    8.081361    2.960911    0.028933    7.950192
    0.241294    0.971119    0.053604   -0.296540   -0.652728        4.453254       -2.605211    8.202096    3.019490    0.028933    7.950192
    0.243781    0.970002    0.059333   -0.282902   -0.640446        4.451637       -2.604553    8.322699    3.077924    0.028933    7.950192
    0.246269    0.968775    0.064794   -0.269407   -0.627844        4.445331       -2.603994    8.443156    3.136197    0.028933    7.950192
    0.248756    0.967443    0.069990   -0.256060   -0.615019        4.435052       -2.603529    8.563454    3.194296    0.028933    7.950192
    0.251244    0.966011    0.074923   -0.242866   -0.602050        4.421528       -2.603151    8.683581    3.252208    0.028933    7.950192
    0.253731    0.964484    0.079597   -0.229828   -0.589007        4.405454       -2.602853    8.803523    3.309923    0.028933    7.950192
    0.256219    0.962867    0.084015   -0.216949   -0.575942        4.387466       -2.602628    8.923270    3.367429    0.028933    7.950192
    0.258706    0.961166    0.088179   -0.204229   -0.562898        4.368119       -2.602468    9.042812    3.424717    0.028933    7.950192
    0.261194    0.959386    0.092094   -0.191669   -0.549908        4.347889       -2.602366    9.162136    3.481777    0.028933    7.950192
    0.263682    0.957530    0.095762   -0.179269   -0.536995        4.327169       -2.602315    9.281235    3.538601    0.028933    7.950192
    0.266169    0.955605    0.099186   -0.167031   -0.524175        4.306280       -2.602309    9.400099    3.595182    0.028933    7.950192
    0.268657    0.953615    0.102369   -0.154953   -0.511459        4.285473       -2.602341    9.518719    3.651513    0.028933    7.950192
    0.271144    0.951565    0.105316   -0.143036   -0.498855        4.264943       -2.602407    9.637089    3.707588    0.028933    7.950192
    0.273632    0.949459    0.108028   -0.131281   -0.486363        4.244836       -2.602501    9.755200    3.763403    0.028933    7.950192
    0.276119    0.947302    0.110509   -0.119686   -0.473986        4.225259       -2.602621    9.873046    3.818951    0.028933    7.950192
    0.278607    0.945098    0.112763   -0.108253   -0.461721        4.206284       -2.602761    9.990622    3.874230    0.028933    7.950192
    0.281095    0.942853    0.114792   -0.096982   -0.449566        4.187959       -2.602919   10.107921    3.929236    0.028933    7.950192
    0.283582    0.940569    0.116600   -0.085875   -0.437518        4.170311       -2.603093   10.224938    3.983966    0.028933    7.950192
    0.286070    0.938253    0.118190   -0.074932   -0.425572        4.153349       -2.603279   10.341670    4.038418    0.028933    7.950192
    0.288557    0.935907    0.119565   -0.064154   -0.413725        4.137073       -2.603475   10.458111    4.092590    0.028933    7.950192
    0.291045    0.933536    0.120728   -0.053544   -0.401973        4.121472       -2.603680   10.574260    4.146482    0.028933    7.950192
    0.293532    0.931145    0.121684   -0.043102   -0.390312        4.106529       -2.603893   10.690113    4.200093    0.028933    7.950192
    0.296020    0.928736    0.122434   -0.032832   -0.378738        4.092222       -2.604111   10.805668    4.253423    0.028933    7.950192
    0.298507    0.926315    0.122983   -0.022735   -0.367249        4.078526       -2.604334   10.920922    4.306472    0.028933    7.950192
    0.300995    0.923886    0.123335   -0.012814   -0.355843        4.065414       -2.604561   11.035875    4.359241    0.028933    7.950192
    0.303483    0.921451    0.123491   -0.003071   -0.344517        4.052858       -2.604791   11.150526    4.411731    0.028933    7.950192
    0.305970    0.919015    0.123457    0.006490   -0.333270        4.040831       -2.605023   11.264874    4.463943    0.028933    7.950192
    0.308458    0.916581    0.123236    0.015867   -0.322101        4.029303       -2.605256   11.378920    4.515881    0.028933    7.950192
    0.310945    0.914154    0.122831    0.025057   -0.311009        4.018247       -2.605490   11.492663    4.567546    0.028933    7.950192
    0.313433    0.911736    0.122246    0.034055   -0.299994        4.007636       -2.605725   11.606106    4.618941    0.028933    7.950192
    0.315920    0.909332    0.121485    0.042860   -0.289057        3.997444       -2.605960   11.719248    4.670069    0.028933    7.950192
    0.318408    0.906944    0.120552    0.051467   -0.278198        3.987646       -2.606195   11.832093    4.720934    0.028933    7.950192
    0.320896    0.904576    0.119451    0.059873   -0.267418        3.978219       -2.606430   11.944643    4.771538    0.028933    7.950192
    0.323383    0.902232    0.118185    0.068075   -0.256720        3.969140       -2.606664   12.056900    4.821887    0.028933    7.950192
    0.325871    0.899914    0.116760    0.076067   -0.246104        3.960387       -2.606897   12.168867    4.871985    0.028933    7.950192
    0.328358    0.897625    0.115178    0.083848   -0.235573        3.951940       -2.607129   12.280548    4.921835    0.028933    7.950192
    0.330846    0.895369    0.113445    0.091413   -0.225129        3.943781       -2.607360   12.391946    4.971443    0.028933    7.950192
    0.333333    0.893148    0.111564    0.098758   -0.214775        3.935891       -2.607591   12.503066    5.020814    0.028933    7.950192
    0.335821    0.890966    0.109540    0.105879   -0.204513        3.928254       -2.607820   12.613913    5.069952    0.028933    7.950192
    0.338308    0.888825    0.107378    0.112774   -0.194347        3.920853       -2.608047   12.724491    5.118865    0.028933    7.950192
    0.340796    0.886728    0.105081    0.119438   -0.184278        3.913673       -2.608274   12.834806    5.167556    0.028933    7.950192
    0.343284    0.884678    0.102655    0.125867   -0.174311        3.906701       -2.608499   12.944863    5.216032    0.028933    7.950192
    0.345771    0.882676    0.100104    0.132059   -0.164448        3.899923       -2.608723   13.054668    5.264298    0.028933    7.950192
    0.348259    0.880726    0.097433    0.138010   -0.154693        3.893327       -2.608946   13.164227    5.312362    0.028933    7.950192
    0.350746    0.878829    0.094647    0.143717   -0.145048        3.886901       -2.609167   13.273548    5.360229    0.028933    7.950192
    0.353234    0.876988    0.091750    0.149176   -0.135517        3.880634       -2.609387   13.382636    5.407906    0.028933    7.950192
    0.355721    0.875206    0.088748    0.154384   -0.126103        3.874516       -2.609606   13.491500    5.455399    0.028933    7.950192
    0.358209    0.873483    0.085646    0.159340   -0.116808        3.868536       -2.609824   13.600145    5.502715    0.028933    7.950192
    0.360697    0.871823    0.082447    0.164039   -0.107637        3.862685       -2.610041   13.708580    5.549861    0.028933    7.950192
    0.363184    0.870227    0.079159    0.168480   -0.098592        3.856955       -2.610256   13.816813    5.596843    0.028933    7.950192
    0.365672    0.868696    0.075785    0.172661   -0.089675        3.851338       -2.610470   13.924852    5.643670    0.028933    7.950192
    0.368159    0.867232    0.072331    0.176579   -0.080889        3.845825       -2.610684   14.032704    5.690347    0.028933    7.950192
    0.370647    0.865838    0.068803    0.180232   -0.072237        3.840409       -2.610896   14.140379    5.736883    0.028933    7.950192
    0.373134    0.864514    0.065204    0.183620   -0.063720        3.835082       -2.611107   14.247885    5.783284    0.028933    7.950192
    0.375622    0.863261    0.061542    0.186741   -0.055342        3.829839       -2.611318   14.355231    5.829558    0.028933    7.950192
    0.378109    0.862081    0.057820    0.189593   -0.047105        3.824673       -2.611527   14.462426    5.875712    0.028933    7.950192
    0.380597    0.860976    0.054045    0.192177   -0.039009        3.819577       -2.611736   14.569479    5.921754    0.028933    7.950192
    0.383085    0.859945    0.050221    0.194491   -0.031057        3.814545       -2.611944   14.676399    5.967691    0.028933    7.950192
    0.385572    0.858990    0.046354    0.196536   -0.023251        3.809573       -2.612152   14.783195    6.013532    0.028933    7.950192
    0.388060    0.858113    0.042449    0.198311   -0.015591        3.804653       -2.612359   14.889878    6.059283    0.028933    7.950192
    0.390547    0.857312    0.038511    0.199818   -0.008078        3.799782       -2.612565   14.996457    6.104952    0.028933    7.950192
    0.393035    0.856590    0.034547    0.201057   -0.000715        3.794954       -2.612771   15.102941    6.150547    0.028933    7.950192
    0.395522    0.855946    0.030561    0.202028    0.006499        3.790165       -2.612976   15.209340    6.196075    0.028933    7.950192
    0.398010    0.855381    0.026558    0.202734    0.013563        3.785408       -2.613181   15.315664    6.241545    0.028933    7.950192
    0.400498    0.854896    0.022544    0.203176    0.020477        3.780680       -2.613385   15.421923    6.286964    0.028933    7.950192
    0.402985    0.854490    0.018523    0.203356    0.027239        3.775977       -2.613589   15.528126    6.332340    0.028933    7.950192
    0.405473    0.854163    0.014502    0.203277    0.033851        3.771293       -2.613793   15.634284    6.377680    0.028933    7.950192
    0.407960    0.853916    0.010485    0.202941    0.040311        3.766624       -2.613997   15.740406    6.422992    0.028933    7.950192
    0.410448    0.853749    0.006477    0.202351    0.046621        3.761967       -2.614200   15.846502    6.468284    0.028933    7.950192
    0.412935    0.853660    0.002483    0.201510    0.052780        3.757316       -2.614404   15.952583    6.513564    0.028933    7.950192
    0.415423    0.853650   -0.001492    0.200423    0.058788        3.752668       -2.614607   16.058657    6.558839    0.028933    7.950192
    0.417910    0.853719   -0.005443    0.199092    0.064646        3.748018       -2.614811   16.164735    6.604117    0.028933    7.950192
    0.420398    0.853865   -0.009365    0.197521    0.070355        3.743363       -2.615014   16.270827    6.649406    0.028933    7.950192
    0.422886    0.854089   -0.013254    0.195717    0.075915        3.738698       -2.615218   16.376941    6.694712    0.028933    7.950192
    0.425373    0.854389   -0.017105    0.193682    0.081326        3.734019       -2.615422   16.483088    6.740044    0.028933    7.950192
    0.427861    0.854765   -0.020913    0.191422    0.086589        3.729321       -2.615626   16.589277    6.785409    0.028933    7.950192
    0.430348    0.855216   -0.024675    0.188942    0.091705        3.724601       -2.615830   16.695517    6.830814    0.028933    7.950192
    0.432836    0.855741   -0.028385    0.186247    0.096674        3.719855       -2.616035   16.801818    6.876267    0.028933    7.950192
    0.435323    0.856338   -0.032040    0.183343    0.101497        3.715078       -2.616240   16.908189    6.921774    0.028933    7.950192
    0.437811    0.857007   -0.035635    0.180236    0.106174        3.710265       -2.616445   17.014639    6.967344    0.028933    7.950192
    0.440299    0.857747   -0.039168    0.176932    0.110707        3.705413       -2.616651   17.121176    7.012983    0.028933    7.950192
    0.442786    0.858556   -0.042632    0.173436    0.115095        3.700516       -2.616858   17.227809    7.058698    0.028933    7.950192
    0.445274    0.859432   -0.046026    0.169756    0.119338        3.695571       -2.617065   17.334547    7.104496    0.028933    7.950192
    0.447761    0.860375   -0.049346    0.165898    0.123438        3.690572       -2.617272   17.441398    7.150385    0.028933    7.950192
    0.450249    0.861383   -0.052587    0.161867    0.127393        3.685515       -2.617481   17.548370    7.196370    0.028933    7.950192
    0.452736    0.862454   -0.055747    0.157672    0.131205        3.680394       -2.617690   17.655471    7.242458    0.028933    7.950192
    0.455224    0.863586   -0.058822    0.153319    0.134874        3.675204       -2.617900   17.762710    7.288656    0.028933    7.950192
    0.457711    0.864778   -0.061810    0.148815    0.138398        3.669941       -2.618111   17.870092    7.334970    0.028933    7.950192
    0.460199    0.866029   -0.064707    0.144166    0.141778        3.664598       -2.618322   17.977627    7.381407    0.028933    7.950192
    0.462687    0.867335   -0.067512    0.139380    0.145013        3.659171       -2.618535   18.085320    7.427973    0.028933    7.950192
    0.465174    0.868696   -0.070220    0.134465    0.148102        3.653652       -2.618748   18.193179    7.474674    0.028933    7.950192
    0.467662    0.870110   -0.072829    0.129427    0.151045        3.648036       -2.618962   18.301211    7.521515    0.028933    7.950192
    0.470149    0.871574   -0.075338    0.124274    0.153841        3.642316       -2.619177   18.409421    7.568502    0.028933    7.950192
    0.472637    0.873086   -0.077744    0.119012    0.156488        3.636487       -2.619394   18.517816    7.615642    0.028933    7.950192
    0.475124    0.874645   -0.080045    0.113650    0.158984        3.630540       -2.619611   18.626402    7.662939    0.028933    7.950192
    0.477612    0.876248   -0.082239    0.108194    0.161330        3.624469       -2.619830   18.735185    7.710399    0.028933    7.950192
    0.480100    0.877893   -0.084324    0.102653    0.163521        3.618267       -2.620049   18.844169    7.758026    0.028933    7.950192
    0.482587    0.879579   -0.086298    0.097032    0.165558        3.611925       -2.620270   18.953361    7.805827    0.028933    7.950192
    0.485075    0.881302   -0.088161    0.091341    0.167436        3.605435       -2.620492   19.062764    7.853805    0.028933    7.950192
    0.487562    0.883061   -0.089911    0.085585    0.169154        3.598789       -2.620715   19.172383    7.901965    0.028933    7.950192
    0.490050    0.884853   -0.091546    0.079772    0.170709        3.591977       -2.620939   19.282223    7.950312    0.028933    7.950192
    0.492537    0.886676   -0.093066    0.073910    0.172098        3.584991       -2.621164   19.392288    7.998850    0.028933    7.950192
    0.495025    0.888527   -0.094469    0.068006    0.173318        3.577821       -2.621391   19.502581    8.047583    0.028933    7.950192
    0.497512    0.890406   -0.095755    0.062067    0.174366        3.570456       -2.621618   19.613106    8.096515    0.028933    7.950192
    0.500000    0.892308   -0.096924    0.056100    0.175237        3.562885       -2.621847   19.723866    8.145649    0.028933    7.950192
    0.502488    0.894233   -0.097974    0.050113    0.175928        3.555099       -2.622077   19.834864    8.194990    0.028933    7.950192
    0.504975    0.896177   -0.098906    0.044112    0.176434        3.547084       -2.622307   19.946102    8.244539    0.028933    7.950192
    0.507463    0.898138   -0.099719    0.038105    0.176753        3.538829       -2.622539   20.057582    8.294300    0.028933    7.950192
    0.509950    0.900113   -0.100413    0.032099    0.176877        3.530321       -2.622771   20.169307    8.344276    0.028933    7.950192
    0.512438    0.902102   -0.100988    0.026101    0.176804        3.521547       -2.623004   20.281279    8.394470    0.028933    7.950192
    0.514925    0.904100   -0.101445    0.020118    0.176527        3.512494       -2.623238   20.393498    8.444883    0.028933    7.950192
    0.517413    0.906107   -0.101784    0.014157    0.176041        3.503147       -2.623473   20.505966    8.495518    0.028933    7.950192
    0.519900    0.908118   -0.102006    0.008225    0.175341        3.493491       -2.623708   20.618684    8.546377    0.028933    7.950192
    0.522388    0.910134   -0.102110    0.002329    0.174421        3.483512       -2.623943   20.731652    8.597460    0.028933    7.950192
    0.524876    0.912149   -0.102098   -0.003524    0.173274        3.473194       -2.624178   20.844871    8.648771    0.028933    7.950192
    0.527363    0.914164   -0.101971   -0.009327    0.171894        3.462520       -2.624412   20.958340    8.700309    0.028933    7.950192
    0.529851    0.916175   -0.101729   -0.015072    0.170274        3.451475       -2.624647   21.072059    8.752075    0.028933    7.950192
    0.532338    0.918180   -0.101375   -0.020754    0.168407        3.440042       -2.624880   21.186027    8.804071    0.028933    7.950192
    0.534826    0.920177   -0.100909   -0.026364    0.166287        3.428205       -2.625113   21.300244    8.856295    0.028933    7.950192
    0.537313    0.922164   -0.100333   -0.031896    0.163906        3.415946       -2.625344   21.414709    8.908750    0.028933    7.950192
    0.539801    0.924138   -0.099648   -0.037343    0.161256        3.403249       -2.625573   21.529420    8.961433    0.028933    7.950192
    0.542289    0.926098   -0.098856   -0.042698    0.158329        3.390099       -2.625800   21.644375    9.014345    0.028933    7.950192
    0.544776    0.928041   -0.097960   -0.047953    0.155117        3.376478       -2.626024   21.759573    9.067485    0.028933    7.950192
    0.547264    0.929966   -0.096960   -0.053101    0.151613        3.362373       -2.626244   21.875012    9.120852    0.028933    7.950192
    0.549751    0.931870   -0.095860   -0.058135    0.147808        3.347771       -2.626460   21.990688    9.174444    0.028933    7.950192
    0.552239    0.933751   -0.094662   -0.063048    0.143692        3.332658       -2.626671   22.106599    9.228261    0.028933    7.950192
    0.554726    0.935608   -0.093367   -0.067833    0.139259        3.317025       -2.626877   22.222742    9.282300    0.028933    7.950192
    0.557214    0.937438   -0.091980   -0.072481    0.134500        3.300865       -2.627076   22.339115    9.336559    0.028933    7.950192
    0.559701    0.939240   -0.090501   -0.076986    0.129406        3.284174       -2.627267   22.455713    9.391036    0.028933    7.950192
    0.562189    0.941012   -0.088936   -0.081339    0.123968        3.266951       -2.627449   22.572534    9.445728    0.028933    7.950192
    0.564677    0.942753   -0.087285   -0.085534    0.118180        3.249201       -2.627622   22.689572    9.500633    0.028933    7.950192
    0.567164    0.944460   -0.085554   -0.089563    0.112033        3.230935       -2.627783   22.806825    9.555747    0.028933    7.950192
    0.569652    0.946132   -0.083744   -0.093418    0.105521        3.212170       -2.627931   22.924288    9.611066    0.028933    7.950192
    0.572139    0.947768   -0.081860   -0.097090    0.098637        3.192930       -2.628064   23.041956    9.666589    0.028933    7.950192
    0.574627    0.949366   -0.079905   -0.100574    0.091375        3.173250       -2.628182   23.159826    9.722310    0.028933    7.950192
    0.577114    0.950924   -0.077883   -0.103859    0.083731        3.153175       -2.628281   23.277891    9.778225    0.028933    7.950192
    0.579602    0.952443   -0.075798   -0.106940    0.075702        3.132761       -2.628360   23.396148    9.834331    0.028933    7.950192
    0.582090    0.953919   -0.073655   -0.109807    0.067287        3.112079       -2.628417   23.514591    9.890622    0.028933    7.950192
    0.584577    0.955353   -0.071457   -0.112453    0.058484        3.091215       -2.628449   23.633214    9.947094    0.028933    7.950192
    0.587065    0.956743   -0.069208   -0.114871    0.049296        3.070271       -2.628453   23.752013   10.003743    0.028933    7.950192
    0.589552    0.958088   -0.066915   -0.117053    0.039729        3.049368       -2.628428   23.870982   10.060562    0.028933    7.950192
    0.592040    0.959387   -0.064580   -0.118992    0.029789        3.028647       -2.628370   23.990115   10.117548    0.028933    7.950192
    0.594527    0.960640   -0.062210   -0.120680    0.019489        3.008269       -2.628276   24.109407   10.174694    0.028933    7.950192
    0.597015    0.961846   -0.059808   -0.122111    0.008841        2.988419       -2.628143   24.228852   10.231995    0.028933    7.950192
    0.599502    0.963004   -0.057382   -0.123279   -0.002135        2.969303       -2.627969   24.348443   10.289445    0.028933    7.950192
    0.601990    0.964114   -0.054934   -0.124176   -0.013415        2.951149       -2.627749   24.468175   10.347039    0.028933    7.950192
    0.604478    0.965176   -0.052472   -0.124799   -0.024972        2.934208       -2.627481   24.588043   10.404771    0.028933    7.950192
    0.606965    0.966189   -0.050000   -0.125143   -0.036771        2.918751       -2.627162   24.708039   10.462634    0.028933    7.950192
    0.609453    0.967153   -0.047524   -0.125203   -0.048773        2.905067       -2.626788   24.828158   10.520623    0.028933    7.950192
    0.611940    0.968068   -0.045050   -0.124976   -0.060933        2.893457       -2.626356   24.948394   10.578732    0.028933    7.950192
    0.614428    0.968934   -0.042583   -0.124461   -0.073199        2.884235       -2.625864   25.068740   10.636954    0.028933    7.950192
    0.616915    0.969751   -0.040129   -0.123656   -0.085512        2.877718       -2.625310   25.189191   10.695283    0.028933    7.950192
    0.619403    0.970521   -0.037693   -0.122563   -0.097809        2.874220       -2.624690   25.309741   10.753714    0.028933    7.950192
    0.621891    0.971242   -0.035283   -0.121182   -0.110018        2.874044       -2.624003   25.430383   10.812240    0.028933    7.950192
    0.624378    0.971916   -0.032902   -0.119517   -0.122062        2.877476       -2.623248   25.551112   10.870855    0.028933    7.950192
    0.626866    0.972544   -0.030557   -0.117572   -0.133861        2.884773       -2.622424   25.671922   10.929553    0.028933    7.950192
    0.629353    0.973125   -0.028254   -0.115355   -0.145328        2.896157       -2.621530   25.792807   10.988328    0.028933    7.950192
    0.631841    0.973661   -0.025996   -0.112874   -0.156372        2.911805       -2.620568   25.913761   11.047175    0.028933    7.950192
    0.634328    0.974153   -0.023791   -0.110139   -0.166900        2.931840       -2.619537   26.034779   11.106087    0.028933    7.950192
    0.636816    0.974602   -0.021642   -0.107162   -0.176818        2.956327       -2.618440   26.155856   11.165059    0.028933    7.950192
    0.639303    0.975010   -0.019554   -0.103957   -0.186031        2.985266       -2.617279   26.276986   11.224086    0.028933    7.950192
    0.641791    0.975376   -0.017531   -0.100540   -0.194445        3.018593       -2.616056   26.398164   11.283162    0.028933    7.950192
    0.644279    0.975704   -0.015578   -0.096930   -0.201969        3.056175       -2.614776   26.519385   11.342282    0.028933    7.950192
    0.646766    0.975993   -0.013698   -0.093145   -0.208515        3.097814       -2.613442   26.640644   11.401441    0.028933    7.950192
    0.649254    0.976246   -0.011895   -0.089207   -0.214002        3.143251       -2.612059   26.761937   11.460635    0.028933    7.950192
    0.651741    0.976464   -0.010171   -0.085139   -0.218354        3.192173       -2.610632   26.883259   11.519858    0.028933    7.950192
    0.654229    0.976649   -0.008528   -0.080965   -0.221502        3.244222       -2.609166   27.004606   11.579107    0.028933    7.950192
    0.656716    0.976802   -0.006969   -0.076712   -0.223386        3.299002       -2.607666   27.125975   11.638377    0.028933    7.950192
    0.659204    0.976925   -0.005494   -0.072406   -0.223955        3.356091       -2.606138   27.247360   11.697665    0.028933    7.950192
    0.661692    0.977020   -0.004105   -0.068075   -0.223169        3.415050       -2.604587   27.368759   11.756966    0.028933    7.950192
    0.664179    0.977088   -0.002802   -0.063747   -0.220995        3.475438       -2.603020   27.490168   11.816277    0.028933    7.950192
    0.666667    0.977131   -0.001584   -0.059453   -0.217411        3.536817       -2.601441   27.611584   11.875595    0.028933    7.950192
    0.669154    0.977151   -0.000450   -0.055220   -0.212406        3.598762       -2.599855   27.733003   11.934918    0.028933    7.950192
    0.671642    0.977149    0.000601   -0.051079   -0.205975        3.660870       -2.598267   27.854424   11.994241    0.028933    7.950192
    0.674129    0.977128    0.001571   -0.047059   -0.198126        3.722766       -2.596681   27.975844   12.053563    0.028933    7.950192
    0.676617    0.977088    0.002463   -0.043190   -0.188872        3.784105       -2.595102   28.097259   12.112881    0.028933    7.950192
    0.679104    0.977031    0.003281   -0.039500   -0.178234        3.844577       -2.593534   28.218669   12.172193    0.028933    7.950192
    0.681592    0.976958    0.004027   -0.036019   -0.166242        3.903908       -2.591979   28.340071   12.231497    0.028933    7.950192
    0.684080    0.976872    0.004707   -0.032773   -0.152929        3.961861       -2.590441   28.461462   12.290791    0.028933    7.950192
    0.686567    0.976773    0.005325   -0.029790   -0.138337        4.018232       -2.588921   28.582842   12.350074    0.028933    7.950192
    0.689055    0.976662    0.005887   -0.027096   -0.122511        4.072851       -2.587424   28.704209   12.409343    0.028933    7.950192
    0.691542    0.976540    0.006399   -0.024715   -0.105498        4.125582       -2.585949   28.825562   12.468599    0.028933    7.950192
    0.694030    0.976409    0.006867   -0.022672   -0.087352        4.176313       -2.584499   28.946899   12.527839    0.028933    7.950192
    0.696517    0.976269    0.007298   -0.020989   -0.068128        4.224958       -2.583075   29.068219   12.587062    0.028933    7.950192
    0.699005    0.976120    0.007700   -0.019687   -0.047883        4.271453       -2.581679   29.189521   12.646268    0.028933    7.950192
    0.701493    0.975964    0.008079   -0.018788   -0.026678        4.315753       -2.580310   29.310804   12.705455    0.028933    7.950192
    0.703980    0.975801    0.008445   -0.018309   -0.004573        4.357824       -2.578971   29.432067   12.764622    0.028933    7.950192
    0.706468    0.975630    0.008806   -0.018268    0.018370        4.397647       -2.577661   29.553310   12.823769    0.028933    7.950192
    0.708955    0.975453    0.009171   -0.018681    0.042087        4.435211       -2.576381   29.674531   12.882895    0.028933    7.950192
    0.711443    0.975268    0.009548   -0.019563    0.066513        4.470510       -2.575131   29.795729   12.941998    0.028933    7.950192
    0.713930    0.975075    0.009948   -0.020926    0.091586        4.503542       -2.573913   29.916904   13.001078    0.028933    7.950192
    0.716418    0.974874    0.010379   -0.022784    0.117239        4.534309       -2.572726   30.038054   13.060135    0.028933    7.950192
    0.718905    0.974664    0.010852   -0.025144    0.143407        4.562810       -2.571571   30.159179   13.119166    0.028933    7.950192
    0.721393    0.974444    0.011377   -0.028018    0.170025        4.589046       -2.570448   30.280277   13.178171    0.028933    7.950192
    0.723881    0.974214    0.011964   -0.031411    0.197027        4.613014       -2.569359   30.401348   13.237148    0.028933    7.950192
    0.726368    0.973971    0.012623   -0.035329    0.224347        4.634713       -2.568303   30.522388   13.296096    0.028933    7.950192
    0.728856    0.973714    0.013365   -0.039777    0.251918        4.654135       -2.567282   30.643398   13.355013    0.028933    7.950192
    0.731343    0.973441    0.014200   -0.044758    0.279676        4.671273       -2.566296   30.764375   13.413898    0.028933    7.950192
    0.733831    0.973151    0.015139   -0.050273    0.307554        4.686120       -2.565346   30.885317   13.472748    0.028933    7.950192
    0.736318    0.972842    0.016192   -0.056321    0.335485        4.698667       -2.564433   31.006222   13.531561    0.028933    7.950192
    0.738806    0.972510    0.017370   -0.062902    0.363404        4.708908       -2.563558   31.127087   13.590334    0.028933    7.950192
    0.741294    0.972154    0.018683   -0.070012    0.391246        4.716838       -2.562723   31.247909   13.649064    0.028933    7.950192
    0.743781    0.971770    0.020143   -0.077647    0.418944        4.722462       -2.561929   31.368686   13.707748    0.028933    7.950192
    0.746269    0.971356    0.021758   -0.085801    0.446434        4.725787       -2.561175   31.489412   13.766382    0.028933    7.950192
    0.748756    0.970909    0.023540   -0.094466    0.473653        4.726832       -2.560465   31.610086   13.824962    0.028933    7.950192
    0.751244    0.970424    0.025498   -0.103635    0.500537        4.725629       -2.559798   31.730701   13.883484    0.028933    7.950192
    0.753731    0.969899    0.027642   -0.113298    0.527026        4.722222       -2.559176   31.851254   13.941941    0.028933    7.950192
    0.756219    0.969330    0.029982   -0.123443    0.553059        4.716670       -2.558600   31.971739   14.000329    0.028933    7.950192
    0.758706    0.968712    0.032528   -0.134059    0.578579        4.709051       -2.558070   32.092150   14.058641    0.028933    7.950192
    0.761194    0.968042    0.035288   -0.145131    0.603531        4.699460       -2.557587   32.212481   14.116871    0.028933    7.950192
    0.763682    0.967315    0.038271   -0.156646    0.627863        4.688010       -2.557151   32.332725   14.175011    0.028933    7.950192
    0.766169    0.966527    0.041486   -0.168589    0.651525        4.674831       -2.556763   32.452876   14.233053    0.028933    7.950192
    0.768657    0.965673    0.044942   -0.180942    0.674472        4.660070       -2.556421   32.572924   14.290989    0.028933    7.950192
    0.771144    0.964748    0.048646   -0.193690    0.696662        4.643891       -2.556125   32.692862   14.348808    0.028933    7.950192
    0.773632    0.963748    0.052605   -0.206813    0.718057        4.626467       -2.555876   32.812680   14.406502    0.028933    7.950192
    0.776119    0.962667    0.056828   -0.220295    0.738626        4.607984       -2.555671   32.932369   14.464059    0.028933    7.950192
    0.778607    0.961500    0.061321   -0.234116    0.758338        4.588632       -2.555509   33.051919   14.521467    0.028933    7.950192
    0.781095    0.960241    0.066090   -0.248257    0.777170        4.568604       -2.555388   33.171317   14.578715    0.028933    7.950192
    0.783582    0.958886    0.071142   -0.262697    0.795103        4.548092       -2.555307   33.290554   14.635788    0.028933    7.950192
    0.786070    0.957428    0.076483   -0.277419    0.812122        4.527284       -2.555264   33.409615   14.692673    0.028933    7.950192
    0.788557    0.955862    0.082117   -0.292401    0.828216        4.506359       -2.555256   33.528489   14.749355    0.028933    7.950192
    0.791045    0.954181    0.088050   -0.307625    0.843379        4.485486       -2.555280   33.647161   14.805818    0.028933    7.950192
    0.793532    0.952381    0.094286   -0.323069    0.857609        4.464817       -2.555335   33.765617   14.862045    0.028933    7.950192
    0.796020    0.950456    0.100830   -0.338715    0.870907        4.444494       -2.555418   33.883842   14.918019    0.028933    7.950192
    0.798507    0.948398    0.107684   -0.354544    0.883277        4.424638       -2.555525   34.001819   14.973721    0.028933    7.950192
    0.800995    0.946203    0.114854   -0.370536    0.894726        4.405352       -2.555655   34.119532   15.029132    0.028933    7.950192
    0.803483    0.943863    0.122341   -0.386672    0.905264        4.386726       -2.555805   34.236964   15.084231    0.028933    7.950192
    0.805970    0.941374    0.130149   -0.402936    0.914904        4.368827       -2.555973   34.354095   15.138998    0.028933    7.950192
    0.808458    0.938728    0.138279   -0.419307    0.923658        4.351709       -2.556156   34.470907   15.193410    0.028933    7.950192
    0.810945    0.935920    0.146734   -0.435771    0.931541        4.335409       -2.556351   34.587381   15.247444    0.028933    7.950192
    0.813433    0.932943    0.155516   -0.452309    0.938570        4.319951       -2.556557   34.703495   15.301077    0.028933    7.950192
    0.815920    0.929791    0.164625   -0.468905    0.944762        4.305344       -2.556772   34.819229   15.354284    0.028933    7.950192
    0.818408    0.926459    0.174063   -0.485545    0.950133        4.291590       -2.556994   34.934559   15.407040    0.028933    7.950192
    0.820896    0.922939    0.183830   -0.502211    0.954701        4.278677       -2.557221   35.049465   15.459319    0.028933    7.950192
    0.823383    0.919226    0.193927   -0.518891    0.958485        4.266588       -2.557453   35.163920   15.511095    0.028933    7.950192
    0.825871    0.915315    0.204354   -0.535569    0.961501        4.255300       -2.557686   35.277903   15.562339    0.028933    7.950192
    0.828358    0.911198    0.215110   -0.552232    0.963767        4.244782       -2.557921   35.391386   15.613024    0.028933    7.950192
    0.830846    0.906870    0.226196   -0.568867    0.965300        4.235004       -2.558156   35.504345   15.663122    0.028933    7.950192
    0.833333    0.902325    0.237611   -0.585461    0.966118        4.225928       -2.558390   35.616752   15.712604    0.028933    7.950192
    0.835821    0.897558    0.249353   -0.602003    0.966236        4.217519       -2.558623   35.728581   15.761441    0.028933    7.950192
    0.838308    0.892562    0.261421   -0.618481    0.965670        4.209739       -2.558853   35.839804   15.809604    0.028933    7.950192
    0.840796    0.887333    0.273815   -0.634883    0.964435        4.202549       -2.559081   35.950391   15.857062    0.028933    7.950192
    0.843284    0.881865    0.286532   -0.651198    0.962548        4.195912       -2.559306   36.060314   15.903786    0.028933    7.950192
    0.845771    0.876153    0.299572   -0.667418    0.960021        4.189792       -2.559527   36.169542   15.949748    0.028933    7.950192
    0.848259    0.870191    0.312930   -0.683530    0.956869        4.184151       -2.559744   36.278045   15.994916    0.028933    7.950192
    0.850746    0.863975    0.326607   -0.699527    0.953105        4.178958       -2.559956   36.385792   16.039262    0.028933    7.950192
    0.853234    0.857500    0.340598   -0.715399    0.948743        4.174178       -2.560165   36.492750   16.082757    0.028933    7.950192
    0.855721    0.850761    0.354902   -0.731136    0.943794        4.169780       -2.560368   36.598887   16.125373    0.028933    7.950192
    0.858209    0.843753    0.369516   -0.746732    0.938271        4.165736       -2.560568   36.704170   16.167082    0.028933    7.950192
    0.860697    0.836474    0.384437   -0.762176    0.932186        4.162019       -2.560762   36.808565   16.207856    0.028933    7.950192
    0.863184    0.828918    0.399661   -0.777463    0.925550        4.158602       -2.560952   36.912039   16.247670    0.028933    7.950192
    0.865672    0.821082    0.415187   -0.792584    0.918375        4.155461       -2.561137   37.014556   16.286499    0.028933    7.950192
    0.868159    0.812963    0.431009   -0.807532    0.910671        4.152575       -2.561317   37.116083   16.324319    0.028933    7.950192
    0.870647    0.804557    0.447126   -0.822299    0.902448        4.149922       -2.561493   37.216582   16.361106    0.028933    7.950192
    0.873134    0.795860    0.463533   -0.836881    0.893718        4.147485       -2.561664   37.316019   16.396839    0.028933    7.950192
    0.875622    0.786871    0.480226   -0.851269    0.884491        4.145245       -2.561831   37.414357   16.431500    0.028933    7.950192
    0.878109    0.777587    0.497202   -0.865457    0.874776        4.143185       -2.561994   37.511560   16.465069    0.028933    7.950192
    0.880597    0.768005    0.514456   -0.879441    0.864583        4.141293       -2.562152   37.607591   16.497530    0.028933    7.950192
    0.883085    0.758123    0.531985   -0.893213    0.853922        4.139552       -2.562307   37.702412   16.528870    0.028933    7.950192
    0.885572    0.747941    0.549784   -0.906769    0.842804        4.137952       -2.562457   37.795987   16.559075    0.028933    7.950192
    0.888060    0.737456    0.567849   -0.920103    0.831236        4.136480       -2.562604   37.888278   16.588136    0.028933    7.950192
    0.890547    0.726668    0.586176   -0.933210    0.819230        4.135125       -2.562747   37.979247   16.616045    0.028933    7.950192
    0.893035    0.715576    0.604759   -0.946085    0.806794        4.133879       -2.562886   38.068857   16.642796    0.028933    7.950192
    0.895522    0.704180    0.623595   -0.958723    0.793937        4.132733       -2.563022   38.157069   16.668387    0.028933    7.950192
    0.898010    0.692479    0.642678   -0.971120    0.780670        4.131677       -2.563155   38.243847   16.692816    0.028933    7.950192
    0.900498    0.680474    0.662004   -0.983271    0.767001        4.130705       -2.563284   38.329152   16.716086    0.028933    7.950192
    0.902985    0.668166    0.681568   -0.995173    0.752940        4.129811       -2.563411   38.412946   16.738202    0.028933    7.950192
    0.905473    0.655555    0.701365   -1.006820    0.738496        4.128987       -2.563534   38.495192   16.759170    0.028933    7.950192
    0.907960    0.642644    0.721389   -1.018209    0.723678        4.128228       -2.563655   38.575852   16.779002    0.028933    7.950192
    0.910448    0.629434    0.741636   -1.029336    0.708496        4.127529       -2.563773   38.654889   16.797709    0.028933    7.950192
    0.912935    0.615927    0.762101   -1.040197    0.692959        4.126885       -2.563889   38.732267   16.815308    0.028933    7.950192
    0.915423    0.602126    0.782778   -1.050790    0.677076        4.126292       -2.564002   38.807947   16.831816    0.028933    7.950192
    0.917910    0.588033    0.803661   -1.061110    0.660857        4.125746       -2.564114   38.881895   16.847255    0.028933    7.950192
    0.920398    0.573652    0.824746   -1.071155    0.644312        4.125242       -2.564223   38.954074   16.861647    0.028933    7.950192
    0.922886    0.558987    0.846027   -1.080920    0.627449        4.124779       -2.564330   39.024447   16.875019    0.028933    7.950192
    0.925373    0.544042    0.867498   -1.090405    0.610278        4.124352       -2.564435   39.092982   16.887398    0.028933    7.950192
    0.927861    0.528821    0.889154   -1.099604    0.592808        4.123959       -2.564538   39.159641   16.898815    0.028933    7.950192
    0.930348    0.513329    0.910989   -1.108516    0.575050        4.123597       -2.564640   39.224393   16.909304    0.028933    7.950192
    0.932836    0.497572    0.932998   -1.117138    0.557012        4.123265       -2.564740   39.287203   16.918898    0.028933    7.950192
    0.935323    0.481554    0.955174   -1.125468    0.538704        4.122959       -2.564839   39.348039   16.927634    0.028933    7.950192
    0.937811    0.465282    0.977511   -1.133502    0.520137        4.122678       -2.564936   39.406868   16.935550    0.028933    7.950192
    0.940299    0.448762    1.000005   -1.141240    0.501318        4.122420       -2.565032   39.463660   16.942687    0.028933    7.950192
    0.942786    0.432001    1.022649   -1.148677    0.482259        4.122183       -2.565128   39.518385   16.949085    0.028933    7.950192
    0.945274    0.415006    1.045437   -1.155814    0.462968        4.121966       -2.565221   39.571012   16.954786    0.028933    7.950192
    0.947761    0.397785    1.068363   -1.162647    0.443456        4.121767       -2.565315   39.621513   16.959833    0.028933    7.950192
    0.950249    0.380344    1.091422   -1.169174    0.423733        4.121585       -2.565407   39.669860   16.964269    0.028933    7.950192
    0.952736    0.362692    1.114606   -1.175394    0.403807        4.121420       -2.565498   39.716027   16.968138    0.028933    7.950192
    0.955224    0.344838    1.137910   -1.181306    0.383689        4.121269       -2.565589   39.759988   16.971484    0.028933    7.950192
    0.957711    0.326791    1.161328   -1.186907    0.363389        4.121131       -2.565679   39.801718   16.974351    0.028933    7.950192
    0.960199    0.308558    1.184854   -1.192195    0.342917        4.121007       -2.565769   39.841194   16.976782    0.028933    7.950192
    0.962687    0.290150    1.208481   -1.197171    0.322281        4.120894       -2.565859   39.878394   16.978818    0.028933    7.950192
    0.965174    0.271576    1.232204   -1.201832    0.301494        4.120792       -2.565948   39.913296   16.980503    0.028933    7.950192
    0.967662    0.252846    1.256015   -1.206176    0.280563        4.120701       -2.566037   39.945879   16.981876    0.028933    7.950192
    0.970149    0.233970    1.279910   -1.210204    0.259499        4.120620       -2.566126   39.976127   16.982975    0.028933    7.950192
    0.972637    0.214958    1.303881   -1.213913    0.238313        4.120548       -2.566215   40.004020   16.983839    0.028933    7.950192
    0.975124    0.195821    1.327922   -1.217303    0.217014        4.120484       -2.566304   40.029543   16.984501    0.028933    7.950192
    0.977612    0.176569    1.352027   -1.220373    0.195611        4.120428       -2.566394   40.052681   16.984995    0.028933    7.950192
    0.980100    0.157214    1.376189   -1.223122    0.174116        4.120380       -2.566483   40.073420   16.985352    0.028933    7.950192
    0.982587    0.137766    1.400403   -1.225549    0.152537        4.120339       -2.566573   40.091748   16.985598    0.028933    7.950192
    0.985075    0.118237    1.424662   -1.227655    0.130885        4.120304       -2.566664   40.107654   16.985759    0.028933    7.950192
    0.987562    0.098638    1.448959   -1.229437    0.109170        4.120276       -2.566755   40.121129   16.985858    0.028933    7.950192
    0.990050    0.078981    1.473288   -1.230896    0.087403        4.120254       -2.566846   40.132165   16.985912    0.028933    7.950192
    0.992537    0.059277    1.497642   -1.232031    0.065592        4.120237       -2.566939   40.140755   16.985938    0.028933    7.950192
    0.995025    0.039538    1.522016   -1.232842    0.043748        4.120225       -2.567032   40.146895   16.985947    0.028933    7.950192
    0.997512    0.019775    1.546403   -1.233329    0.021880        4.120219       -2.567126   40.150580   16.985950    0.028933    7.950192
    1.000000    0.000000    1.570796   -1.233491    0.000000        4.120216       -2.567222   40.151809   16.985950    0.028933    7.950192
