           t           r         psi          cs          qs               p             sig           A           V          Q2           S
    0.000000    0.000000   -1.570796   -1.182737    0.000000        4.525761       -2.678305    0.000000    0.000000    0.026183    9.723032
    0.002488    0.024183   -1.542191   -1.182539   -0.021885        4.525758       -2.678422    0.001838    0.000000    0.026183    9.723032
    0.004975    0.048347   -1.513596   -1.181943   -0.043757        4.525748       -2.678537    0.007349    0.000005    0.026183    9.723032
    0.007463    0.072471   -1.485020   -1.180951   -0.065601        4.525731       -2.678652    0.016530    0.000026    0.026183    9.723032
    0.009950    0.096536   -1.456473   -1.179562   -0.087399        4.525706       -2.678765    0.029373    0.000081    0.026183    9.723032
    0.012438    0.120522   -1.427964   -1.177778   -0.109135        4.525673       -2.678877    0.045867    0.000197    0.026183    9.723032
    0.014925    0.144410   -1.399503   -1.175598   -0.130792        4.525631       -2.678988    0.065999    0.000407    0.026183    9.723032
    0.017413    0.168181   -1.371100   -1.173025   -0.152353        4.525578       -2.679098    0.089753    0.000752    0.026183    9.723032
    0.019900    0.191816   -1.342763   -1.170059   -0.173803        4.525516       -2.679208    0.117109    0.001277    0.026183    9.723032
    0.022388    0.215296   -1.314503   -1.166701   -0.195125        4.525441       -2.679318    0.148045    0.002034    0.026183    9.723032
    0.024876    0.238603   -1.286329   -1.162953   -0.216302        4.525355       -2.679428    0.182537    0.003082    0.026183    9.723032
    0.027363    0.261719   -1.258251   -1.158817   -0.237318        4.525255       -2.679537    0.220556    0.004484    0.026183    9.723032
    0.029851    0.284627   -1.230277   -1.154294   -0.258157        4.525140       -2.679647    0.262073    0.006306    0.026183    9.723032
    0.032338    0.307309   -1.202417   -1.149388   -0.278803        4.525010       -2.679757    0.307054    0.008620    0.026183    9.723032
    0.034826    0.329750   -1.174680   -1.144099   -0.299241        4.524862       -2.679868    0.355464    0.011500    0.026183    9.723032
    0.037313    0.351932   -1.147076   -1.138431   -0.319453        4.524695       -2.679980    0.407264    0.015022    0.026183    9.723032
    0.039801    0.373840   -1.119613   -1.132387   -0.339426        4.524508       -2.680092    0.462415    0.019265    0.026183    9.723032
    0.042289    0.395459   -1.092302   -1.125969   -0.359142        4.524298       -2.680206    0.520874    0.024309    0.026183    9.723032
    0.044776    0.416776   -1.065149   -1.119180   -0.378587        4.524063       -2.680320    0.582595    0.030235    0.026183    9.723032
    0.047264    0.437775   -1.038166   -1.112024   -0.397746        4.523801       -2.680437    0.647532    0.037122    0.026183    9.723032
    0.049751    0.458444   -1.011360   -1.104504   -0.416604        4.523510       -2.680555    0.715635    0.045050    0.026183    9.723032
    0.052239    0.478770   -0.984740   -1.096624   -0.435146        4.523185       -2.680674    0.786853    0.054098    0.026183    9.723032
    0.054726    0.498741   -0.958316   -1.088387   -0.453358        4.522824       -2.680796    0.861134    0.064342    0.026183    9.723032
    0.057214    0.518346   -0.932094   -1.079799   -0.471225        4.522423       -2.680920    0.938421    0.075854    0.026183    9.723032
    0.059701    0.537575   -0.906085   -1.070862   -0.488734        4.521977       -2.681047    1.018660    0.088706    0.026183    9.723032
    0.062189    0.556418   -0.880296   -1.061582   -0.505870        4.521482       -2.681176    1.101792    0.102965    0.026183    9.723032
    0.064677    0.574865   -0.854736   -1.051963   -0.522622        4.520933       -2.681309    1.187757    0.118694    0.026183    9.723032
    0.067164    0.592908   -0.829412   -1.042010   -0.538974        4.520324       -2.681444    1.276495    0.135950    0.026183    9.723032
    0.069652    0.610539   -0.804333   -1.031727   -0.554916        4.519647       -2.681583    1.367943    0.154788    0.026183    9.723032
    0.072139    0.627752   -0.779506   -1.021122   -0.570434        4.518896       -2.681726    1.462040    0.175256    0.026183    9.723032
    0.074627    0.644540   -0.754940   -1.010197   -0.585517        4.518061       -2.681873    1.558720    0.197397    0.026183    9.723032
    0.077114    0.660898   -0.730642   -0.998960   -0.600153        4.517133       -2.682023    1.657918    0.221248    0.026183    9.723032
    0.079602    0.676820   -0.706620   -0.987415   -0.614333        4.516101       -2.682179    1.759570    0.246841    0.026183    9.723032
    0.082090    0.692304   -0.682880   -0.975570   -0.628044        4.514952       -2.682339    1.863608    0.274202    0.026183    9.723032
    0.084577    0.707344   -0.659431   -0.963429   -0.641279        4.513673       -2.682505    1.969965    0.303350    0.026183    9.723032
    0.087065    0.721940   -0.636278   -0.951000   -0.654027        4.512248       -2.682676    2.078574    0.334299    0.026183    9.723032
    0.089552    0.736088   -0.613430   -0.938288   -0.666281        4.510657       -2.682853    2.189368    0.367058    0.026183    9.723032
    0.092040    0.749787   -0.590892   -0.925300   -0.678032        4.508882       -2.683036    2.302277    0.401627    0.026183    9.723032
    0.094527    0.763036   -0.568672   -0.912043   -0.689274        4.506897       -2.683225    2.417234    0.438004    0.026183    9.723032
    0.097015    0.775836   -0.546776   -0.898523   -0.700001        4.504677       -2.683422    2.534170    0.476178    0.026183    9.723032
    0.099502    0.788188   -0.525210   -0.884748   -0.710208        4.502191       -2.683625    2.653017    0.516135    0.026183    9.723032
    0.101990    0.800091   -0.503980   -0.870724   -0.719892        4.499404       -2.683837    2.773708    0.557855    0.026183    9.723032
    0.104478    0.811548   -0.483092   -0.856459   -0.729049        4.496277       -2.684056    2.896173    0.601313    0.026183    9.723032
    0.106965    0.822562   -0.462552   -0.841960   -0.737679        4.492763       -2.684284    3.020346    0.646479    0.026183    9.723032
    0.109453    0.833135   -0.442366   -0.827233   -0.745782        4.488813       -2.684520    3.146159    0.693320    0.026183    9.723032
    0.111940    0.843271   -0.422538   -0.812287   -0.753360        4.484368       -2.684765    3.273546    0.741796    0.026183    9.723032
    0.114428    0.852973   -0.403074   -0.797127   -0.760416        4.479360       -2.685018    3.402440    0.791867    0.026183    9.723032
    0.116915    0.862247   -0.383980   -0.781762   -0.766956        4.473715       -2.685281    3.532775    0.843487    0.026183    9.723032
    0.119403    0.871096   -0.365259   -0.766199   -0.772988        4.467348       -2.685554    3.664488    0.896608    0.026183    9.723032
    0.121891    0.879527   -0.346918   -0.750443   -0.778523        4.460163       -2.685835    3.797514    0.951178    0.026183    9.723032
    0.124378    0.887545   -0.328960   -0.734503   -0.783573        4.452054       -2.686125    3.931789    1.007144    0.026183    9.723032
    0.126866    0.895157   -0.311389   -0.718383   -0.788155        4.442901       -2.686422    4.067252    1.064452    0.026183    9.723032
    0.129353    0.902368   -0.294210   -0.702091   -0.792288        4.432575       -2.686727    4.203842    1.123043    0.026183    9.723032
    0.131841    0.909187   -0.277428   -0.685632   -0.795994        4.420935       -2.687038    4.341497    1.182859    0.026183    9.723032
    0.134328    0.915619   -0.261045   -0.669012   -0.799301        4.407830       -2.687353    4.480159    1.243840    0.026183    9.723032
    0.136816    0.921674   -0.245067   -0.652234   -0.802238        4.393106       -2.687670    4.619769    1.305927    0.026183    9.723032
    0.139303    0.927359   -0.229496   -0.635304   -0.804840        4.376607       -2.687985    4.760272    1.369058    0.026183    9.723032
    0.141791    0.932681   -0.214336   -0.618224   -0.807144        4.358190       -2.688294    4.901611    1.433173    0.026183    9.723032
    0.144279    0.937650   -0.199592   -0.600997   -0.809192        4.337730       -2.688593    5.043732    1.498210    0.026183    9.723032
    0.146766    0.942275   -0.185265   -0.583626   -0.811027        4.315146       -2.688874    5.186581    1.564110    0.026183    9.723032
    0.149254    0.946564   -0.171361   -0.566111   -0.812694        4.290419       -2.689130    5.330108    1.630812    0.026183    9.723032
    0.151741    0.950527   -0.157882   -0.548451   -0.814236        4.263627       -2.689351    5.474262    1.698258    0.026183    9.723032
    0.154229    0.954173   -0.144832   -0.530648   -0.815694        4.234980       -2.689526    5.618994    1.766389    0.026183    9.723032
    0.156716    0.957512   -0.132214   -0.512698   -0.817101        4.204866       -2.689641    5.764256    1.835150    0.026183    9.723032
    0.159204    0.960553   -0.120032   -0.494602   -0.818477        4.173892       -2.689681    5.910003    1.904485    0.026183    9.723032
    0.161692    0.963307   -0.108289   -0.476356   -0.819824        4.142928       -2.689630    6.056191    1.974340    0.026183    9.723032
    0.164179    0.965785   -0.096990   -0.457959   -0.821120        4.113134       -2.689468    6.202775    2.044663    0.026183    9.723032
    0.166667    0.967995   -0.086138   -0.439413   -0.822310        4.085954       -2.689179    6.349716    2.115405    0.026183    9.723032
    0.169154    0.969950   -0.075735   -0.420718   -0.823301        4.063076       -2.688744    6.496973    2.186517    0.026183    9.723032
    0.171642    0.971659   -0.065787   -0.401881   -0.823958        4.046333       -2.688149    6.644509    2.257953    0.026183    9.723032
    0.174129    0.973134   -0.056296   -0.382911   -0.824101        4.037539       -2.687383    6.792286    2.329670    0.026183    9.723032
    0.176617    0.974384   -0.047266   -0.363821   -0.823509        4.038271       -2.686439    6.940270    2.401625    0.026183    9.723032
    0.179104    0.975423   -0.038698   -0.344634   -0.821927        4.049632       -2.685319    7.088428    2.473779    0.026183    9.723032
    0.181592    0.976260   -0.030595   -0.325377   -0.819087        4.072025       -2.684034    7.236728    2.546096    0.026183    9.723032
    0.184080    0.976906   -0.022959   -0.306083   -0.814718        4.104992       -2.682600    7.385141    2.618540    0.026183    9.723032
    0.186567    0.977374   -0.015789   -0.286796   -0.808575        4.147186       -2.681046    7.533639    2.691078    0.026183    9.723032
    0.189055    0.977674   -0.009085   -0.267562   -0.800458        4.196467       -2.679401    7.682194    2.763682    0.026183    9.723032
    0.191542    0.977817   -0.002845   -0.248433   -0.790229        4.250134       -2.677702    7.830783    2.836323    0.026183    9.723032
    0.194030    0.977815    0.002934   -0.229464   -0.777821        4.305235       -2.675986    7.979383    2.908975    0.026183    9.723032
    0.196517    0.977679    0.008257   -0.210711   -0.763239        4.358896       -2.674287    8.127972    2.981616    0.026183    9.723032
    0.199005    0.977419    0.013129   -0.192230   -0.746561        4.408593       -2.672637    8.276531    3.054224    0.026183    9.723032
    0.201493    0.977047    0.017558   -0.174075   -0.727918        4.452348       -2.671062    8.425042    3.126781    0.026183    9.723032
    0.203980    0.976574    0.021553   -0.156296   -0.707486        4.488811       -2.669582    8.573488    3.199269    0.026183    9.723032
    0.206468    0.976008    0.025122   -0.138940   -0.685469        4.517248       -2.668211    8.721855    3.271675    0.026183    9.723032
    0.208955    0.975362    0.028277   -0.122049   -0.662083        4.537470       -2.666957    8.870130    3.343984    0.026183    9.723032
    0.211443    0.974644    0.031030   -0.105658   -0.637547        4.549716       -2.665823    9.018301    3.416187    0.026183    9.723032
    0.213930    0.973864    0.033393   -0.089802   -0.612069        4.554528       -2.664809    9.166359    3.488272    0.026183    9.723032
    0.216418    0.973032    0.035378   -0.074506   -0.585847        4.552635       -2.663911    9.314293    3.560233    0.026183    9.723032
    0.218905    0.972156    0.037001   -0.059794   -0.559058        4.544860       -2.663124    9.462098    3.632063    0.026183    9.723032
    0.221393    0.971245    0.038276   -0.045686   -0.531861        4.532045       -2.662439    9.609767    3.703758    0.026183    9.723032
    0.223881    0.970308    0.039216   -0.032198   -0.504398        4.515000       -2.661849    9.757295    3.775312    0.026183    9.723032
    0.226368    0.969351    0.039838   -0.019341   -0.476790        4.494472       -2.661347    9.904680    3.846726    0.026183    9.723032
    0.228856    0.968383    0.040157   -0.007126   -0.449144        4.471128       -2.660923   10.051918    3.917996    0.026183    9.723032
    0.231343    0.967412    0.040188    0.004438   -0.421551        4.445547       -2.660570   10.199009    3.989122    0.026183    9.723032
    0.233831    0.966442    0.039948    0.015348   -0.394090        4.418226       -2.660282   10.345952    4.060107    0.026183    9.723032
    0.236318    0.965482    0.039451    0.025598   -0.366831        4.389580       -2.660049   10.492748    4.130951    0.026183    9.723032
    0.238806    0.964536    0.038715    0.035188   -0.339832        4.359950       -2.659868   10.639399    4.201656    0.026183    9.723032
    0.241294    0.963611    0.037754    0.044117   -0.313146        4.329616       -2.659731   10.785908    4.272227    0.026183    9.723032
    0.243781    0.962712    0.036586    0.052385   -0.286819        4.298802       -2.659633   10.932279    4.342668    0.026183    9.723032
    0.246269    0.961843    0.035226    0.059996   -0.260894        4.267685       -2.659571   11.078515    4.412982    0.026183    9.723032
    0.248756    0.961010    0.033689    0.066954   -0.235407        4.236403       -2.659539   11.224622    4.483176    0.026183    9.723032
    0.251244    0.960215    0.031992    0.073262   -0.210393        4.205061       -2.659534   11.370605    4.553254    0.026183    9.723032
    0.253731    0.959464    0.030150    0.078929   -0.185883        4.173738       -2.659553   11.516470    4.623224    0.026183    9.723032
    0.256219    0.958758    0.028179    0.083960   -0.161908        4.142490       -2.659593   11.662225    4.693091    0.026183    9.723032
    0.258706    0.958102    0.026094    0.088365   -0.138496        4.111355       -2.659651   11.807876    4.762863    0.026183    9.723032
    0.261194    0.957497    0.023910    0.092154   -0.115673        4.080358       -2.659724   11.953432    4.832548    0.026183    9.723032
    0.263682    0.956946    0.021641    0.095337   -0.093465        4.049511       -2.659811   12.098899    4.902151    0.026183    9.723032
    0.266169    0.956451    0.019303    0.097926   -0.071897        4.018817       -2.659910   12.244287    4.971683    0.026183    9.723032
    0.268657    0.956013    0.016909    0.099935   -0.050992        3.988273       -2.660019   12.389604    5.041149    0.026183    9.723032
    0.271144    0.955633    0.014473    0.101378   -0.030775        3.957868       -2.660136   12.534859    5.110559    0.026183    9.723032
    0.273632    0.955313    0.012009    0.102270   -0.011266        3.927589       -2.660260   12.680061    5.179921    0.026183    9.723032
    0.276119    0.955052    0.009530    0.102627    0.007512        3.897417       -2.660389   12.825218    5.249243    0.026183    9.723032
    0.278607    0.954852    0.007049    0.102468    0.025537        3.867334       -2.660522   12.970341    5.318532    0.026183    9.723032
    0.281095    0.954711    0.004578    0.101809    0.042791        3.837316       -2.660659   13.115437    5.387799    0.026183    9.723032
    0.283582    0.954630    0.002128    0.100671    0.059252        3.807342       -2.660798   13.260517    5.457050    0.026183    9.723032
    0.286070    0.954608   -0.000289    0.099073    0.074902        3.777389       -2.660938   13.405589    5.526293    0.026183    9.723032
    0.288557    0.954644   -0.002661    0.097038    0.089722        3.747433       -2.661077   13.550662    5.595538    0.026183    9.723032
    0.291045    0.954736   -0.004979    0.094586    0.103696        3.717452       -2.661215   13.695745    5.664792    0.026183    9.723032
    0.293532    0.954884   -0.007233    0.091742    0.116805        3.687423       -2.661352   13.840846    5.734062    0.026183    9.723032
    0.296020    0.955086   -0.009414    0.088527    0.129035        3.657326       -2.661485   13.985973    5.803357    0.026183    9.723032
    0.298507    0.955339   -0.011513    0.084966    0.140370        3.627143       -2.661613   14.131136    5.872683    0.026183    9.723032
    0.300995    0.955642   -0.013522    0.081085    0.150796        3.596857       -2.661737   14.276340    5.942048    0.026183    9.723032
    0.303483    0.955992   -0.015433    0.076909    0.160300        3.566453       -2.661854   14.421594    6.011459    0.026183    9.723032
    0.305970    0.956387   -0.017240    0.072463    0.168870        3.535921       -2.661963   14.566905    6.080921    0.026183    9.723032
    0.308458    0.956825   -0.018936    0.067774    0.176494        3.505255       -2.662064   14.712279    6.150443    0.026183    9.723032
    0.310945    0.957302   -0.020516    0.062869    0.183164        3.474450       -2.662155   14.857723    6.220028    0.026183    9.723032
    0.313433    0.957817   -0.021976    0.057775    0.188871        3.443510       -2.662234   15.003242    6.289684    0.026183    9.723032
    0.315920    0.958364   -0.023310    0.052520    0.193608        3.412443       -2.662300   15.148842    6.359415    0.026183    9.723032
    0.318408    0.958943   -0.024515    0.047130    0.197369        3.381262       -2.662352   15.294527    6.429226    0.026183    9.723032
    0.320896    0.959549   -0.025589    0.041634    0.200151        3.349992       -2.662388   15.440303    6.499121    0.026183    9.723032
    0.323383    0.960180   -0.026529    0.036060    0.201952        3.318661       -2.662406   15.586172    6.569104    0.026183    9.723032
    0.325871    0.960831   -0.027333    0.030435    0.202772        3.287311       -2.662405   15.732139    6.639180    0.026183    9.723032
    0.328358    0.961501   -0.028001    0.024787    0.202614        3.255993       -2.662382   15.878207    6.709350    0.026183    9.723032
    0.330846    0.962184   -0.028532    0.019144    0.201482        3.224769       -2.662336   16.024377    6.779618    0.026183    9.723032
    0.333333    0.962879   -0.028927    0.013532    0.199384        3.193716       -2.662263   16.170652    6.849987    0.026183    9.723032
    0.335821    0.963582   -0.029187    0.007980    0.196331        3.162921       -2.662163   16.317033    6.920456    0.026183    9.723032
    0.338308    0.964290   -0.029314    0.002512    0.192337        3.132491       -2.662032   16.463522    6.991029    0.026183    9.723032
    0.340796    0.964999   -0.029309   -0.002844    0.187420        3.102547       -2.661869   16.610118    7.061705    0.026183    9.723032
    0.343284    0.965707   -0.029177   -0.008063    0.181601        3.073224       -2.661669   16.756822    7.132485    0.026183    9.723032
    0.345771    0.966409   -0.028921   -0.013121    0.174907        3.044678       -2.661432   16.903633    7.203369    0.026183    9.723032
    0.348259    0.967104   -0.028544   -0.017994    0.167370        3.017080       -2.661153   17.050551    7.274357    0.026183    9.723032
    0.350746    0.967789   -0.028052   -0.022660    0.159024        2.990617       -2.660831   17.197573    7.345447    0.026183    9.723032
    0.353234    0.968460   -0.027450   -0.027096    0.149912        2.965493       -2.660463   17.344698    7.416637    0.026183    9.723032
    0.355721    0.969116   -0.026743   -0.031283    0.140081        2.941923       -2.660045   17.491924    7.487926    0.026183    9.723032
    0.358209    0.969753   -0.025939   -0.035201    0.129584        2.920135       -2.659576   17.639249    7.559312    0.026183    9.723032
    0.360697    0.970370   -0.025043   -0.038834    0.118481        2.900363       -2.659054   17.786668    7.630792    0.026183    9.723032
    0.363184    0.970964   -0.024063   -0.042165    0.106838        2.882845       -2.658475   17.934180    7.702363    0.026183    9.723032
    0.365672    0.971533   -0.023006   -0.045181    0.094727        2.867816       -2.657839   18.081780    7.774022    0.026183    9.723032
    0.368159    0.972076   -0.021880   -0.047871    0.082224        2.855501       -2.657143   18.229465    7.845764    0.026183    9.723032
    0.370647    0.972591   -0.020693   -0.050223    0.069414        2.846110       -2.656387   18.377230    7.917586    0.026183    9.723032
    0.373134    0.973076   -0.019453   -0.052232    0.056384        2.839830       -2.655570   18.525071    7.989485    0.026183    9.723032
    0.375622    0.973531   -0.018169   -0.053893    0.043227        2.836816       -2.654692   18.672984    8.061454    0.026183    9.723032
    0.378109    0.973955   -0.016849   -0.055202    0.030040        2.837186       -2.653753   18.820963    8.133490    0.026183    9.723032
    0.380597    0.974346   -0.015501   -0.056159    0.016919        2.841011       -2.652755   18.969004    8.205588    0.026183    9.723032
    0.383085    0.974704   -0.014135   -0.056768    0.003963        2.848310       -2.651700   19.117102    8.277743    0.026183    9.723032
    0.385572    0.975030   -0.012758   -0.057033   -0.008729        2.859046       -2.650590   19.265253    8.349950    0.026183    9.723032
    0.388060    0.975322   -0.011379   -0.056961   -0.021061        2.873125       -2.649428   19.413450    8.422204    0.026183    9.723032
    0.390547    0.975580   -0.010005   -0.056564   -0.032941        2.890390       -2.648217   19.561689    8.494500    0.026183    9.723032
    0.393035    0.975806   -0.008645   -0.055853   -0.044281        2.910629       -2.646963   19.709964    8.566833    0.026183    9.723032
    0.395522    0.975999   -0.007306   -0.054842   -0.054999        2.933574       -2.645669   19.858272    8.639198    0.026183    9.723032
    0.398010    0.976159   -0.005995   -0.053549   -0.065024        2.958910       -2.644341   20.006606    8.711589    0.026183    9.723032
    0.400498    0.976289   -0.004718   -0.051992   -0.074290        2.986283       -2.642985   20.154962    8.784003    0.026183    9.723032
    0.402985    0.976388   -0.003482   -0.050190   -0.082743        3.015308       -2.641606   20.303336    8.856434    0.026183    9.723032
    0.405473    0.976458   -0.002292   -0.048165   -0.090339        3.045582       -2.640209   20.451723    8.928878    0.026183    9.723032
    0.407960    0.976499   -0.001153   -0.045938   -0.097046        3.076690       -2.638801   20.600118    9.001330    0.026183    9.723032
    0.410448    0.976514   -0.000071   -0.043534   -0.102842        3.108225       -2.637387   20.748517    9.073787    0.026183    9.723032
    0.412935    0.976503    0.000951   -0.040975   -0.107715        3.139787       -2.635973   20.896916    9.146243    0.026183    9.723032
    0.415423    0.976468    0.001910   -0.038285   -0.111666        3.171001       -2.634564   21.045312    9.218697    0.026183    9.723032
    0.417910    0.976411    0.002802   -0.035488   -0.114703        3.201521       -2.633164   21.193701    9.291143    0.026183    9.723032
    0.420398    0.976333    0.003626   -0.032607   -0.116844        3.231032       -2.631778   21.342080    9.363579    0.026183    9.723032
    0.422886    0.976236    0.004379   -0.029665   -0.118117        3.259264       -2.630409   21.490446    9.436002    0.026183    9.723032
    0.425373    0.976122    0.005061   -0.026684   -0.118555        3.285982       -2.629062   21.638795    9.508409    0.026183    9.723032
    0.427861    0.975992    0.005670   -0.023687   -0.118197        3.310997       -2.627739   21.787126    9.580798    0.026183    9.723032
    0.430348    0.975848    0.006207   -0.020692   -0.117087        3.334160       -2.626442   21.935436    9.653166    0.026183    9.723032
    0.432836    0.975693    0.006671   -0.017720   -0.115275        3.355361       -2.625173   22.083723    9.725512    0.026183    9.723032
    0.435323    0.975526    0.007064   -0.014789   -0.112813        3.374527       -2.623935   22.231986    9.797834    0.026183    9.723032
    0.437811    0.975351    0.007387   -0.011915   -0.109752        3.391619       -2.622727   22.380222    9.870130    0.026183    9.723032
    0.440299    0.975169    0.007641   -0.009113   -0.106150        3.406627       -2.621550   22.528432    9.942399    0.026183    9.723032
    0.442786    0.974982    0.007828   -0.006399   -0.102061        3.419568       -2.620406   22.676614   10.014641    0.026183    9.723032
    0.445274    0.974791    0.007951   -0.003784   -0.097540        3.430478       -2.619292   22.824766   10.086855    0.026183    9.723032
    0.447761    0.974598    0.008012   -0.001281   -0.092643        3.439414       -2.618211   22.972890   10.159040    0.026183    9.723032
    0.450249    0.974404    0.008014    0.001101   -0.087422        3.446446       -2.617160   23.120984   10.231197    0.026183    9.723032
    0.452736    0.974211    0.007960    0.003354   -0.081930        3.451656       -2.616139   23.269049   10.303325    0.026183    9.723032
    0.455224    0.974020    0.007853    0.005469   -0.076217        3.455135       -2.615147   23.417084   10.375425    0.026183    9.723032
    0.457711    0.973831    0.007697    0.007442   -0.070331        3.456977       -2.614183   23.565091   10.447496    0.026183    9.723032
    0.460199    0.973648    0.007494    0.009266   -0.064319        3.457282       -2.613245   23.713069   10.519540    0.026183    9.723032
    0.462687    0.973469    0.007250    0.010938   -0.058223        3.456153       -2.612333   23.861020   10.591558    0.026183    9.723032
    0.465174    0.973297    0.006967    0.012455   -0.052086        3.453691       -2.611445   24.008944   10.663549    0.026183    9.723032
    0.467662    0.973133    0.006648    0.013817   -0.045945        3.449997       -2.610580   24.156843   10.735516    0.026183    9.723032
    0.470149    0.972976    0.006299    0.015022   -0.039838        3.445170       -2.609735   24.304717   10.807459    0.026183    9.723032
    0.472637    0.972828    0.005923    0.016071   -0.033798        3.439308       -2.608910   24.452568   10.879380    0.026183    9.723032
    0.475124    0.972690    0.005523    0.016965   -0.027857        3.432505       -2.608103   24.600397   10.951280    0.026183    9.723032
    0.477612    0.972561    0.005104    0.017706   -0.022043        3.424851       -2.607312   24.748206   11.023160    0.026183    9.723032
    0.480100    0.972443    0.004668    0.018298   -0.016383        3.416434       -2.606537   24.895996   11.095022    0.026183    9.723032
    0.482587    0.972335    0.004220    0.018743   -0.010902        3.407337       -2.605774   25.043770   11.166868    0.026183    9.723032
    0.485075    0.972239    0.003762    0.019047   -0.005621        3.397641       -2.605024   25.191527   11.238699    0.026183    9.723032
    0.487562    0.972153    0.003299    0.019213   -0.000561        3.387422       -2.604285   25.339271   11.310516    0.026183    9.723032
    0.490050    0.972079    0.002834    0.019248    0.004262        3.376754       -2.603554   25.487002   11.382322    0.026183    9.723032
    0.492537    0.972016    0.002369    0.019157    0.008830        3.365705       -2.602832   25.634724   11.454118    0.026183    9.723032
    0.495025    0.971965    0.001908    0.018946    0.013132        3.354344       -2.602116   25.782436   11.525905    0.026183    9.723032
    0.497512    0.971924    0.001454    0.018623    0.017154        3.342733       -2.601405   25.930141   11.597686    0.026183    9.723032
    0.500000    0.971894    0.001008    0.018195    0.020887        3.330935       -2.600698   26.077842   11.669461    0.026183    9.723032
    0.502488    0.971875    0.000574    0.017668    0.024324        3.319006       -2.599994   26.225538   11.741233    0.026183    9.723032
    0.504975    0.971866    0.000154    0.017050    0.027457        3.307004       -2.599292   26.373232   11.813003    0.026183    9.723032
    0.507463    0.971867   -0.000250    0.016350    0.030283        3.294983       -2.598590   26.520926   11.884772    0.026183    9.723032
    0.509950    0.971878   -0.000636    0.015575    0.032799        3.282993       -2.597887   26.668620   11.956542    0.026183    9.723032
    0.512438    0.971898   -0.001003    0.014733    0.035004        3.271084       -2.597182   26.816317   12.028314    0.026183    9.723032
    0.514925    0.971927   -0.001348    0.013833    0.036897        3.259303       -2.596475   26.964018   12.100090    0.026183    9.723032
    0.517413    0.971963   -0.001671    0.012881    0.038482        3.247697       -2.595764   27.111724   12.171871    0.026183    9.723032
    0.519900    0.972007   -0.001971    0.011887    0.039761        3.236309       -2.595049   27.259435   12.243658    0.026183    9.723032
    0.522388    0.972058   -0.002246    0.010858    0.040740        3.225180       -2.594328   27.407154   12.315451    0.026183    9.723032
    0.524876    0.972116   -0.002496    0.009803    0.041423        3.214350       -2.593601   27.554881   12.387253    0.026183    9.723032
    0.527363    0.972179   -0.002720    0.008728    0.041820        3.203857       -2.592867   27.702618   12.459063    0.026183    9.723032
    0.529851    0.972247   -0.002918    0.007642    0.041938        3.193736       -2.592125   27.850364   12.530883    0.026183    9.723032
    0.532338    0.972320   -0.003090    0.006551    0.041787        3.184021       -2.591376   27.998121   12.602714    0.026183    9.723032
    0.534826    0.972396   -0.003235    0.005464    0.041379        3.174743       -2.590617   28.145890   12.674555    0.026183    9.723032
    0.537313    0.972476   -0.003354    0.004386    0.040725        3.165931       -2.589849   28.293670   12.746408    0.026183    9.723032
    0.539801    0.972558   -0.003447    0.003324    0.039838        3.157610       -2.589072   28.441462   12.818273    0.026183    9.723032
    0.542289    0.972643   -0.003515    0.002284    0.038731        3.149804       -2.588284   28.589268   12.890151    0.026183    9.723032
    0.544776    0.972728   -0.003558    0.001272    0.037420        3.142533       -2.587486   28.737086   12.962040    0.026183    9.723032
    0.547264    0.972814   -0.003577    0.000293    0.035920        3.135815       -2.586677   28.884917   13.033943    0.026183    9.723032
    0.549751    0.972901   -0.003572   -0.000647    0.034245        3.129662       -2.585858   29.032762   13.105858    0.026183    9.723032
    0.552239    0.972987   -0.003546   -0.001544    0.032413        3.124087       -2.585027   29.180619   13.177786    0.026183    9.723032
    0.554726    0.973072   -0.003498   -0.002395    0.030440        3.119095       -2.584186   29.328490   13.249727    0.026183    9.723032
    0.557214    0.973156   -0.003430   -0.003194    0.028342        3.114691       -2.583333   29.476373   13.321680    0.026183    9.723032
    0.559701    0.973238   -0.003344   -0.003939    0.026137        3.110873       -2.582470   29.624269   13.393646    0.026183    9.723032
    0.562189    0.973318   -0.003240   -0.004628    0.023841        3.107639       -2.581596   29.772177   13.465624    0.026183    9.723032
    0.564677    0.973395   -0.003121   -0.005256    0.021473        3.104980       -2.580711   29.920097   13.537613    0.026183    9.723032
    0.567164    0.973469   -0.002987   -0.005824    0.019047        3.102884       -2.579816   30.068029   13.609613    0.026183    9.723032
    0.569652    0.973539   -0.002839   -0.006329    0.016582        3.101337       -2.578912   30.215972   13.681624    0.026183    9.723032
    0.572139    0.973606   -0.002681   -0.006770    0.014092        3.100321       -2.577998   30.363925   13.753645    0.026183    9.723032
    0.574627    0.973669   -0.002512   -0.007146    0.011593        3.099813       -2.577075   30.511888   13.825676    0.026183    9.723032
    0.577114    0.973727   -0.002336   -0.007458    0.009101        3.099787       -2.576143   30.659860   13.897716    0.026183    9.723032
    0.579602    0.973782   -0.002152   -0.007705    0.006630        3.100217       -2.575203   30.807841   13.969765    0.026183    9.723032
    0.582090    0.973831   -0.001963   -0.007888    0.004193        3.101072       -2.574256   30.955829   14.041821    0.026183    9.723032
    0.584577    0.973877   -0.001771   -0.008008    0.001803        3.102318       -2.573302   31.103825   14.113884    0.026183    9.723032
    0.587065    0.973917   -0.001577   -0.008065   -0.000529        3.103922       -2.572343   31.251827   14.185953    0.026183    9.723032
    0.589552    0.973953   -0.001381   -0.008062   -0.002790        3.105846       -2.571377   31.399836   14.258028    0.026183    9.723032
    0.592040    0.973984   -0.001187   -0.008001   -0.004973        3.108054       -2.570407   31.547849   14.330108    0.026183    9.723032
    0.594527    0.974010   -0.000995   -0.007883   -0.007067        3.110507       -2.569432   31.695866   14.402193    0.026183    9.723032
    0.597015    0.974032   -0.000806   -0.007710   -0.009065        3.113168       -2.568454   31.843888   14.474281    0.026183    9.723032
    0.599502    0.974049   -0.000622   -0.007486   -0.010960        3.115996       -2.567473   31.991912   14.546371    0.026183    9.723032
    0.601990    0.974062   -0.000445   -0.007212   -0.012747        3.118956       -2.566490   32.139938   14.618464    0.026183    9.723032
    0.604478    0.974071   -0.000274   -0.006893   -0.014421        3.122008       -2.565505   32.287967   14.690559    0.026183    9.723032
    0.606965    0.974075   -0.000111   -0.006530   -0.015978        3.125119       -2.564519   32.435996   14.762655    0.026183    9.723032
    0.609453    0.974076    0.000042   -0.006126   -0.017416        3.128254       -2.563533   32.584025   14.834751    0.026183    9.723032
    0.611940    0.974074    0.000185   -0.005686   -0.018733        3.131379       -2.562547   32.732055   14.906847    0.026183    9.723032
    0.614428    0.974067    0.000316   -0.005212   -0.019928        3.134467       -2.561562   32.880083   14.978942    0.026183    9.723032
    0.616915    0.974058    0.000437   -0.004707   -0.021001        3.137487       -2.560578   33.028111   15.051036    0.026183    9.723032
    0.619403    0.974046    0.000544   -0.004175   -0.021954        3.140416       -2.559595   33.176137   15.123128    0.026183    9.723032
    0.621891    0.974032    0.000638   -0.003619   -0.022788        3.143232       -2.558614   33.324161   15.195219    0.026183    9.723032
    0.624378    0.974016    0.000719   -0.003041   -0.023504        3.145914       -2.557636   33.472183   15.267307    0.026183    9.723032
    0.626866    0.973997    0.000785   -0.002446   -0.024106        3.148446       -2.556660   33.620202   15.339393    0.026183    9.723032
    0.629353    0.973978    0.000837   -0.001836   -0.024597        3.150817       -2.555687   33.768218   15.411476    0.026183    9.723032
    0.631841    0.973957    0.000874   -0.001215   -0.024980        3.153014       -2.554716   33.916231   15.483556    0.026183    9.723032
    0.634328    0.973936    0.000896   -0.000584   -0.025260        3.155033       -2.553749   34.064241   15.555633    0.026183    9.723032
    0.636816    0.973914    0.000902    0.000052   -0.025441        3.156868       -2.552785   34.212247   15.627706    0.026183    9.723032
    0.639303    0.973892    0.000893    0.000691   -0.025527        3.158521       -2.551825   34.360251   15.699777    0.026183    9.723032
    0.641791    0.973871    0.000869    0.001331   -0.025521        3.159992       -2.550867   34.508250   15.771844    0.026183    9.723032
    0.644279    0.973850    0.000829    0.001969   -0.025430        3.161289       -2.549912   34.656247   15.843908    0.026183    9.723032
    0.646766    0.973831    0.000774    0.002603   -0.025257        3.162420       -2.548960   34.804241   15.915969    0.026183    9.723032
    0.649254    0.973813    0.000703    0.003230   -0.025005        3.163397       -2.548011   34.952232   15.988027    0.026183    9.723032
    0.651741    0.973797    0.000617    0.003848   -0.024680        3.164235       -2.547065   35.100220   16.060083    0.026183    9.723032
    0.654229    0.973783    0.000517    0.004455   -0.024284        3.164950       -2.546120   35.248206   16.132137    0.026183    9.723032
    0.656716    0.973772    0.000402    0.005048   -0.023820        3.165564       -2.545177   35.396190   16.204189    0.026183    9.723032
    0.659204    0.973764    0.000273    0.005627   -0.023292        3.166098       -2.544236   35.544173   16.276239    0.026183    9.723032
    0.661692    0.973759    0.000130    0.006189   -0.022700        3.166579       -2.543295   35.692155   16.348289    0.026183    9.723032
    0.664179    0.973758   -0.000026    0.006731   -0.022048        3.167035       -2.542355   35.840136   16.420337    0.026183    9.723032
    0.666667    0.973760   -0.000196    0.007253   -0.021335        3.167496       -2.541415   35.988117   16.492387    0.026183    9.723032
    0.669154    0.973767   -0.000377    0.007753   -0.020562        3.167996       -2.540474   36.136099   16.564436    0.026183    9.723032
    0.671642    0.973779   -0.000570    0.008228   -0.019728        3.168570       -2.539532   36.284083   16.636487    0.026183    9.723032
    0.674129    0.973795   -0.000775    0.008677   -0.018831        3.169257       -2.538588   36.432068   16.708540    0.026183    9.723032
    0.676617    0.973816   -0.000990    0.009098   -0.017869        3.170098       -2.537641   36.580057   16.780596    0.026183    9.723032
    0.679104    0.973843   -0.001215    0.009490   -0.016839        3.171135       -2.536691   36.728049   16.852656    0.026183    9.723032
    0.681592    0.973875   -0.001449    0.009850   -0.015736        3.172416       -2.535737   36.876045   16.924720    0.026183    9.723032
    0.684080    0.973913   -0.001691    0.010176   -0.014554        3.173990       -2.534777   37.024047   16.996788    0.026183    9.723032
    0.686567    0.973957   -0.001941    0.010466   -0.013287        3.175908       -2.533812   37.172055   17.068863    0.026183    9.723032
    0.689055    0.974007   -0.002197    0.010718   -0.011927        3.178224       -2.532840   37.320070   17.140945    0.026183    9.723032
    0.691542    0.974063   -0.002459    0.010929   -0.010465        3.180997       -2.531860   37.468093   17.213035    0.026183    9.723032
    0.694030    0.974126   -0.002725    0.011096   -0.008890        3.184288       -2.530871   37.616126   17.285133    0.026183    9.723032
    0.696517    0.974195   -0.002995    0.011217   -0.007189        3.188161       -2.529872   37.764168   17.357242    0.026183    9.723032
    0.699005    0.974271   -0.003267    0.011288   -0.005351        3.192684       -2.528863   37.912221   17.429360    0.026183    9.723032
    0.701493    0.974353   -0.003541    0.011306   -0.003359        3.197929       -2.527841   38.060287   17.501491    0.026183    9.723032
    0.703980    0.974442   -0.003814    0.011267   -0.001197        3.203969       -2.526806   38.208365   17.573634    0.026183    9.723032
    0.706468    0.974538   -0.004085    0.011166    0.001153        3.210885       -2.525757   38.356457   17.645791    0.026183    9.723032
    0.708955    0.974640   -0.004353    0.010999    0.003712        3.218759       -2.524693   38.504565   17.717962    0.026183    9.723032
    0.711443    0.974748   -0.004617    0.010761    0.006501        3.227678       -2.523611   38.652688   17.790148    0.026183    9.723032
    0.713930    0.974863   -0.004873    0.010445    0.009543        3.237733       -2.522512   38.800828   17.862352    0.026183    9.723032
    0.716418    0.974984   -0.005121    0.010047    0.012866        3.249020       -2.521393   38.948987   17.934572    0.026183    9.723032
    0.718905    0.975111   -0.005359    0.009558    0.016496        3.261636       -2.520253   39.097164   18.006811    0.026183    9.723032
    0.721393    0.975243   -0.005583    0.008971    0.020464        3.275684       -2.519091   39.245361   18.079069    0.026183    9.723032
    0.723881    0.975381   -0.005792    0.008278    0.024802        3.291271       -2.517906   39.393578   18.151347    0.026183    9.723032
    0.726368    0.975523   -0.005982    0.007471    0.029543        3.308504       -2.516696   39.541816   18.223645    0.026183    9.723032
    0.728856    0.975670   -0.006152    0.006540    0.034725        3.327495       -2.515460   39.690077   18.295965    0.026183    9.723032
    0.731343    0.975820   -0.006298    0.005473    0.040385        3.348355       -2.514196   39.838360   18.368307    0.026183    9.723032
    0.733831    0.975974   -0.006416    0.004260    0.046565        3.371196       -2.512904   39.986666   18.440671    0.026183    9.723032
    0.736318    0.976130   -0.006503    0.002889    0.053308        3.396127       -2.511582   40.134996   18.513059    0.026183    9.723032
    0.738806    0.976288   -0.006554    0.001346    0.060658        3.423255       -2.510229   40.283350   18.585469    0.026183    9.723032
    0.741294    0.976447   -0.006566   -0.000383    0.068663        3.452678       -2.508844   40.431728   18.657903    0.026183    9.723032
    0.743781    0.976606   -0.006534   -0.002314    0.077369        3.484489       -2.507427   40.580130   18.730361    0.026183    9.723032
    0.746269    0.976763   -0.006452   -0.004462    0.086828        3.518762       -2.505976   40.728556   18.802842    0.026183    9.723032
    0.748756    0.976917   -0.006316   -0.006845    0.097089        3.555559       -2.504491   40.877005   18.875346    0.026183    9.723032
    0.751244    0.977068   -0.006119   -0.009483    0.108203        3.594917       -2.502973   41.025478   18.947873    0.026183    9.723032
    0.753731    0.977213   -0.005855   -0.012393    0.120220        3.636843       -2.501422   41.173973   19.020423    0.026183    9.723032
    0.756219    0.977351   -0.005517   -0.015598    0.133190        3.681311       -2.499838   41.322490   19.092993    0.026183    9.723032
    0.758706    0.977479   -0.005098   -0.019119    0.147159        3.728254       -2.498222   41.471027   19.165583    0.026183    9.723032
    0.761194    0.977596   -0.004590   -0.022978    0.162171        3.777552       -2.496577   41.619583   19.238192    0.026183    9.723032
    0.763682    0.977700   -0.003984   -0.027199    0.178265        3.829030       -2.494905   41.768156   19.310817    0.026183    9.723032
    0.766169    0.977788   -0.003271   -0.031805    0.195474        3.882446       -2.493210   41.916743   19.383457    0.026183    9.723032
    0.768657    0.977858   -0.002442   -0.036823    0.213824        3.937484       -2.491494   42.065342   19.456109    0.026183    9.723032
    0.771144    0.977905   -0.001486   -0.042276    0.233329        3.993753       -2.489764   42.213950   19.528769    0.026183    9.723032
    0.773632    0.977928   -0.000393   -0.048190    0.253995        4.050776       -2.488024   42.362564   19.601435    0.026183    9.723032
    0.776119    0.977923    0.000849   -0.054590    0.275810        4.107995       -2.486282   42.511179   19.674102    0.026183    9.723032
    0.778607    0.977886    0.002252   -0.061499    0.298750        4.164771       -2.484545   42.659791   19.746767    0.026183    9.723032
    0.781095    0.977813    0.003828   -0.068942    0.322774        4.220394       -2.482823   42.808394   19.819422    0.026183    9.723032
    0.783582    0.977699    0.005591   -0.076940    0.347819        4.274095       -2.481123   42.956984   19.892064    0.026183    9.723032
    0.786070    0.977541    0.007554   -0.085512    0.373805        4.325067       -2.479458   43.105552   19.964685    0.026183    9.723032
    0.788557    0.977332    0.009732   -0.094677    0.400632        4.372491       -2.477836   43.254093   20.037277    0.026183    9.723032
    0.791045    0.977068    0.012139   -0.104449    0.428176        4.415567       -2.476270   43.402598   20.109833    0.026183    9.723032
    0.793532    0.976743    0.014790   -0.114840    0.456300        4.453547       -2.474770   43.551059   20.182342    0.026183    9.723032
    0.796020    0.976351    0.017699   -0.125858    0.484844        4.485776       -2.473347   43.699465   20.254796    0.026183    9.723032
    0.798507    0.975885    0.020883   -0.137506    0.513638        4.511725       -2.472010   43.847805   20.327182    0.026183    9.723032
    0.800995    0.975338    0.024356   -0.149785    0.542499        4.531022       -2.470770   43.996069   20.399488    0.026183    9.723032
    0.803483    0.974704    0.028134   -0.162689    0.571239        4.543480       -2.469633   44.144244   20.471700    0.026183    9.723032
    0.805970    0.973975    0.032231   -0.176210    0.599668        4.549104       -2.468605   44.292315   20.543804    0.026183    9.723032
    0.808458    0.973143    0.036662   -0.190332    0.627599        4.548100       -2.467691   44.440267   20.615782    0.026183    9.723032
    0.810945    0.972199    0.041443   -0.205038    0.654853        4.540858       -2.466893   44.588084   20.687616    0.026183    9.723032
    0.813433    0.971136    0.046585   -0.220305    0.681267        4.527932       -2.466211   44.735749   20.759288    0.026183    9.723032
    0.815920    0.969943    0.052104   -0.236109    0.706689        4.510007       -2.465643   44.883243   20.830776    0.026183    9.723032
    0.818408    0.968613    0.058011   -0.252419    0.730990        4.487857       -2.465186   45.030545   20.902058    0.026183    9.723032
    0.820896    0.967136    0.064318   -0.269205    0.754062        4.462310       -2.464833   45.177634   20.973107    0.026183    9.723032
    0.823383    0.965501    0.071037   -0.286432    0.775817        4.434200       -2.464580   45.324487   21.043899    0.026183    9.723032
    0.825871    0.963699    0.078177   -0.304066    0.796188        4.404333       -2.464417   45.471079   21.114405    0.026183    9.723032
    0.828358    0.961720    0.085748   -0.322071    0.815132        4.373459       -2.464336   45.617383   21.184594    0.026183    9.723032
    0.830846    0.959553    0.093759   -0.340409    0.832620        4.342248       -2.464330   45.763373   21.254434    0.026183    9.723032
    0.833333    0.957187    0.102217   -0.359045    0.848644        4.311276       -2.464388   45.909018   21.323892    0.026183    9.723032
    0.835821    0.954613    0.111130   -0.377941    0.863207        4.281017       -2.464503   46.054288   21.392930    0.026183    9.723032
    0.838308    0.951819    0.120501   -0.397063    0.876325        4.251849       -2.464665   46.199150   21.461512    0.026183    9.723032
    0.840796    0.948794    0.130338   -0.416374    0.888024        4.224052       -2.464867   46.343571   21.529596    0.026183    9.723032
    0.843284    0.945528    0.140644   -0.435842    0.898335        4.197822       -2.465101   46.487513   21.597142    0.026183    9.723032
    0.845771    0.942010    0.151422   -0.455435    0.907295        4.173282       -2.465362   46.630940   21.664104    0.026183    9.723032
    0.848259    0.938228    0.162676   -0.475120    0.914946        4.150491       -2.465643   46.773813   21.730438    0.026183    9.723032
    0.850746    0.934172    0.174406   -0.494869    0.921329        4.129456       -2.465938   46.916090   21.796096    0.026183    9.723032
    0.853234    0.929830    0.186614   -0.514653    0.926486        4.110149       -2.466245   47.057729   21.861029    0.026183    9.723032
    0.855721    0.925193    0.199302   -0.534445    0.930461        4.092508       -2.466557   47.198686   21.925188    0.026183    9.723032
    0.858209    0.920250    0.212467   -0.554219    0.933296        4.076452       -2.466873   47.338915   21.988520    0.026183    9.723032
    0.860697    0.914989    0.226111   -0.573952    0.935030        4.061888       -2.467190   47.478369   22.050973    0.026183    9.723032
    0.863184    0.909401    0.240231   -0.593621    0.935702        4.048714       -2.467504   47.616999   22.112493    0.026183    9.723032
    0.865672    0.903477    0.254825   -0.613204    0.935349        4.036822       -2.467816   47.754754   22.173026    0.026183    9.723032
    0.868159    0.897204    0.269892   -0.632680    0.934005        4.026109       -2.468122   47.891582   22.232516    0.026183    9.723032
    0.870647    0.890576    0.285429   -0.652031    0.931704        4.016472       -2.468422   48.027431   22.290910    0.026183    9.723032
    0.873134    0.883581    0.301432   -0.671238    0.928476        4.007812       -2.468716   48.162244   22.348152    0.026183    9.723032
    0.875622    0.876211    0.317898   -0.690283    0.924350        4.000038       -2.469002   48.295966   22.404187    0.026183    9.723032
    0.878109    0.868458    0.334822   -0.709151    0.919354        3.993062       -2.469280   48.428539   22.458962    0.026183    9.723032
    0.880597    0.860313    0.352200   -0.727825    0.913514        3.986806       -2.469550   48.559904   22.512423    0.026183    9.723032
    0.883085    0.851769    0.370028   -0.746291    0.906854        3.981196       -2.469811   48.690001   22.564519    0.026183    9.723032
    0.885572    0.842817    0.388299   -0.764535    0.899397        3.976166       -2.470064   48.818768   22.615200    0.026183    9.723032
    0.888060    0.833451    0.407009   -0.782544    0.891166        3.971656       -2.470309   48.946144   22.664417    0.026183    9.723032
    0.890547    0.823666    0.426151   -0.800304    0.882180        3.967611       -2.470546   49.072065   22.712125    0.026183    9.723032
    0.893035    0.813454    0.445720   -0.817804    0.872462        3.963982       -2.470775   49.196466   22.758282    0.026183    9.723032
    0.895522    0.802810    0.465709   -0.835033    0.862029        3.960725       -2.470995   49.319283   22.802847    0.026183    9.723032
    0.898010    0.791730    0.486111   -0.851980    0.850901        3.957801       -2.471209   49.440449   22.845784    0.026183    9.723032
    0.900498    0.780209    0.506920   -0.868633    0.839096        3.955174       -2.471415   49.559897   22.887061    0.026183    9.723032
    0.902985    0.768244    0.528127   -0.884984    0.826631        3.952814       -2.471614   49.677562   22.926650    0.026183    9.723032
    0.905473    0.755832    0.549727   -0.901023    0.813525        3.950691       -2.471807   49.793374   22.964526    0.026183    9.723032
    0.907960    0.742971    0.571710   -0.916741    0.799793        3.948782       -2.471993   49.907265   23.000671    0.026183    9.723032
    0.910448    0.729658    0.594070   -0.932129    0.785452        3.947063       -2.472173   50.019168   23.035070    0.026183    9.723032
    0.912935    0.715894    0.616798   -0.947179    0.770519        3.945515       -2.472347   50.129014   23.067715    0.026183    9.723032
    0.915423    0.701678    0.639885   -0.961884    0.755011        3.944120       -2.472516   50.236733   23.098603    0.026183    9.723032
    0.917910    0.687010    0.663324   -0.976235    0.738943        3.942863       -2.472679   50.342258   23.127737    0.026183    9.723032
    0.920398    0.671893    0.687106   -0.990226    0.722332        3.941729       -2.472838   50.445519   23.155124    0.026183    9.723032
    0.922886    0.656328    0.711222   -1.003850    0.705193        3.940706       -2.472992   50.546449   23.180780    0.026183    9.723032
    0.925373    0.640318    0.735663   -1.017101    0.687542        3.939783       -2.473142   50.644980   23.204725    0.026183    9.723032
    0.927861    0.623867    0.760419   -1.029972    0.669396        3.938949       -2.473288   50.741044   23.226984    0.026183    9.723032
    0.930348    0.606980    0.785483   -1.042457    0.650770        3.938196       -2.473429   50.834575   23.247592    0.026183    9.723032
    0.932836    0.589661    0.810843   -1.054551    0.631680        3.937516       -2.473568   50.925506   23.266585    0.026183    9.723032
    0.935323    0.571918    0.836492   -1.066249    0.612142        3.936903       -2.473703   51.013774   23.284008    0.026183    9.723032
    0.937811    0.553756    0.862418   -1.077545    0.592171        3.936348       -2.473835   51.099313   23.299910    0.026183    9.723032
    0.940299    0.535185    0.888613   -1.088435    0.571785        3.935848       -2.473964   51.182061   23.314346    0.026183    9.723032
    0.942786    0.516212    0.915066   -1.098914    0.550999        3.935396       -2.474090   51.261956   23.327374    0.026183    9.723032
    0.945274    0.496847    0.941767   -1.108977    0.529829        3.934988       -2.474214   51.338938   23.339059    0.026183    9.723032
    0.947761    0.477101    0.968707   -1.118621    0.508291        3.934621       -2.474335   51.412947   23.349470    0.026183    9.723032
    0.950249    0.456984    0.995875   -1.127842    0.486401        3.934290       -2.474455   51.483928   23.358676    0.026183    9.723032
    0.952736    0.436508    1.023261   -1.136635    0.464176        3.933992       -2.474573   51.551824   23.366752    0.026183    9.723032
    0.955224    0.415687    1.050855   -1.144998    0.441631        3.933724       -2.474689   51.616582   23.373776    0.026183    9.723032
    0.957711    0.394532    1.078645   -1.152927    0.418784        3.933484       -2.474804   51.678151   23.379825    0.026183    9.723032
    0.960199    0.373059    1.106622   -1.160419    0.395650        3.933269       -2.474917   51.736480   23.384980    0.026183    9.723032
    0.962687    0.351282    1.134775   -1.167472    0.372246        3.933077       -2.475030   51.791522   23.389320    0.026183    9.723032
    0.965174    0.329217    1.163093   -1.174082    0.348588        3.932906       -2.475141   51.843233   23.392926    0.026183    9.723032
    0.967662    0.306880    1.191565   -1.180246    0.324693        3.932754       -2.475252   51.891570   23.395877    0.026183    9.723032
    0.970149    0.284286    1.220182   -1.185964    0.300577        3.932620       -2.475362   51.936493   23.398250    0.026183    9.723032
    0.972637    0.261455    1.248931   -1.191232    0.276256        3.932502       -2.475472   51.977964   23.400120    0.026183    9.723032
    0.975124    0.238403    1.277802   -1.196049    0.251748        3.932400       -2.475581   52.015948   23.401560    0.026183    9.723032
    0.977612    0.215149    1.306784   -1.200412    0.227069        3.932311       -2.475691   52.050413   23.402637    0.026183    9.723032
    0.980100    0.191712    1.335866   -1.204321    0.202236        3.932234       -2.475801   52.081331   23.403416    0.026183    9.723032
    0.982587    0.168111    1.365037   -1.207773    0.177264        3.932170       -2.475911   52.108674   23.403956    0.026183    9.723032
    0.985075    0.144366    1.394286   -1.210768    0.152171        3.932116       -2.476021   52.132419   23.404310    0.026183    9.723032
    0.987562    0.120496    1.423602   -1.213304    0.126974        3.932072       -2.476133   52.152546   23.404527    0.026183    9.723032
    0.990050    0.096523    1.452974   -1.215380    0.101688        3.932038       -2.476245   52.169037   23.404647    0.026183    9.723032
    0.992537    0.072465    1.482391   -1.216996    0.076331        3.932012       -2.476358   52.181879   23.404704    0.026183    9.723032
    0.995025    0.048345    1.511841   -1.218150    0.050920        3.931995       -2.476472   52.191059   23.404725    0.026183    9.723032
    0.997512    0.024183    1.541313   -1.218843    0.025471        3.931985       -2.476587   52.196570   23.404730    0.026183    9.723032
    1.000000    0.000000    1.570796   -1.219074    0.000000        3.931981       -2.476704   52.198408   23.404730    0.026183    9.723032
