           t           r         psi          cs          qs               p             sig           A           V          Q2           S
    0.000000   -0.000000   -1.570796    0.191896    0.000000      -31.816979      121.737477   -0.000000    0.000000    0.176862    6.014289
    0.002488    0.014961   -1.573684    0.195160   -0.579897      -31.801271      116.795445    0.000703   -0.000000    0.176862    6.014289
    0.004975    0.029922   -1.576668    0.204869   -1.151593      -31.752149      111.912198    0.002813   -0.000000    0.176862    6.014289
    0.007463    0.044882   -1.579846    0.220990   -1.724376      -31.666269      107.085790    0.006329   -0.000001    0.176862    6.014289
    0.009950    0.059842   -1.583313    0.243593   -2.306053      -31.539172      102.314330    0.011251   -0.000002    0.176862    6.014289
    0.012438    0.074802   -1.587167    0.272837   -2.903110      -31.365033       97.595994    0.017579   -0.000005    0.176862    6.014289
    0.014925    0.089760   -1.591511    0.308954   -3.520800      -31.136478       92.929016    0.025314   -0.000011    0.176862    6.014289
    0.017413    0.104717   -1.596448    0.352229   -4.163186      -30.844394       88.311701    0.034454   -0.000021    0.176862    6.014289
    0.019900    0.119672   -1.602087    0.402989   -4.833136      -30.477722       83.742419    0.045001   -0.000038    0.176862    6.014289
    0.022388    0.134624   -1.608545    0.461588   -5.532272      -30.023227       79.219615    0.056953   -0.000065    0.176862    6.014289
    0.024876    0.149572   -1.615940    0.528388   -6.260901      -29.465233       74.741805    0.070311   -0.000104    0.176862    6.014289
    0.027363    0.164514   -1.624398    0.603741   -7.017902      -28.785348       70.307588    0.085073   -0.000161    0.176862    6.014289
    0.029851    0.179450   -1.634049    0.687974   -7.800603      -27.962151       65.915643    0.101240   -0.000243    0.176862    6.014289
    0.032338    0.194376   -1.645029    0.781364   -8.604628      -26.970861       61.564738    0.118810   -0.000356    0.176862    6.014289
    0.034826    0.209288   -1.657476    0.884118   -9.423745      -25.782995       57.253735    0.137783   -0.000510    0.176862    6.014289
    0.037313    0.224183   -1.671531    0.996347  -10.249694      -24.366007       52.981594    0.158157   -0.000716    0.176862    6.014289
    0.039801    0.239056   -1.687336    1.118041  -11.072029      -22.682931       48.747380    0.179930   -0.000990    0.176862    6.014289
    0.042289    0.253900   -1.705031    1.249036  -11.877965      -20.692040       44.550272    0.203099   -0.001347    0.176862    6.014289
    0.044776    0.268706   -1.724754    1.388990  -12.652242      -18.346528       40.389569    0.227663   -0.001808    0.176862    6.014289
    0.047264    0.283464   -1.746634    1.537347  -13.377025      -15.594253       36.264695    0.253616   -0.002396    0.176862    6.014289
    0.049751    0.298162   -1.770792    1.693305  -14.031849      -12.377561       32.175215    0.280953   -0.003139    0.176862    6.014289
    0.052239    0.312784   -1.797333    1.855786  -14.593619       -8.633232       28.120835    0.309669   -0.004068    0.176862    6.014289
    0.054726    0.327313   -1.826346    2.023400  -15.036691       -4.292582       24.101416    0.339755   -0.005217    0.176862    6.014289
    0.057214    0.341726   -1.857894    2.194416  -15.333043        0.718211       20.116978    0.371202   -0.006627    0.176862    6.014289
    0.059701    0.356001   -1.892014    2.366735  -15.452554        6.477527       16.167704    0.403997   -0.008341    0.176862    6.014289
    0.062189    0.370108   -1.928705    2.537864  -15.363410       13.067396       12.253946    0.438126   -0.010404    0.176862    6.014289
    0.064677    0.384015   -1.967931    2.704896  -15.032651       20.572216        8.376225    0.473573   -0.012868    0.176862    6.014289
    0.067164    0.397689   -2.009604    2.864499  -14.426857       29.077059        4.535219    0.510316   -0.015783    0.176862    6.014289
    0.069652    0.411089   -2.053586    3.012909  -13.512990       38.665545        0.731756    0.548331   -0.019202    0.176862    6.014289
    0.072139    0.424177   -2.099679    3.145936  -12.259362       49.417292       -3.033206    0.587592   -0.023175    0.176862    6.014289
    0.074627    0.436909   -2.147619    3.258981  -10.636730       61.405002       -6.758608    0.628067   -0.027752    0.176862    6.014289
    0.077114    0.449243   -2.197069    3.347060   -8.619470       74.691302      -10.443326    0.669721   -0.032975    0.176862    6.014289
    0.079602    0.461139   -2.247618    3.404850   -6.186781       89.325499      -14.086217    0.712513   -0.038882    0.176862    6.014289
    0.082090    0.472557   -2.298770    3.426742   -3.323876      105.340503      -17.686165    0.756402   -0.045503    0.176862    6.014289
    0.084577    0.483466   -2.349944    3.406913   -0.023078      122.750176      -21.242136    0.801340   -0.052854    0.176862    6.014289
    0.087065    0.493840   -2.400473    3.339414    3.715223      141.547423      -24.753226    0.847279   -0.060942    0.176862    6.014289
    0.089552    0.503664   -2.449598    3.218269    7.881791      161.703274      -28.218698    0.894167   -0.069762    0.176862    6.014289
    0.092040    0.512934   -2.496473    3.037602   12.457953      183.167162      -31.638001    0.941952   -0.079295    0.176862    6.014289
    0.094527    0.521662   -2.540164    2.791772   17.415120      205.868448      -35.010764    0.990584   -0.089512    0.176862    6.014289
    0.097015    0.529876   -2.579656    2.475539   22.714291      229.719048      -38.336746    1.040011   -0.100372    0.176862    6.014289
    0.099502    0.537624   -2.613862    2.084257   28.305285      254.616836      -41.615757    1.090188   -0.111829    0.176862    6.014289
    0.101990    0.544970   -2.641628    1.614107   34.125375      280.449228      -44.847519    1.141074   -0.123827    0.176862    6.014289
    0.104478    0.552000   -2.661752    1.062380   40.096887      307.096211      -48.031481    1.192635   -0.136310    0.176862    6.014289
    0.106965    0.558821   -2.673003    0.427835   46.123383      334.431895      -51.166589    1.244846   -0.149215    0.176862    6.014289
    0.109453    0.565559   -2.674143   -0.288862   52.084136      362.323634      -54.250990    1.297693   -0.162478    0.176862    6.014289
    0.111940    0.572355   -2.663965   -1.084592   57.827046      390.627773      -57.281692    1.351175   -0.176032    0.176862    6.014289
    0.114428    0.579367   -2.641327   -1.953150   63.160791      419.181230      -60.254157    1.405305   -0.189799    0.176862    6.014289
    0.116915    0.586764   -2.605209   -2.884544   67.848143      447.788398      -63.161814    1.460111   -0.203685    0.176862    6.014289
    0.119403    0.594715   -2.554774   -3.864322   71.603617      476.203371      -65.995489    1.515637   -0.217573    0.176862    6.014289
    0.121891    0.603385   -2.489436   -4.873058   74.099896      504.108300      -68.742709    1.571943   -0.231311    0.176862    6.014289
    0.124378    0.612918   -2.408940   -5.886217   74.987689      531.089873      -71.386864    1.629103   -0.244697    0.176862    6.014289
    0.126866    0.623427   -2.313432   -6.874628   73.932124      556.617646      -73.906196    1.687205   -0.257464    0.176862    6.014289
    0.129353    0.634971   -2.203524   -7.805756   70.664444      580.029949      -76.272603    1.746343   -0.269278    0.176862    6.014289
    0.131841    0.647541   -2.080324   -8.645818   65.041190      600.535241      -78.450297    1.806614   -0.279728    0.176862    6.014289
    0.134328    0.661048   -1.945441   -9.362577   57.096475      617.238224      -80.394379    1.868113   -0.288336    0.176862    6.014289
    0.136816    0.675314   -1.800933   -9.928362   47.070271      629.199603      -82.049559    1.930918   -0.294582    0.176862    6.014289
    0.139303    0.690082   -1.649222  -10.322734   35.399980      635.534817      -83.349360    1.995090   -0.297944    0.176862    6.014289
    0.141791    0.705028   -1.492971  -10.534256   22.673639      635.548819      -84.216326    2.060662   -0.297944    0.176862    6.014289
    0.144279    0.719790   -1.334941  -10.561046    9.556045      628.890857      -84.563917    2.127633   -0.294210    0.176862    6.014289
    0.146766    0.734002   -1.177853  -10.410145   -3.292689      615.697264      -84.300747    2.195968   -0.286520    0.176862    6.014289
    0.149254    0.747326   -1.024265  -10.096001  -15.286815      596.677281      -83.337576    2.265601   -0.274837    0.176862    6.014289
    0.151741    0.759483   -0.876477   -9.638518  -25.960925      573.096386      -81.596851    2.336432   -0.259315    0.176862    6.014289
    0.154229    0.770266   -0.736462   -9.061068  -34.989893      546.631835      -79.023653    2.408344   -0.240274    0.176862    6.014289
    0.156716    0.779554   -0.605827   -8.388716  -42.187715      519.115947      -75.596003    2.481199   -0.218161    0.176862    6.014289
    0.159204    0.787304   -0.485803   -7.646798  -47.492993      492.229081      -71.331974    2.554855   -0.193495    0.176862    6.014289
    0.161692    0.793545   -0.377245   -6.859813  -50.947975      467.231028      -66.291448    2.629168   -0.166812    0.176862    6.014289
    0.164179    0.798362   -0.280655   -6.050609  -52.675596      444.807924      -60.571654    2.704000   -0.138624    0.176862    6.014289
    0.166667    0.801879   -0.196207   -5.239794  -52.856783      425.065602      -54.297296    2.779223   -0.109379    0.176862    6.014289
    0.169154    0.804248   -0.123789   -4.445341  -51.709118      407.645359      -47.607565    2.854721   -0.079450    0.176862    6.014289
    0.171642    0.805629   -0.063037   -3.682359  -49.467670      391.903051      -40.642801    2.930394   -0.049125    0.176862    6.014289
    0.174129    0.806187   -0.013387   -2.963039  -46.368827      377.089344      -33.533209    3.006157   -0.018618    0.176862    6.014289
    0.176617    0.806081    0.025887   -2.296715  -42.637803      362.489417      -26.390984    3.081940    0.011926    0.176862    6.014289
    0.179104    0.805460    0.055632   -1.690051  -38.480057      347.507439      -19.306148    3.157688    0.042418    0.176862    6.014289
    0.181592    0.804460    0.076776   -1.147289  -34.076397      331.701345      -12.345579    3.233359    0.072806    0.176862    6.014289
    0.184080    0.803203    0.090291   -0.670538  -29.581078      314.782810       -5.554342    3.308922    0.103069    0.176862    6.014289
    0.186567    0.801795    0.097170   -0.260074  -25.122066      296.597911        1.041615    3.384360    0.133205    0.176862    6.014289
    0.189055    0.800328    0.098397    0.085360  -20.802636      277.100331        7.432161    3.459661    0.163220    0.176862    6.014289
    0.191542    0.798879    0.094928    0.368282  -16.703632      256.324377       13.619645    3.534825    0.193129    0.176862    6.014289
    0.194030    0.797511    0.087672    0.592211  -12.885954      234.361367       19.615817    3.609857    0.222948    0.176862    6.014289
    0.196517    0.796274    0.077481    0.761439   -9.392997      211.340564       25.439195    3.684765    0.252692    0.176862    6.014289
    0.199005    0.795206    0.065137    0.880813   -6.252940      187.414563       31.112887    3.759565    0.282376    0.176862    6.014289
    0.201493    0.794333    0.051348    0.955552   -3.480863      162.748490       36.662872    3.834274    0.312013    0.176862    6.014289
    0.203980    0.793674    0.036741    0.991067   -1.080703      137.512253       42.116672    3.908910    0.341614    0.176862    6.014289
    0.206468    0.793236    0.021862    0.992818    0.952917      111.875156       47.502336    3.983495    0.371190    0.176862    6.014289
    0.208955    0.793019    0.007175    0.966177    2.632970       86.002258       52.847693    4.058049    0.400752    0.176862    6.014289
    0.211443    0.793018   -0.006932    0.916320    3.978430       60.052046       58.179788    4.132593    0.430308    0.176862    6.014289
    0.213930    0.793222   -0.020151    0.848140    5.012790       34.175006       63.524472    4.207146    0.459869    0.176862    6.014289
    0.216418    0.793615   -0.032242    0.766174    5.762735        8.512824       68.906096    4.281728    0.489446    0.176862    6.014289
    0.218905    0.794180   -0.043029    0.674554    6.256957      -16.802029       74.347278    4.356355    0.519047    0.176862    6.014289
    0.221393    0.794895   -0.052396    0.576981    6.525147      -41.646523       79.868730    4.431042    0.548683    0.176862    6.014289
    0.223881    0.795740   -0.060279    0.476703    6.597145      -65.907227       85.489120    4.505803    0.578365    0.176862    6.014289
    0.226368    0.796690   -0.066660    0.376518    6.502257      -89.480524       91.224963    4.580648    0.608101    0.176862    6.014289
    0.228856    0.797725   -0.071558    0.278781    6.268706     -112.272922       97.090540    4.655587    0.637900    0.176862    6.014289
    0.231343    0.798823   -0.075024    0.185421    5.923222     -134.201493      103.097842    4.730626    0.667770    0.176862    6.014289
    0.233831    0.799961   -0.077135    0.097968    5.490732     -155.194430      109.256527    4.805770    0.697717    0.176862    6.014289
    0.236318    0.801122   -0.077990    0.017581    4.994145     -175.191687      115.573910    4.881023    0.727748    0.176862    6.014289
    0.238806    0.802287   -0.077701   -0.054917    4.454205     -194.145633      122.054984    4.956385    0.757865    0.176862    6.014289
    0.241294    0.803440   -0.076389   -0.119009    3.889408     -212.021661      128.702456    5.031856    0.788072    0.176862    6.014289
    0.243781    0.804566   -0.074183   -0.174441    3.315968     -228.798657      135.516832    5.107434    0.818368    0.176862    6.014289
    0.246269    0.805654   -0.071213   -0.221192    2.747826     -244.469275      142.496518    5.183116    0.848754    0.176862    6.014289
    0.248756    0.806692   -0.067607   -0.259435    2.196693     -259.039945      149.637964    5.258899    0.879228    0.176862    6.014289
    0.251244    0.807672   -0.063491   -0.289505    1.672128     -272.530573      156.935830    5.334776    0.909785    0.176862    6.014289
    0.253731    0.808588   -0.058983   -0.311865    1.181647     -284.973918      164.383182    5.410743    0.940423    0.176862    6.014289
    0.256219    0.809435   -0.054195   -0.327076    0.730854     -296.414645      171.971704    5.486792    0.971137    0.176862    6.014289
    0.258706    0.810208   -0.049229   -0.335768    0.323597     -306.908081      179.691930    5.562918    1.001920    0.176862    6.014289
    0.261194    0.810907   -0.044177   -0.338619   -0.037859     -316.518732      187.533479    5.639113    1.032767    0.176862    6.014289
    0.263682    0.811530   -0.039122   -0.336326   -0.352644     -325.318607      195.485294    5.715370    1.063670    0.176862    6.014289
    0.266169    0.812077   -0.034136   -0.329590   -0.621090     -333.385436      203.535881    5.791682    1.094625    0.176862    6.014289
    0.268657    0.812552   -0.029279   -0.319100   -0.844534     -340.800843      211.673524    5.868042    1.125624    0.176862    6.014289
    0.271144    0.812954   -0.024603   -0.305517   -1.025125     -347.648555      219.886499    5.944443    1.156660    0.176862    6.014289
    0.273632    0.813289   -0.020150   -0.289464   -1.165638     -354.012705      228.163257    6.020878    1.187729    0.176862    6.014289
    0.276119    0.813558   -0.015951   -0.271521   -1.269300     -359.976281      236.492589    6.097343    1.218823    0.176862    6.014289
    0.278607    0.813767   -0.012032   -0.252213   -1.339631     -365.619761      244.863762    6.173829    1.249937    0.176862    6.014289
    0.281095    0.813920   -0.008409   -0.232017   -1.380309     -371.019959      253.266637    6.250333    1.281066    0.176862    6.014289
    0.283582    0.814021   -0.005092   -0.211351   -1.395047     -376.249092      261.691752    6.326848    1.312206    0.176862    6.014289
    0.286070    0.814074   -0.002086   -0.190577   -1.387493     -381.374070      270.130388    6.403371    1.343353    0.176862    6.014289
    0.288557    0.814085    0.000611   -0.170009   -1.361153     -386.455998      278.574606    6.479896    1.374502    0.176862    6.014289
    0.291045    0.814057    0.003004   -0.149904   -1.319330     -391.549876      287.017275    6.556421    1.405650    0.176862    6.014289
    0.293532    0.813996    0.005100   -0.130476   -1.265078     -396.704470      295.452070    6.632942    1.436795    0.176862    6.014289
    0.296020    0.813906    0.006912   -0.111894   -1.201178     -401.962333      303.873459    6.709455    1.467934    0.176862    6.014289
    0.298507    0.813791    0.008453   -0.094288   -1.130121     -407.359955      312.276686    6.785959    1.499064    0.176862    6.014289
    0.300995    0.813654    0.009739   -0.077753   -1.054105     -412.928005      320.657731    6.862451    1.530184    0.176862    6.014289
    0.303483    0.813500    0.010785   -0.062352   -0.975042     -418.691649      329.013269    6.938929    1.561293    0.176862    6.014289
    0.305970    0.813333    0.011610   -0.048123   -0.894565     -424.670926      337.340631    7.015392    1.592389    0.176862    6.014289
    0.308458    0.813154    0.012231   -0.035082   -0.814054     -430.881153      345.637743    7.091839    1.623472    0.176862    6.014289
    0.310945    0.812968    0.012666   -0.023223   -0.734646     -437.333353      353.903086    7.168268    1.654541    0.176862    6.014289
    0.313433    0.812776    0.012932   -0.012528   -0.657266     -444.034685      362.135636    7.244680    1.685595    0.176862    6.014289
    0.315920    0.812582    0.013046   -0.002964   -0.582642     -450.988870      370.334814    7.321074    1.716634    0.176862    6.014289
    0.318408    0.812386    0.013026    0.005511   -0.511336     -458.196600      378.500440    7.397449    1.747658    0.176862    6.014289
    0.320896    0.812192    0.012886    0.012946   -0.443760     -465.655939      386.632680    7.473806    1.778667    0.176862    6.014289
    0.323383    0.812001    0.012643    0.019398   -0.380201     -473.362685      394.732004    7.550145    1.809662    0.176862    6.014289
    0.325871    0.811814    0.012311    0.024926   -0.320837     -481.310717      402.799140    7.626466    1.840642    0.176862    6.014289
    0.328358    0.811633    0.011902    0.029589   -0.265756     -489.492309      410.835039    7.702770    1.871609    0.176862    6.014289
    0.330846    0.811459    0.011429    0.033452   -0.214973     -497.898421      418.840835    7.779057    1.902562    0.176862    6.014289
    0.333333    0.811292    0.010905    0.036576   -0.168442     -506.518955      426.817809    7.855328    1.933502    0.176862    6.014289
    0.335821    0.811133    0.010338    0.039023   -0.126072     -515.342993      434.767368    7.931583    1.964430    0.176862    6.014289
    0.338308    0.810982    0.009740    0.040853   -0.087729     -524.359000      442.691007    8.007824    1.995347    0.176862    6.014289
    0.340796    0.810841    0.009119    0.042125   -0.053257     -533.555012      450.590289    8.084052    2.026252    0.176862    6.014289
    0.343284    0.810710    0.008482    0.042894   -0.022475     -542.918798      458.466826    8.160267    2.057147    0.176862    6.014289
    0.345771    0.810588    0.007837    0.043214    0.004812     -552.437998      466.322253    8.236469    2.088033    0.176862    6.014289
    0.348259    0.810475    0.007191    0.043136    0.028805     -562.100249      474.158217    8.312661    2.118910    0.176862    6.014289
    0.350746    0.810372    0.006548    0.042707    0.049714     -571.893288      481.976357    8.388842    2.149779    0.176862    6.014289
    0.353234    0.810279    0.005915    0.041971    0.067747     -581.805045      489.778295    8.465015    2.180641    0.176862    6.014289
    0.355721    0.810195    0.005294    0.040972    0.083111     -591.823716      497.565622    8.541179    2.211496    0.176862    6.014289
    0.358209    0.810121    0.004690    0.039746    0.096012     -601.937830      505.339890    8.617335    2.242345    0.176862    6.014289
    0.360697    0.810055    0.004106    0.038331    0.106646     -612.136302      513.102604    8.693485    2.273188    0.176862    6.014289
    0.363184    0.809998    0.003544    0.036759    0.115207     -622.408472      520.855214    8.769630    2.304027    0.176862    6.014289
    0.365672    0.809949    0.003006    0.035060    0.121877     -632.744144      528.599111    8.845769    2.334863    0.176862    6.014289
    0.368159    0.809908    0.002495    0.033262    0.126834     -643.133611      536.335621    8.921904    2.365694    0.176862    6.014289
    0.370647    0.809874    0.002011    0.031389    0.130243     -653.567675      544.066004    8.998035    2.396523    0.176862    6.014289
    0.373134    0.809847    0.001556    0.029466    0.132263     -664.037661      551.791449    9.074164    2.427350    0.176862    6.014289
    0.375622    0.809827    0.001130    0.027511    0.133043     -674.535423      559.513074    9.150290    2.458175    0.176862    6.014289
    0.378109    0.809813    0.000733    0.025543    0.132723     -685.053353      567.231925    9.226415    2.488999    0.176862    6.014289
    0.380597    0.809805    0.000366    0.023579    0.131433     -695.584375      574.948975    9.302539    2.519822    0.176862    6.014289
    0.383085    0.809802    0.000027    0.021632    0.129296     -706.121948      582.665123    9.378662    2.550644    0.176862    6.014289
    0.385572    0.809804   -0.000282    0.019715    0.126425     -716.660051      590.381198    9.454786    2.581467    0.176862    6.014289
    0.388060    0.809811   -0.000563    0.017839    0.122924     -727.193181      598.097958    9.530909    2.612289    0.176862    6.014289
    0.390547    0.809821   -0.000816    0.016014    0.118892     -737.716336      605.816090    9.607034    2.643113    0.176862    6.014289
    0.393035    0.809835   -0.001042    0.014247    0.114418     -748.225006      613.536215    9.683159    2.673937    0.176862    6.014289
    0.395522    0.809852   -0.001242    0.012544    0.109583     -758.715151      621.258889    9.759286    2.704762    0.176862    6.014289
    0.398010    0.809872   -0.001418    0.010912    0.104463     -769.183190      628.984602    9.835415    2.735589    0.176862    6.014289
    0.400498    0.809894   -0.001569    0.009355    0.099126     -779.625980      636.713788    9.911546    2.766418    0.176862    6.014289
    0.402985    0.809919   -0.001698    0.007875    0.093634     -790.040799      644.446818    9.987679    2.797248    0.176862    6.014289
    0.405473    0.809945   -0.001805    0.006476    0.088043     -800.425323      652.184010   10.063814    2.828080    0.176862    6.014289
    0.407960    0.809973   -0.001892    0.005158    0.082403     -810.777607      659.925631   10.139952    2.858914    0.176862    6.014289
    0.410448    0.810001   -0.001960    0.003923    0.076760     -821.096068      667.671896   10.216093    2.889751    0.176862    6.014289
    0.412935    0.810031   -0.002010    0.002772    0.071152     -831.379457      675.422974   10.292236    2.920589    0.176862    6.014289
    0.415423    0.810062   -0.002043    0.001702    0.065617     -841.626844      683.178992   10.368382    2.951430    0.176862    6.014289
    0.417910    0.810092   -0.002061    0.000715    0.060184     -851.837594      690.940033   10.444531    2.982274    0.176862    6.014289
    0.420398    0.810123   -0.002065   -0.000193    0.054880     -862.011346      698.706146   10.520683    3.013119    0.176862    6.014289
    0.422886    0.810154   -0.002056   -0.001022    0.049729     -872.147994      706.477343   10.596838    3.043967    0.176862    6.014289
    0.425373    0.810185   -0.002035   -0.001775    0.044750     -882.247665      714.253604   10.672996    3.074817    0.176862    6.014289
    0.427861    0.810215   -0.002003   -0.002455    0.039959     -892.310699      722.034880   10.749156    3.105670    0.176862    6.014289
    0.430348    0.810245   -0.001962   -0.003063    0.035371     -902.337631      729.821097   10.825320    3.136525    0.176862    6.014289
    0.432836    0.810274   -0.001912   -0.003603    0.030994     -912.329173      737.612154   10.901486    3.167382    0.176862    6.014289
    0.435323    0.810302   -0.001854   -0.004079    0.026839     -922.286192      745.407931   10.977655    3.198241    0.176862    6.014289
    0.437811    0.810329   -0.001790   -0.004492    0.022910     -932.209696      753.208289   11.053826    3.229102    0.176862    6.014289
    0.440299    0.810355   -0.001720   -0.004846    0.019211     -942.100815      761.013071   11.130000    3.259966    0.176862    6.014289
    0.442786    0.810380   -0.001646   -0.005146    0.015744     -951.960788      768.822106   11.206177    3.290831    0.176862    6.014289
    0.445274    0.810404   -0.001567   -0.005393    0.012510     -961.790943      776.635212   11.282355    3.321699    0.176862    6.014289
    0.447761    0.810427   -0.001484   -0.005592    0.009507     -971.592688      784.452196   11.358536    3.352568    0.176862    6.014289
    0.450249    0.810449   -0.001400   -0.005746    0.006733     -981.367494      792.272854   11.434719    3.383438    0.176862    6.014289
    0.452736    0.810469   -0.001313   -0.005858    0.004185     -991.116882      800.096979   11.510904    3.414311    0.176862    6.014289
    0.455224    0.810488   -0.001224   -0.005932    0.001857    -1000.842413      807.924357   11.587091    3.445185    0.176862    6.014289
    0.457711    0.810506   -0.001135   -0.005971   -0.000256    -1010.545678      815.754770   11.663279    3.476060    0.176862    6.014289
    0.460199    0.810522   -0.001046   -0.005977   -0.002160    -1020.228283      823.587998   11.739470    3.506937    0.176862    6.014289
    0.462687    0.810537   -0.000957   -0.005954   -0.003861    -1029.891845      831.423821   11.815661    3.537814    0.176862    6.014289
    0.465174    0.810551   -0.000868   -0.005906   -0.005368    -1039.537980      839.262018   11.891854    3.568693    0.176862    6.014289
    0.467662    0.810563   -0.000780   -0.005834   -0.006688    -1049.168298      847.102368   11.968048    3.599573    0.176862    6.014289
    0.470149    0.810574   -0.000693   -0.005742   -0.007829    -1058.784393      854.944656   12.044243    3.630454    0.176862    6.014289
    0.472637    0.810584   -0.000608   -0.005632   -0.008798    -1068.387839      862.788665   12.120440    3.661335    0.176862    6.014289
    0.475124    0.810592   -0.000525   -0.005507   -0.009605    -1077.980185      870.634185   12.196637    3.692217    0.176862    6.014289
    0.477612    0.810600   -0.000444   -0.005369   -0.010258    -1087.562948      878.481010   12.272835    3.723100    0.176862    6.014289
    0.480100    0.810606   -0.000364   -0.005221   -0.010764    -1097.137610      886.328937   12.349033    3.753984    0.176862    6.014289
    0.482587    0.810610   -0.000287   -0.005064   -0.011133    -1106.705616      894.177770   12.425232    3.784867    0.176862    6.014289
    0.485075    0.810614   -0.000213   -0.004901   -0.011373    -1116.268370      902.027317   12.501431    3.815751    0.176862    6.014289
    0.487562    0.810617   -0.000141   -0.004734   -0.011491    -1125.827233      909.877394   12.577631    3.846636    0.176862    6.014289
    0.490050    0.810618   -0.000071   -0.004565   -0.011495    -1135.383520      917.727821   12.653831    3.877520    0.176862    6.014289
    0.492537    0.810619   -0.000004   -0.004394   -0.011393    -1144.938502      925.578426   12.730031    3.908405    0.176862    6.014289
    0.495025    0.810619    0.000060   -0.004224   -0.011193    -1154.493403      933.429042   12.806231    3.939289    0.176862    6.014289
    0.497512    0.810617    0.000122   -0.004057   -0.010900    -1164.049399      941.279509   12.882431    3.970174    0.176862    6.014289
    0.500000    0.810615    0.000182   -0.003893   -0.010523    -1173.607624      949.129673   12.958630    4.001058    0.176862    6.014289
    0.502488    0.810612    0.000239   -0.003734   -0.010067    -1183.169161      956.979386   13.034830    4.031942    0.176862    6.014289
    0.504975    0.810608    0.000293   -0.003582   -0.009538    -1192.735054      964.828506   13.111029    4.062826    0.176862    6.014289
    0.507463    0.810603    0.000346   -0.003436   -0.008942    -1202.306299      972.676898   13.187228    4.093710    0.176862    6.014289
    0.509950    0.810597    0.000396   -0.003299   -0.008285    -1211.883856      980.524431   13.263426    4.124593    0.176862    6.014289
    0.512438    0.810591    0.000445   -0.003170   -0.007570    -1221.468641      988.370981   13.339624    4.155476    0.176862    6.014289
    0.514925    0.810584    0.000491   -0.003052   -0.006804    -1231.061538      996.216426   13.415821    4.186358    0.176862    6.014289
    0.517413    0.810576    0.000536   -0.002945   -0.005989    -1240.663392     1004.060652   13.492017    4.217239    0.176862    6.014289
    0.519900    0.810568    0.000579   -0.002849   -0.005130    -1250.275020     1011.903548   13.568213    4.248120    0.176862    6.014289
    0.522388    0.810559    0.000621   -0.002765   -0.004230    -1259.897209     1019.745006   13.644407    4.279001    0.176862    6.014289
    0.524876    0.810550    0.000662   -0.002694   -0.003292    -1269.530723     1027.584921   13.720601    4.309880    0.176862    6.014289
    0.527363    0.810539    0.000702   -0.002637   -0.002319    -1279.176301     1035.423194   13.796794    4.340759    0.176862    6.014289
    0.529851    0.810529    0.000741   -0.002593   -0.001313    -1288.834667     1043.259725   13.872986    4.371637    0.176862    6.014289
    0.532338    0.810517    0.000780   -0.002564   -0.000275    -1298.506528     1051.094418   13.949177    4.402515    0.176862    6.014289
    0.534826    0.810505    0.000818   -0.002550    0.000791    -1308.192581     1058.927176   14.025367    4.433391    0.176862    6.014289
    0.537313    0.810493    0.000856   -0.002551    0.001886    -1317.893517     1066.757907   14.101556    4.464266    0.176862    6.014289
    0.539801    0.810480    0.000894   -0.002567    0.003009    -1327.610024     1074.586516   14.177743    4.495141    0.176862    6.014289
    0.542289    0.810466    0.000933   -0.002600    0.004158    -1337.342792     1082.412908   14.253930    4.526014    0.176862    6.014289
    0.544776    0.810452    0.000972   -0.002649    0.005334    -1347.092515     1090.236988   14.330114    4.556887    0.176862    6.014289
    0.547264    0.810437    0.001012   -0.002716    0.006536    -1356.859900     1098.058659   14.406298    4.587758    0.176862    6.014289
    0.549751    0.810421    0.001054   -0.002799    0.007766    -1366.645667     1105.877823   14.482480    4.618628    0.176862    6.014289
    0.552239    0.810405    0.001096   -0.002900    0.009024    -1376.450555     1113.694378   14.558661    4.649497    0.176862    6.014289
    0.554726    0.810389    0.001140   -0.003019    0.010311    -1386.275327     1121.508220   14.634840    4.680365    0.176862    6.014289
    0.557214    0.810371    0.001187   -0.003157    0.011628    -1396.120776     1129.319240   14.711017    4.711231    0.176862    6.014289
    0.559701    0.810353    0.001235   -0.003314    0.012977    -1405.987726     1137.127323   14.787193    4.742096    0.176862    6.014289
    0.562189    0.810334    0.001286   -0.003489    0.014360    -1415.877043     1144.932352   14.863367    4.772959    0.176862    6.014289
    0.564677    0.810315    0.001339   -0.003685    0.015780    -1425.789633     1152.734202   14.939540    4.803822    0.176862    6.014289
    0.567164    0.810294    0.001396   -0.003901    0.017237    -1435.726452     1160.532742   15.015710    4.834682    0.176862    6.014289
    0.569652    0.810273    0.001456   -0.004137    0.018737    -1445.688510     1168.327831   15.091879    4.865541    0.176862    6.014289
    0.572139    0.810251    0.001520   -0.004395    0.020280    -1455.676875     1176.119324   15.168045    4.896398    0.176862    6.014289
    0.574627    0.810227    0.001588   -0.004675    0.021872    -1465.692681     1183.907063   15.244209    4.927254    0.176862    6.014289
    0.577114    0.810203    0.001660   -0.004978    0.023514    -1475.737130     1191.690884   15.320371    4.958108    0.176862    6.014289
    0.579602    0.810178    0.001737   -0.005304    0.025212    -1485.811502     1199.470609   15.396531    4.988960    0.176862    6.014289
    0.582090    0.810151    0.001819   -0.005654    0.026969    -1495.917157     1207.246052   15.472688    5.019810    0.176862    6.014289
    0.584577    0.810123    0.001906   -0.006029    0.028789    -1506.055542     1215.017011   15.548843    5.050657    0.176862    6.014289
    0.587065    0.810094    0.001999   -0.006429    0.030678    -1516.228199     1222.783274   15.624995    5.081503    0.176862    6.014289
    0.589552    0.810063    0.002099   -0.006856    0.032640    -1526.436769     1230.544615   15.701144    5.112346    0.176862    6.014289
    0.592040    0.810031    0.002205   -0.007311    0.034680    -1536.682999     1238.300791   15.777290    5.143187    0.176862    6.014289
    0.594527    0.809997    0.002318   -0.007794    0.036803    -1546.968749     1246.051544   15.853433    5.174026    0.176862    6.014289
    0.597015    0.809962    0.002438   -0.008307    0.039016    -1557.295999     1253.796601   15.929573    5.204862    0.176862    6.014289
    0.599502    0.809924    0.002566   -0.008852    0.041325    -1567.666854     1261.535669   16.005710    5.235695    0.176862    6.014289
    0.601990    0.809885    0.002703   -0.009428    0.043735    -1578.083555     1269.268437   16.081843    5.266525    0.176862    6.014289
    0.604478    0.809843    0.002849   -0.010038    0.046253    -1588.548482     1276.994574   16.157972    5.297352    0.176862    6.014289
    0.606965    0.809800    0.003004   -0.010684    0.048886    -1599.064163     1284.713729   16.234097    5.328175    0.176862    6.014289
    0.609453    0.809753    0.003169   -0.011366    0.051642    -1609.633284     1292.425527   16.310218    5.358996    0.176862    6.014289
    0.611940    0.809705    0.003344   -0.012086    0.054527    -1620.258695     1300.129571   16.386334    5.389812    0.176862    6.014289
    0.614428    0.809653    0.003530   -0.012847    0.057550    -1630.943419     1307.825438   16.462446    5.420625    0.176862    6.014289
    0.616915    0.809599    0.003729   -0.013649    0.060718    -1641.690657     1315.512681   16.538552    5.451434    0.176862    6.014289
    0.619403    0.809542    0.003939   -0.014496    0.064040    -1652.503803     1323.190824   16.614654    5.482238    0.176862    6.014289
    0.621891    0.809481    0.004162   -0.015389    0.067524    -1663.386449     1330.859364   16.690750    5.513038    0.176862    6.014289
    0.624378    0.809417    0.004400   -0.016330    0.071181    -1674.342394     1338.517766   16.766840    5.543834    0.176862    6.014289
    0.626866    0.809349    0.004651   -0.017321    0.075018    -1685.375654     1346.165466   16.842923    5.574624    0.176862    6.014289
    0.629353    0.809278    0.004918   -0.018366    0.079046    -1696.490473     1353.801864   16.919001    5.605409    0.176862    6.014289
    0.631841    0.809202    0.005201   -0.019466    0.083275    -1707.691330     1361.426328   16.995071    5.636188    0.176862    6.014289
    0.634328    0.809122    0.005501   -0.020624    0.087715    -1718.982952     1369.038188   17.071134    5.666961    0.176862    6.014289
    0.636816    0.809037    0.005819   -0.021844    0.092377    -1730.370322     1376.636736   17.147190    5.697728    0.176862    6.014289
    0.639303    0.808948    0.006155   -0.023128    0.097273    -1741.858691     1384.221225   17.223237    5.728488    0.176862    6.014289
    0.641791    0.808853    0.006511   -0.024480    0.102413    -1753.453586     1391.790867   17.299275    5.759242    0.176862    6.014289
    0.644279    0.808753    0.006888   -0.025902    0.107811    -1765.160825     1399.344828   17.375304    5.789987    0.176862    6.014289
    0.646766    0.808647    0.007286   -0.027398    0.113477    -1776.986523     1406.882231   17.451324    5.820725    0.176862    6.014289
    0.649254    0.808535    0.007708   -0.028972    0.119425    -1788.937105     1414.402151   17.527334    5.851455    0.176862    6.014289
    0.651741    0.808416    0.008154   -0.030628    0.125669    -1801.019316     1421.903613   17.603332    5.882175    0.176862    6.014289
    0.654229    0.808291    0.008625   -0.032370    0.132220    -1813.240234     1429.385590   17.679319    5.912886    0.176862    6.014289
    0.656716    0.808158    0.009123   -0.034201    0.139094    -1825.607277     1436.847003   17.755294    5.943587    0.176862    6.014289
    0.659204    0.808018    0.009649   -0.036127    0.146304    -1838.128214     1444.286716   17.831256    5.974278    0.176862    6.014289
    0.661692    0.807869    0.010204   -0.038151    0.153865    -1850.811179     1451.703535   17.907205    6.004958    0.176862    6.014289
    0.664179    0.807712    0.010791   -0.040279    0.161792    -1863.664674     1459.096205   17.983139    6.035626    0.176862    6.014289
    0.666667    0.807546    0.011410   -0.042515    0.170099    -1876.697583     1466.463410   18.059058    6.066281    0.176862    6.014289
    0.669154    0.807371    0.012063   -0.044865    0.178803    -1889.919181     1473.803767   18.134961    6.096923    0.176862    6.014289
    0.671642    0.807185    0.012753   -0.047334    0.187918    -1903.339139     1481.115826   18.210847    6.127551    0.176862    6.014289
    0.674129    0.806989    0.013480   -0.049927    0.197462    -1916.967530     1488.398068   18.286715    6.158165    0.176862    6.014289
    0.676617    0.806781    0.014248   -0.052650    0.207449    -1930.814842     1495.648902   18.362564    6.188763    0.176862    6.014289
    0.679104    0.806562    0.015056   -0.055509    0.217897    -1944.891973     1502.866661   18.438393    6.219344    0.176862    6.014289
    0.681592    0.806331    0.015909   -0.058510    0.228822    -1959.210244     1510.049602   18.514201    6.249908    0.176862    6.014289
    0.684080    0.806086    0.016808   -0.061660    0.240240    -1973.781395     1517.195904   18.589986    6.280453    0.176862    6.014289
    0.686567    0.805828    0.017755   -0.064966    0.252168    -1988.617585     1524.303662   18.665748    6.310979    0.176862    6.014289
    0.689055    0.805555    0.018753   -0.068433    0.264621    -2003.731396     1531.370890   18.741485    6.341484    0.176862    6.014289
    0.691542    0.805266    0.019803   -0.072069    0.277618    -2019.135822     1538.395516   18.817196    6.371968    0.176862    6.014289
    0.694030    0.804962    0.020910   -0.075882    0.291173    -2034.844268     1545.375378   18.892878    6.402428    0.176862    6.014289
    0.696517    0.804640    0.022075   -0.079878    0.305302    -2050.870539     1552.308228   18.968531    6.432864    0.176862    6.014289
    0.699005    0.804301    0.023301   -0.084065    0.320020    -2067.228826     1559.191725   19.044154    6.463274    0.176862    6.014289
    0.701493    0.803943    0.024591   -0.088451    0.335343    -2083.933692     1566.023435   19.119743    6.493657    0.176862    6.014289
    0.703980    0.803565    0.025949   -0.093045    0.351285    -2101.000056     1572.800832   19.195298    6.524011    0.176862    6.014289
    0.706468    0.803166    0.027376   -0.097853    0.367858    -2118.443164     1579.521294   19.270816    6.554335    0.176862    6.014289
    0.708955    0.802746    0.028878   -0.102885    0.385075    -2136.278566     1586.182102   19.346296    6.584626    0.176862    6.014289
    0.711443    0.802302    0.030456   -0.108149    0.402948    -2154.522082     1592.780445   19.421735    6.614884    0.176862    6.014289
    0.713930    0.801834    0.032115   -0.113653    0.421487    -2173.189766     1599.313413   19.497132    6.645106    0.176862    6.014289
    0.716418    0.801341    0.033858   -0.119406    0.440701    -2192.297863     1605.778001   19.572483    6.675290    0.176862    6.014289
    0.718905    0.800821    0.035689   -0.125417    0.460595    -2211.862761     1612.171109   19.647786    6.705434    0.176862    6.014289
    0.721393    0.800273    0.037612   -0.131694    0.481177    -2231.900940     1618.489543   19.723040    6.735535    0.176862    6.014289
    0.723881    0.799695    0.039631   -0.138247    0.502449    -2252.428907     1624.730020   19.798240    6.765593    0.176862    6.014289
    0.726368    0.799087    0.041750   -0.145084    0.524412    -2273.463134     1630.889164   19.873385    6.795603    0.176862    6.014289
    0.728856    0.798446    0.043974   -0.152214    0.547065    -2295.019983     1636.963515   19.948471    6.825564    0.176862    6.014289
    0.731343    0.797771    0.046306   -0.159646    0.570404    -2317.115623     1642.949529   20.023495    6.855472    0.176862    6.014289
    0.733831    0.797060    0.048752   -0.167388    0.594423    -2339.765951     1648.843582   20.098454    6.885325    0.176862    6.014289
    0.736318    0.796312    0.051316   -0.175448    0.619111    -2362.986488     1654.641981   20.173345    6.915120    0.176862    6.014289
    0.738806    0.795525    0.054003   -0.183836    0.644455    -2386.792286     1660.340961   20.248163    6.944853    0.176862    6.014289
    0.741294    0.794696    0.056819   -0.192559    0.670438    -2411.197815     1665.936699   20.322906    6.974522    0.176862    6.014289
    0.743781    0.793825    0.059767   -0.201625    0.697040    -2436.216850     1671.425315   20.397568    7.004123    0.176862    6.014289
    0.746269    0.792908    0.062853   -0.211041    0.724236    -2461.862350     1676.802889   20.472147    7.033651    0.176862    6.014289
    0.748756    0.791945    0.066083   -0.220814    0.751998    -2488.146329     1682.065461   20.546637    7.063104    0.176862    6.014289
    0.751244    0.790932    0.069462   -0.230952    0.780293    -2515.079726     1687.209047   20.621034    7.092477    0.176862    6.014289
    0.753731    0.789867    0.072996   -0.241459    0.809082    -2542.672266     1692.229648   20.695334    7.121766    0.176862    6.014289
    0.756219    0.788749    0.076689   -0.252341    0.838323    -2570.932318     1697.123264   20.769531    7.150967    0.176862    6.014289
    0.758706    0.787574    0.080548   -0.263604    0.867971    -2599.866753     1701.885903   20.843621    7.180074    0.176862    6.014289
    0.761194    0.786340    0.084578   -0.275251    0.897972    -2629.480797     1706.513599   20.917597    7.209083    0.176862    6.014289
    0.763682    0.785045    0.088786   -0.287285    0.928269    -2659.777886     1711.002423   20.991454    7.237989    0.176862    6.014289
    0.766169    0.783686    0.093177   -0.299710    0.958802    -2690.759518     1715.348503   21.065187    7.266786    0.176862    6.014289
    0.768657    0.782260    0.097756   -0.312526    0.989504    -2722.425116     1719.548035   21.138788    7.295469    0.176862    6.014289
    0.771144    0.780765    0.102530   -0.325735    1.020303    -2754.771886     1723.597303   21.212253    7.324032    0.176862    6.014289
    0.773632    0.779197    0.107504   -0.339335    1.051124    -2787.794689     1727.492695   21.285573    7.352469    0.176862    6.014289
    0.776119    0.777553    0.112685   -0.353326    1.081888    -2821.485915     1731.230720   21.358743    7.380774    0.176862    6.014289
    0.778607    0.775831    0.118078   -0.367705    1.112509    -2855.835374     1734.808031   21.431754    7.408939    0.176862    6.014289
    0.781095    0.774027    0.123690   -0.382468    1.142900    -2890.830195     1738.221435   21.504600    7.436959    0.176862    6.014289
    0.783582    0.772138    0.129525   -0.397611    1.172970    -2926.454743     1741.467919   21.577272    7.464825    0.176862    6.014289
    0.786070    0.770161    0.135589   -0.413126    1.202626    -2962.690548     1744.544662   21.649763    7.492531    0.176862    6.014289
    0.788557    0.768093    0.141888   -0.429006    1.231772    -2999.516260     1747.449058   21.722063    7.520068    0.176862    6.014289
    0.791045    0.765929    0.148427   -0.445243    1.260309    -3036.907618     1750.178729   21.794165    7.547429    0.176862    6.014289
    0.793532    0.763667    0.155212   -0.461826    1.288140    -3074.837445     1752.731545   21.866058    7.574605    0.176862    6.014289
    0.796020    0.761302    0.162247   -0.478743    1.315164    -3113.275669     1755.105638   21.937734    7.601588    0.176862    6.014289
    0.798507    0.758832    0.169538   -0.495983    1.341285    -3152.189365     1757.299415   22.009183    7.628368    0.176862    6.014289
    0.800995    0.756252    0.177090   -0.513530    1.366404    -3191.542825     1759.311575   22.080395    7.654938    0.176862    6.014289
    0.803483    0.753559    0.184906   -0.531369    1.390427    -3231.297657     1761.141119   22.151358    7.681286    0.176862    6.014289
    0.805970    0.750750    0.192991   -0.549485    1.413260    -3271.412907     1762.787360   22.222063    7.707404    0.176862    6.014289
    0.808458    0.747819    0.201349   -0.567858    1.434817    -3311.845211     1764.249931   22.292499    7.733281    0.176862    6.014289
    0.810945    0.744764    0.209983   -0.586470    1.455012    -3352.548974     1765.528794   22.362653    7.758907    0.176862    6.014289
    0.813433    0.741581    0.218898   -0.605302    1.473766    -3393.476570     1766.624242   22.432514    7.784273    0.176862    6.014289
    0.815920    0.738265    0.228096   -0.624331    1.491008    -3434.578567     1767.536902   22.502069    7.809366    0.176862    6.014289
    0.818408    0.734814    0.237580   -0.643537    1.506671    -3475.803979     1768.267736   22.571307    7.834177    0.176862    6.014289
    0.820896    0.731222    0.247353   -0.662898    1.520697    -3517.100526     1768.818037   22.640213    7.858693    0.176862    6.014289
    0.823383    0.727486    0.257416   -0.682389    1.533035    -3558.414920     1769.189427   22.708775    7.882905    0.176862    6.014289
    0.825871    0.723603    0.267771   -0.701987    1.543644    -3599.693158     1769.383848   22.776979    7.906800    0.176862    6.014289
    0.828358    0.719568    0.278421   -0.721669    1.552491    -3640.880831     1769.403553   22.844811    7.930367    0.176862    6.014289
    0.830846    0.715378    0.289365   -0.741409    1.559552    -3681.923430     1769.251096   22.912256    7.953594    0.176862    6.014289
    0.833333    0.711029    0.300605   -0.761184    1.564814    -3722.766661     1768.929319   22.979300    7.976470    0.176862    6.014289
    0.835821    0.706517    0.312141   -0.780969    1.568271    -3763.356757     1768.441335   23.045928    7.998983    0.176862    6.014289
    0.838308    0.701839    0.323973   -0.800740    1.569930    -3803.640783     1767.790513   23.112123    8.021121    0.176862    6.014289
    0.840796    0.696991    0.336101   -0.820472    1.569804    -3843.566932     1766.980457   23.177871    8.042874    0.176862    6.014289
    0.843284    0.691969    0.348523   -0.840143    1.567918    -3883.084811     1766.014989   23.243155    8.064228    0.176862    6.014289
    0.845771    0.686771    0.361239   -0.859728    1.564305    -3922.145706     1764.898126   23.307959    8.085174    0.176862    6.014289
    0.848259    0.681393    0.374247   -0.879206    1.559006    -3960.702834     1763.634056   23.372266    8.105700    0.176862    6.014289
    0.850746    0.675832    0.387546   -0.898555    1.552071    -3998.711566     1762.227122   23.436058    8.125794    0.176862    6.014289
    0.853234    0.670084    0.401133   -0.917753    1.543556    -4036.129636     1760.681789   23.499319    8.145447    0.176862    6.014289
    0.855721    0.664147    0.415006   -0.936781    1.533527    -4072.917316     1759.002629   23.562031    8.164649    0.176862    6.014289
    0.858209    0.658019    0.429162   -0.955620    1.522053    -4109.037568     1757.194292   23.624176    8.183388    0.176862    6.014289
    0.860697    0.651696    0.443599   -0.974252    1.509210    -4144.456166     1755.261486   23.685735    8.201656    0.176862    6.014289
    0.863184    0.645176    0.458312   -0.992661    1.495079    -4179.141795     1753.208952   23.746691    8.219445    0.176862    6.014289
    0.865672    0.638456    0.473300   -1.010830    1.479742    -4213.066118     1751.041442   23.807025    8.236744    0.176862    6.014289
    0.868159    0.631536    0.488557   -1.028745    1.463289    -4246.203813     1748.763697   23.866718    8.253548    0.176862    6.014289
    0.870647    0.624412    0.504080   -1.046394    1.445809    -4278.532595     1746.380428   23.925750    8.269847    0.176862    6.014289
    0.873134    0.617083    0.519866   -1.063765    1.427392    -4310.033196     1743.896296   23.984104    8.285637    0.176862    6.014289
    0.875622    0.609547    0.535909   -1.080847    1.408132    -4340.689340     1741.315892   24.041758    8.300912    0.176862    6.014289
    0.878109    0.601804    0.552205   -1.097631    1.388121    -4370.487678     1738.643719   24.098695    8.315666    0.176862    6.014289
    0.880597    0.593851    0.568750   -1.114110    1.367450    -4399.417719     1735.884180   24.154893    8.329895    0.176862    6.014289
    0.883085    0.585688    0.585540   -1.130277    1.346210    -4427.471733     1733.041561   24.210335    8.343597    0.176862    6.014289
    0.885572    0.577315    0.602569   -1.146126    1.324492    -4454.644641     1730.120018   24.264999    8.356769    0.176862    6.014289
    0.888060    0.568730    0.619832   -1.161653    1.302380    -4480.933897     1727.123564   24.318866    8.369409    0.176862    6.014289
    0.890547    0.559933    0.637326   -1.176856    1.279962    -4506.339351     1724.056063   24.371916    8.381518    0.176862    6.014289
    0.893035    0.550925    0.655044   -1.191733    1.257316    -4530.863108     1720.921214   24.424129    8.393096    0.176862    6.014289
    0.895522    0.541705    0.672983   -1.206282    1.234523    -4554.509383     1717.722552   24.475485    8.404145    0.176862    6.014289
    0.898010    0.532274    0.691137   -1.220504    1.211657    -4577.284343     1714.463435   24.525965    8.414667    0.176862    6.014289
    0.900498    0.522633    0.709501   -1.234400    1.188787    -4599.195956     1711.147040   24.575549    8.424667    0.176862    6.014289
    0.902985    0.512781    0.728071   -1.247972    1.165983    -4620.253832     1707.776361   24.624216    8.434149    0.176862    6.014289
    0.905473    0.502722    0.746841   -1.261223    1.143306    -4640.469068     1704.354207   24.671947    8.443119    0.176862    6.014289
    0.907960    0.492455    0.765807   -1.274157    1.120816    -4659.854099     1700.883195   24.718723    8.451585    0.176862    6.014289
    0.910448    0.481983    0.784965   -1.286778    1.098567    -4678.422539     1697.365754   24.764525    8.459555    0.176862    6.014289
    0.912935    0.471307    0.804309   -1.299090    1.076611    -4696.189045     1693.804123   24.809332    8.467037    0.176862    6.014289
    0.915423    0.460430    0.823834   -1.311101    1.054993    -4713.169171     1690.200352   24.853126    8.474041    0.176862    6.014289
    0.917910    0.449353    0.843538   -1.322816    1.033757    -4729.379236     1686.556302   24.895889    8.480580    0.176862    6.014289
    0.920398    0.438079    0.863414   -1.334241    1.012942    -4744.836197     1682.873647   24.937600    8.486664    0.176862    6.014289
    0.922886    0.426611    0.883459   -1.345384    0.992583    -4759.557529     1679.153881   24.978243    8.492308    0.176862    6.014289
    0.925373    0.414952    0.903669   -1.356252    0.972710    -4773.561110     1675.398313   25.017799    8.497524    0.176862    6.014289
    0.927861    0.403106    0.924039   -1.366853    0.953353    -4786.865120     1671.608076   25.056250    8.502327    0.176862    6.014289
    0.930348    0.391075    0.944566   -1.377196    0.934534    -4799.487940     1667.784131   25.093579    8.506734    0.176862    6.014289
    0.932836    0.378863    0.965246   -1.387288    0.916277    -4811.448063     1663.927266   25.129768    8.510759    0.176862    6.014289
    0.935323    0.366474    0.986075   -1.397139    0.898598    -4822.764015     1660.038104   25.164801    8.514420    0.176862    6.014289
    0.937811    0.353914    1.007050   -1.406756    0.881512    -4833.454275     1656.117108   25.198662    8.517733    0.176862    6.014289
    0.940299    0.341184    1.028167   -1.416151    0.865030    -4843.537214     1652.164581   25.231333    8.520717    0.176862    6.014289
    0.942786    0.328291    1.049423   -1.425330    0.849162    -4853.031028     1648.180676   25.262801    8.523390    0.176862    6.014289
    0.945274    0.315240    1.070815   -1.434304    0.833911    -4861.953688     1644.165398   25.293049    8.525770    0.176862    6.014289
    0.947761    0.302034    1.092339   -1.443082    0.819279    -4870.322895     1640.118607   25.322062    8.527875    0.176862    6.014289
    0.950249    0.288680    1.113993   -1.451673    0.805262    -4878.156031     1636.040026   25.349828    8.529724    0.176862    6.014289
    0.952736    0.275182    1.135775   -1.460087    0.791854    -4885.470132     1631.929246   25.376331    8.531336    0.176862    6.014289
    0.955224    0.261547    1.157681   -1.468332    0.779040    -4892.281852     1627.785728   25.401559    8.532730    0.176862    6.014289
    0.957711    0.247779    1.179709   -1.476418    0.766799    -4898.607439     1623.608807   25.425499    8.533924    0.176862    6.014289
    0.960199    0.233886    1.201857   -1.484355    0.755099    -4904.462716     1619.397704   25.448139    8.534936    0.176862    6.014289
    0.962687    0.219873    1.224123   -1.492150    0.743894    -4909.863063     1615.151523   25.469467    8.535784    0.176862    6.014289
    0.965174    0.205746    1.246504   -1.499813    0.733118    -4914.823405     1610.869259   25.489472    8.536486    0.176862    6.014289
    0.967662    0.191513    1.269000   -1.507351    0.722675    -4919.358208     1606.549803   25.508144    8.537058    0.176862    6.014289
    0.970149    0.177179    1.291607   -1.514772    0.712424    -4923.481470     1602.191948   25.525474    8.537516    0.176862    6.014289
    0.972637    0.162752    1.314324   -1.522081    0.702157    -4927.206725     1597.794392   25.541452    8.537876    0.176862    6.014289
    0.975124    0.148238    1.337150   -1.529283    0.691557    -4930.547043     1593.355743   25.556070    8.538152    0.176862    6.014289
    0.977612    0.133646    1.360082   -1.536377    0.680141    -4933.515045     1588.874526   25.569319    8.538358    0.176862    6.014289
    0.980100    0.118981    1.383120   -1.543360    0.667157    -4936.122912     1584.349186   25.581193    8.538507    0.176862    6.014289
    0.982587    0.104252    1.406262   -1.550215    0.651418    -4938.382408     1579.778094   25.591686    8.538610    0.176862    6.014289
    0.985075    0.089466    1.429505   -1.556915    0.631029    -4940.304910     1575.159554   25.600791    8.538678    0.176862    6.014289
    0.987562    0.074631    1.452846   -1.563405    0.602923    -4941.901452     1570.491805   25.608504    8.538719    0.176862    6.014289
    0.990050    0.059754    1.476283   -1.569586    0.562096    -4943.182795     1565.773028   25.614821    8.538742    0.176862    6.014289
    0.992537    0.044845    1.499809   -1.575288    0.500304    -4944.159528     1561.001352   25.619737    8.538753    0.176862    6.014289
    0.995025    0.029911    1.523415   -1.580216    0.403863    -4944.842259     1556.174860   25.623251    8.538757    0.176862    6.014289
    0.997512    0.014960    1.547086   -1.583864    0.249905    -4945.242001     1551.291594   25.625360    8.538758    0.176862    6.014289
    1.000000    0.000000    1.570796   -1.585364    0.000000    -4945.371379     1546.349560   25.626063    8.538758    0.176862    6.014289
