           t           r         psi          cs          qs               p             sig           A           V          Q2           S
    0.000000   -0.000000   -1.570796   -1.205233    0.000000        4.196593       -2.500776    0.000000    0.000000    0.054952    5.367865
    0.009804    0.052591   -1.507386   -1.204282   -0.048176        4.196578       -2.501013    0.008698    0.000007    0.054952    5.367865
    0.019608    0.104971   -1.444076   -1.201430   -0.096219        4.196528       -2.501244    0.034756    0.000115    0.054952    5.367865
    0.029412    0.156930   -1.380966   -1.196681   -0.143977        4.196439       -2.501470    0.078070    0.000580    0.054952    5.367865
    0.039216    0.208265   -1.318156   -1.190042   -0.191299        4.196303       -2.501693    0.138468    0.001814    0.054952    5.367865
    0.049020    0.258776   -1.255745   -1.181525   -0.238035        4.196111       -2.501915    0.215709    0.004370    0.054952    5.367865
    0.058824    0.308275   -1.193831   -1.171143   -0.284035        4.195854       -2.502136    0.309490    0.008914    0.054952    5.367865
    0.068627    0.356580   -1.132512   -1.158914   -0.329152        4.195517       -2.502358    0.419446    0.016199    0.054952    5.367865
    0.078431    0.403525   -1.071884   -1.144857   -0.373243        4.195087       -2.502584    0.545154    0.027031    0.054952    5.367865
    0.088235    0.448953   -1.012044   -1.128998   -0.416164        4.194541       -2.502813    0.686137    0.042236    0.054952    5.367865
    0.098039    0.492726   -0.953086   -1.111364   -0.457776        4.193857       -2.503049    0.841873    0.062629    0.054952    5.367865
    0.107843    0.534717   -0.895102   -1.091985   -0.497947        4.193003       -2.503291    1.011790    0.088977    0.054952    5.367865
    0.117647    0.574818   -0.838182   -1.070897   -0.536544        4.191940       -2.503542    1.195283    0.121977    0.054952    5.367865
    0.127451    0.612936   -0.782417   -1.048135   -0.573445        4.190621       -2.503803    1.391710    0.162230    0.054952    5.367865
    0.137255    0.648998   -0.727892   -1.023743   -0.608530        4.188986       -2.504075    1.600403    0.210220    0.054952    5.367865
    0.147059    0.682944   -0.674693   -0.997763   -0.641690        4.186960       -2.504359    1.820671    0.266305    0.054952    5.367865
    0.156863    0.714734   -0.622902   -0.970243   -0.672822        4.184450       -2.504655    2.051809    0.330704    0.054952    5.367865
    0.166667    0.744342   -0.572599   -0.941235   -0.701836        4.181341       -2.504964    2.293098    0.403501    0.054952    5.367865
    0.176471    0.771761   -0.523860   -0.910791   -0.728651        4.177495       -2.505286    2.543815    0.484644    0.054952    5.367865
    0.186275    0.796997   -0.476760   -0.878969   -0.753200        4.172744       -2.505618    2.803238    0.573956    0.054952    5.367865
    0.196078    0.820071   -0.431370   -0.845827   -0.775433        4.166896       -2.505956    3.070646    0.671143    0.054952    5.367865
    0.205882    0.841018   -0.387757   -0.811426   -0.795312        4.159738       -2.506296    3.345332    0.775813    0.054952    5.367865
    0.215686    0.859886   -0.345987   -0.775831   -0.812819        4.151058       -2.506626    3.626599    0.887488    0.054952    5.367865
    0.225490    0.876733   -0.306119   -0.739106   -0.827950        4.140679       -2.506933    3.913769    1.005626    0.054952    5.367865
    0.235294    0.891630   -0.268213   -0.701317   -0.840714        4.128529       -2.507196    4.206184    1.129634    0.054952    5.367865
    0.245098    0.904654   -0.232322   -0.662533   -0.851122        4.114747       -2.507385    4.503214    1.258892    0.054952    5.367865
    0.254902    0.915893   -0.198496   -0.622826   -0.859173        4.099831       -2.507463    4.804253    1.392763    0.054952    5.367865
    0.264706    0.925442   -0.166783   -0.582272   -0.864832        4.084807       -2.507384    5.108725    1.530612    0.054952    5.367865
    0.274510    0.933400   -0.137224   -0.540956   -0.867995        4.071352       -2.507095    5.416090    1.671821    0.054952    5.367865
    0.284314    0.939876   -0.109857   -0.498976   -0.868458        4.061756       -2.506545    5.725838    1.815794    0.054952    5.367865
    0.294118    0.944977   -0.084715   -0.456451   -0.865894        4.058588       -2.505695    6.037496    1.961974    0.054952    5.367865
    0.303922    0.948820   -0.061822   -0.413529   -0.859853        4.064006       -2.504530    6.350631    2.109844    0.054952    5.367865
    0.313725    0.951519   -0.041194   -0.370392   -0.849813        4.078900       -2.503071    6.664843    2.258937    0.054952    5.367865
    0.323529    0.953194   -0.022837   -0.327260   -0.835267        4.102290       -2.501377    6.979776    2.408836    0.054952    5.367865
    0.333333    0.953962   -0.006745   -0.284388   -0.815828        4.131379       -2.499534    7.295109    2.559177    0.054952    5.367865
    0.343137    0.953943    0.007105   -0.242058   -0.791305        4.162343       -2.497645    7.610563    2.709649    0.054952    5.367865
    0.352941    0.953253    0.018747   -0.200570   -0.761736        4.191434       -2.495802    7.925896    2.859994    0.054952    5.367865
    0.362745    0.952008    0.028235   -0.160229   -0.727354        4.215857       -2.494080    8.240907    3.010002    0.054952    5.367865
    0.372549    0.950319    0.035637   -0.121337   -0.688531        4.234119       -2.492525    8.555429    3.159511    0.054952    5.367865
    0.382353    0.948293    0.041037   -0.084184   -0.645709        4.245895       -2.491159    8.869334    3.308400    0.054952    5.367865
    0.392157    0.946034    0.044533   -0.049050   -0.599349        4.251658       -2.489981    9.182527    3.456589    0.054952    5.367865
    0.401961    0.943639    0.046239   -0.016199   -0.549899        4.252293       -2.488982    9.494949    3.604031    0.054952    5.367865
    0.411765    0.941198    0.046283    0.014122   -0.497782        4.248799       -2.488143    9.806569    3.750711    0.054952    5.367865
    0.421569    0.938796    0.044802    0.041684   -0.443397        4.242122       -2.487441   10.117386    3.896641    0.054952    5.367865
    0.431373    0.936508    0.041947    0.066277   -0.387118        4.233067       -2.486855   10.427426    4.041856    0.054952    5.367865
    0.441176    0.934403    0.037881    0.087711   -0.329310        4.222281       -2.486365   10.736737    4.186412    0.054952    5.367865
    0.450980    0.932540    0.032774    0.105823   -0.270326        4.210263       -2.485951   11.045391    4.330378    0.054952    5.367865
    0.460784    0.930970    0.026804    0.120478   -0.210519        4.197390       -2.485597   11.353476    4.473839    0.054952    5.367865
    0.470588    0.929731    0.020156    0.131570   -0.150240        4.183939       -2.485289   11.661096    4.616892    0.054952    5.367865
    0.480392    0.928857    0.013019    0.139027   -0.089839        4.170116       -2.485012   11.968366    4.759639    0.054952    5.367865
    0.490196    0.928366    0.005587    0.142813   -0.029667        4.156080       -2.484755   12.275409    4.902190    0.054952    5.367865
    0.500000    0.928271   -0.001948    0.142929    0.029933        4.141958       -2.484506   12.582356    5.044656    0.054952    5.367865
    0.509804    0.928570   -0.009393    0.139412    0.088628        4.127865       -2.484254   12.889336    5.187152    0.054952    5.367865
    0.519608    0.929254   -0.016558    0.132336    0.146096        4.113920       -2.483988   13.196480    5.329789    0.054952    5.367865
    0.529412    0.930304   -0.023261    0.121810    0.202038        4.100262       -2.483697   13.503910    5.472678    0.054952    5.367865
    0.539216    0.931691   -0.029321    0.107974    0.256182        4.087065       -2.483368   13.811745    5.615920    0.054952    5.367865
    0.549020    0.933376   -0.034570    0.090996    0.308284        4.074558       -2.482988   14.120089    5.759613    0.054952    5.367865
    0.558824    0.935312   -0.038847    0.071066    0.358142        4.063047       -2.482541   14.429032    5.903842    0.054952    5.367865
    0.568627    0.937444   -0.042002    0.048393    0.405595        4.052936       -2.482012   14.738650    6.048681    0.054952    5.367865
    0.578431    0.939709   -0.043896    0.023198    0.450534        4.044746       -2.481382   15.048997    6.194186    0.054952    5.367865
    0.588235    0.942038   -0.044403   -0.004290    0.492905        4.039125       -2.480633   15.360105    6.340399    0.054952    5.367865
    0.598039    0.944355   -0.043408   -0.033844    0.532717        4.036844       -2.479745   15.671983    6.487339    0.054952    5.367865
    0.607843    0.946577   -0.040809   -0.065240    0.570044        4.038740       -2.478700   15.984615    6.635000    0.054952    5.367865
    0.617647    0.948619   -0.036513   -0.098266    0.605024        4.045610       -2.477486   16.297953    6.783351    0.054952    5.367865
    0.627451    0.950388   -0.030441   -0.132726    0.637848        4.058012       -2.476101   16.611925    6.932329    0.054952    5.367865
    0.637255    0.951790   -0.022521   -0.168443    0.668740        4.075986       -2.474553   16.926423    7.081839    0.054952    5.367865
    0.647059    0.952725   -0.012693   -0.205260    0.697918        4.098746       -2.472875   17.241311    7.231749    0.054952    5.367865
    0.656863    0.953092   -0.000900   -0.243042    0.725538        4.124473       -2.471119   17.556416    7.381886    0.054952    5.367865
    0.666667    0.952785    0.012903   -0.281667    0.751641        4.150379       -2.469358   17.871534    7.532035    0.054952    5.367865
    0.676471    0.951698    0.028758   -0.321022    0.776112        4.173187       -2.467679   18.186425    7.681939    0.054952    5.367865
    0.686275    0.949722    0.046702   -0.360996    0.798666        4.189929       -2.466167   18.500812    7.831289    0.054952    5.367865
    0.696078    0.946747    0.066763   -0.401467    0.818896        4.198762       -2.464891   18.814384    7.979733    0.054952    5.367865
    0.705882    0.942663    0.088964   -0.442301    0.836341        4.199410       -2.463893   19.126792    8.126867    0.054952    5.367865
    0.715686    0.937359    0.113320   -0.483348    0.850571        4.193024       -2.463182   19.437651    8.272242    0.054952    5.367865
    0.725490    0.930725    0.139838   -0.524449    0.861250        4.181614       -2.462738   19.746539    8.415363    0.054952    5.367865
    0.735294    0.922653    0.168517   -0.565437    0.868166        4.167381       -2.462525   20.052999    8.555695    0.054952    5.367865
    0.745098    0.913037    0.199347   -0.606146    0.871227        4.152218       -2.462496   20.356538    8.692668    0.054952    5.367865
    0.754902    0.901777    0.232308   -0.646413    0.870438        4.137485       -2.462607   20.656627    8.825684    0.054952    5.367865
    0.764706    0.888775    0.267373   -0.686084    0.865873        4.124000       -2.462815   20.952708    8.954131    0.054952    5.367865
    0.774510    0.873940    0.304507   -0.725015    0.857649        4.112151       -2.463088   21.244189    9.077393    0.054952    5.367865
    0.784314    0.857191    0.343667   -0.763074    0.845906        4.102026       -2.463400   21.530451    9.194863    0.054952    5.367865
    0.794118    0.838453    0.384804   -0.800137    0.830794        4.093542       -2.463733   21.810847    9.305960    0.054952    5.367865
    0.803922    0.817662    0.427864   -0.836094    0.812466        4.086525       -2.464072   22.084710    9.410149    0.054952    5.367865
    0.813725    0.794766    0.472784   -0.870842    0.791074        4.080774       -2.464410   22.351351    9.506955    0.054952    5.367865
    0.823529    0.769723    0.519499   -0.904289    0.766768        4.076086       -2.464741   22.610067    9.595983    0.054952    5.367865
    0.833333    0.742507    0.567938   -0.936349    0.739696        4.072278       -2.465062   22.860144    9.676934    0.054952    5.367865
    0.843137    0.713107    0.618026   -0.966945    0.710004        4.069192       -2.465371   23.100861    9.749620    0.054952    5.367865
    0.852941    0.681525    0.669684   -0.996006    0.677839        4.066694       -2.465666   23.331495    9.813979    0.054952    5.367865
    0.862745    0.647782    0.722830   -1.023469    0.643345        4.064672       -2.465950   23.551328    9.870078    0.054952    5.367865
    0.872549    0.611915    0.777378   -1.049274    0.606669        4.063038       -2.466221   23.759652    9.918125    0.054952    5.367865
    0.882353    0.573978    0.833238   -1.073368    0.567958        4.061717       -2.466482   23.955771    9.958462    0.054952    5.367865
    0.892157    0.534043    0.890321   -1.095703    0.527360        4.060651       -2.466732   24.139014    9.991561    0.054952    5.367865
    0.901961    0.492201    0.948532   -1.116236    0.485025        4.059794       -2.466975   24.308734   10.018010    0.054952    5.367865
    0.911765    0.448558    1.007775   -1.134927    0.441105        4.059106       -2.467210   24.464318   10.038496    0.054952    5.367865
    0.921569    0.403239    1.067953   -1.151742    0.395752        4.058557       -2.467440   24.605189   10.053784    0.054952    5.367865
    0.931373    0.356384    1.128965   -1.166650    0.349119        4.058124       -2.467665   24.730818   10.064682    0.054952    5.367865
    0.941176    0.308148    1.190711   -1.179625    0.301362        4.057785       -2.467888   24.840721   10.072016    0.054952    5.367865
    0.950980    0.258702    1.253089   -1.190642    0.252637        4.057525       -2.468109   24.934469   10.076593    0.054952    5.367865
    0.960784    0.208226    1.315994   -1.199684    0.203101        4.057332       -2.468330   25.011692   10.079169    0.054952    5.367865
    0.970588    0.156914    1.379323   -1.206733    0.152911        4.057195       -2.468553   25.072080   10.080413    0.054952    5.367865
    0.980392    0.104966    1.442971   -1.211777    0.102225        4.057105       -2.468780   25.115392   10.080881    0.054952    5.367865
    0.990196    0.052590    1.506830   -1.214807    0.051202        4.057055       -2.469011   25.141449   10.080991    0.054952    5.367865
    1.000000   -0.000000    1.570796   -1.215818    0.000000        4.057040       -2.469248   25.150147   10.080998    0.054952    5.367865
