           t           r         psi          cs          qs               p             sig           A           V          Q2           S
    0.000000    0.000000   -1.570796   -1.111111    0.000000   475892.275748  -214151.462748    0.000000    0.000000    0.117233    2.827433
    0.009804    0.027716   -1.539996   -1.111111    0.000000   475892.275713  -214151.463828    0.002414    0.000001    0.117233    2.827433
    0.019608    0.055405   -1.509196   -1.111111   -0.000000   475892.275605  -214151.464890    0.009653    0.000008    0.117233    2.827433
    0.029412    0.083042   -1.478397   -1.111111   -0.000000   475892.275416  -214151.465933    0.021710    0.000042    0.117233    2.827433
    0.039216    0.110599   -1.447597   -1.111111   -0.000000   475892.275139  -214151.466961    0.038575    0.000131    0.117233    2.827433
    0.049020    0.138052   -1.416797   -1.111111   -0.000001   475892.274769  -214151.467973    0.060230    0.000319    0.117233    2.827433
    0.058824    0.165375   -1.385997   -1.111111   -0.000001   475892.274296  -214151.468974    0.086656    0.000660    0.117233    2.827433
    0.068627    0.192540   -1.355197   -1.111111   -0.000001   475892.273711  -214151.469962    0.117828    0.001218    0.117233    2.827433
    0.078431    0.219522   -1.324397   -1.111111   -0.000001   475892.273007  -214151.470941    0.153715    0.002068    0.117233    2.827433
    0.088235    0.246297   -1.293597   -1.111111   -0.000001   475892.272170  -214151.471912    0.194284    0.003295    0.117233    2.827433
    0.098039    0.272837   -1.262797   -1.111111   -0.000001   475892.271189  -214151.472876    0.239496    0.004992    0.117233    2.827433
    0.107843    0.299119   -1.231997   -1.111111   -0.000001   475892.270052  -214151.473834    0.289309    0.007260    0.117233    2.827433
    0.117647    0.325117   -1.201197   -1.111111   -0.000001   475892.268741  -214151.474788    0.343674    0.010208    0.117233    2.827433
    0.127451    0.350807   -1.170397   -1.111111   -0.000001   475892.267242  -214151.475738    0.402542    0.013950    0.117233    2.827433
    0.137255    0.376164   -1.139597   -1.111111   -0.000001   475892.265534  -214151.476686    0.465855    0.018603    0.117233    2.827433
    0.147059    0.401165   -1.108797   -1.111111   -0.000001   475892.263597  -214151.477632    0.533554    0.024292    0.117233    2.827433
    0.156863    0.425784   -1.077997   -1.111111   -0.000001   475892.261408  -214151.478578    0.605574    0.031139    0.117233    2.827433
    0.166667    0.450000   -1.047197   -1.111111   -0.000001   475892.258941  -214151.479523    0.681848    0.039272    0.117233    2.827433
    0.176471    0.473789   -1.016398   -1.111111   -0.000001   475892.256166  -214151.480469    0.762302    0.048816    0.117233    2.827433
    0.186275    0.497128   -0.985598   -1.111111   -0.000001   475892.253052  -214151.481415    0.846861    0.059895    0.117233    2.827433
    0.196078    0.519996   -0.954798   -1.111111   -0.000001   475892.249563  -214151.482360    0.935444    0.072631    0.117233    2.827433
    0.205882    0.542371   -0.923998   -1.111111   -0.000001   475892.245661  -214151.483305    1.027967    0.087144    0.117233    2.827433
    0.215686    0.564231   -0.893198   -1.111111   -0.000001   475892.241302  -214151.484249    1.124343    0.103544    0.117233    2.827433
    0.225490    0.585556   -0.862398   -1.111111   -0.000001   475892.236439  -214151.485190    1.224480    0.121940    0.117233    2.827433
    0.235294    0.606326   -0.831598   -1.111111   -0.000001   475892.231022  -214151.486126    1.328283    0.142430    0.117233    2.827433
    0.245098    0.626521   -0.800798   -1.111111   -0.000001   475892.224997  -214151.487055    1.435653    0.165105    0.117233    2.827433
    0.254902    0.646121   -0.769998   -1.111111   -0.000001   475892.218305  -214151.487973    1.546490    0.190047    0.117233    2.827433
    0.264706    0.665108   -0.739198   -1.111111   -0.000002   475892.210885  -214151.488875    1.660687    0.217327    0.117233    2.827433
    0.274510    0.683464   -0.708398   -1.111111   -0.000002   475892.202678  -214151.489757    1.778136    0.247004    0.117233    2.827433
    0.284314    0.701172   -0.677598   -1.111111   -0.000002   475892.193621  -214151.490611    1.898727    0.279125    0.117233    2.827433
    0.294118    0.718215   -0.646798   -1.111111   -0.000002   475892.183658  -214151.491428    2.022343    0.313725    0.117233    2.827433
    0.303922    0.734577   -0.615998   -1.111111   -0.000002   475892.172741  -214151.492198    2.148869    0.350826    0.117233    2.827433
    0.313725    0.750242   -0.585199   -1.111111   -0.000002   475892.160836  -214151.492908    2.278185    0.390433    0.117233    2.827433
    0.323529    0.765195   -0.554399   -1.111111   -0.000003   475892.147932  -214151.493543    2.410167    0.432542    0.117233    2.827433
    0.333333    0.779423   -0.523599   -1.111111   -0.000003   475892.134049  -214151.494084    2.544690    0.477129    0.117233    2.827433
    0.343137    0.792911   -0.492799   -1.111111   -0.000003   475892.119256  -214151.494509    2.681627    0.524160    0.117233    2.827433
    0.352941    0.805647   -0.461999   -1.111111   -0.000003   475892.103684  -214151.494792    2.820848    0.573582    0.117233    2.827433
    0.362745    0.817619   -0.431199   -1.111110   -0.000003   475892.087545  -214151.494904    2.962221    0.625332    0.117233    2.827433
    0.372549    0.828815   -0.400399   -1.111110   -0.000003   475892.071157  -214151.494812    3.105612    0.679328    0.117233    2.827433
    0.382353    0.839225   -0.369599   -1.111110   -0.000003   475892.054963  -214151.494478    3.250884    0.735478    0.117233    2.827433
    0.392157    0.848839   -0.338799   -1.111110   -0.000002   475892.039548  -214151.493861    3.397900    0.793674    0.117233    2.827433
    0.401961    0.857648   -0.307999   -1.111110   -0.000002   475892.025649  -214151.492919    3.546521    0.853796    0.117233    2.827433
    0.411765    0.865643   -0.277199   -1.111110   -0.000001   475892.014148  -214151.491611    3.696605    0.915711    0.117233    2.827433
    0.421569    0.872817   -0.246400   -1.111110   -0.000000   475892.006036  -214151.489898    3.848010    0.979276    0.117233    2.827433
    0.431373    0.879163   -0.215600   -1.111110    0.000001   475892.002344  -214151.487749    4.000593    1.044335    0.117233    2.827433
    0.441176    0.884676   -0.184800   -1.111110    0.000002   475892.004039  -214151.485143    4.154209    1.110723    0.117233    2.827433
    0.450980    0.889349   -0.154000   -1.111110    0.000003   475892.011873  -214151.482078    4.308711    1.178268    0.117233    2.827433
    0.460784    0.893178   -0.123200   -1.111110    0.000004   475892.026225  -214151.478572    4.463955    1.246789    0.117233    2.827433
    0.470588    0.896161   -0.092400   -1.111111    0.000006   475892.046942  -214151.474669    4.619791    1.316099    0.117233    2.827433
    0.480392    0.898293   -0.061600   -1.111111    0.000007   475892.073243  -214151.470438    4.776073    1.386004    0.117233    2.827433
    0.490196    0.899573   -0.030800   -1.111111    0.000007   475892.103712  -214151.465973    4.932652    1.456309    0.117233    2.827433
    0.500000    0.900000   -0.000000   -1.111111    0.000007   475892.136412  -214151.461385    5.089380    1.526814    0.117233    2.827433
    0.509804    0.899573    0.030800   -1.111111    0.000007   475892.169112  -214151.456798    5.246108    1.597319    0.117233    2.827433
    0.519608    0.898293    0.061600   -1.111112    0.000006   475892.199580  -214151.452333    5.402687    1.667624    0.117233    2.827433
    0.529412    0.896161    0.092400   -1.111112    0.000005   475892.225882  -214151.448102    5.558969    1.737529    0.117233    2.827433
    0.539216    0.893178    0.123200   -1.111112    0.000004   475892.246599  -214151.444199    5.714805    1.806839    0.117233    2.827433
    0.549020    0.889349    0.153999   -1.111112    0.000003   475892.260951  -214151.440693    5.870048    1.875360    0.117233    2.827433
    0.558824    0.884676    0.184799   -1.111112    0.000002   475892.268785  -214151.437628    6.024551    1.942905    0.117233    2.827433
    0.568627    0.879164    0.215599   -1.111112    0.000001   475892.270480  -214151.435022    6.178167    2.009293    0.117233    2.827433
    0.578431    0.872817    0.246399   -1.111112   -0.000000   475892.266788  -214151.432873    6.330750    2.074352    0.117233    2.827433
    0.588235    0.865643    0.277199   -1.111112   -0.000001   475892.258676  -214151.431160    6.482155    2.137917    0.117233    2.827433
    0.598039    0.857648    0.307999   -1.111112   -0.000002   475892.247175  -214151.429852    6.632239    2.199832    0.117233    2.827433
    0.607843    0.848839    0.338799   -1.111112   -0.000002   475892.233276  -214151.428910    6.780860    2.259954    0.117233    2.827433
    0.617647    0.839225    0.369599   -1.111112   -0.000003   475892.217861  -214151.428293    6.927876    2.318150    0.117233    2.827433
    0.627451    0.828815    0.400399   -1.111112   -0.000003   475892.201667  -214151.427959    7.073148    2.374300    0.117233    2.827433
    0.637255    0.817619    0.431199   -1.111112   -0.000003   475892.185279  -214151.427867    7.216539    2.428296    0.117233    2.827433
    0.647059    0.805647    0.461999   -1.111112   -0.000003   475892.169141  -214151.427979    7.357912    2.480046    0.117233    2.827433
    0.656863    0.792911    0.492799   -1.111112   -0.000003   475892.153568  -214151.428262    7.497133    2.529468    0.117233    2.827433
    0.666667    0.779423    0.523599   -1.111112   -0.000002   475892.138775  -214151.428687    7.634070    2.576499    0.117233    2.827433
    0.676471    0.765195    0.554399   -1.111112   -0.000002   475892.124892  -214151.429228    7.768593    2.621086    0.117233    2.827433
    0.686275    0.750242    0.585199   -1.111111   -0.000002   475892.111988  -214151.429863    7.900575    2.663195    0.117233    2.827433
    0.696078    0.734577    0.615999   -1.111111   -0.000002   475892.100083  -214151.430573    8.029891    2.702803    0.117233    2.827433
    0.705882    0.718216    0.646799   -1.111111   -0.000002   475892.089166  -214151.431343    8.156417    2.739903    0.117233    2.827433
    0.715686    0.701173    0.677599   -1.111111   -0.000002   475892.079204  -214151.432160    8.280034    2.774503    0.117233    2.827433
    0.725490    0.683464    0.708398   -1.111111   -0.000002   475892.070147  -214151.433014    8.400624    2.806624    0.117233    2.827433
    0.735294    0.665108    0.739198   -1.111111   -0.000002   475892.061939  -214151.433896    8.518073    2.836301    0.117233    2.827433
    0.745098    0.646121    0.769998   -1.111111   -0.000002   475892.054520  -214151.434798    8.632270    2.863581    0.117233    2.827433
    0.754902    0.626521    0.800798   -1.111111   -0.000001   475892.047827  -214151.435716    8.743107    2.888523    0.117233    2.827433
    0.764706    0.606326    0.831598   -1.111111   -0.000001   475892.041802  -214151.436645    8.850477    2.911198    0.117233    2.827433
    0.774510    0.585556    0.862398   -1.111111   -0.000001   475892.036385  -214151.437581    8.954280    2.931688    0.117233    2.827433
    0.784314    0.564231    0.893198   -1.111111   -0.000001   475892.031523  -214151.438522    9.054417    2.950084    0.117233    2.827433
    0.794118    0.542371    0.923998   -1.111111   -0.000001   475892.027164  -214151.439465    9.150793    2.966485    0.117233    2.827433
    0.803922    0.519996    0.954798   -1.111111   -0.000001   475892.023261  -214151.440411    9.243316    2.980997    0.117233    2.827433
    0.813725    0.497128    0.985598   -1.111111   -0.000001   475892.019772  -214151.441356    9.331899    2.993733    0.117233    2.827433
    0.823529    0.473789    1.016398   -1.111111   -0.000001   475892.016658  -214151.442302    9.416458    3.004812    0.117233    2.827433
    0.833333    0.450000    1.047198   -1.111111   -0.000001   475892.013884  -214151.443247    9.496913    3.014356    0.117233    2.827433
    0.843137    0.425784    1.077998   -1.111111   -0.000001   475892.011416  -214151.444193    9.573186    3.022489    0.117233    2.827433
    0.852941    0.401165    1.108798   -1.111111   -0.000001   475892.009227  -214151.445139    9.645206    3.029336    0.117233    2.827433
    0.862745    0.376164    1.139597   -1.111111   -0.000001   475892.007290  -214151.446085    9.712905    3.035025    0.117233    2.827433
    0.872549    0.350807    1.170397   -1.111111   -0.000001   475892.005583  -214151.447033    9.776218    3.039678    0.117233    2.827433
    0.882353    0.325118    1.201197   -1.111111   -0.000000   475892.004083  -214151.447983    9.835086    3.043420    0.117233    2.827433
    0.892157    0.299119    1.231997   -1.111111   -0.000000   475892.002773  -214151.448937    9.889452    3.046368    0.117233    2.827433
    0.901961    0.272837    1.262797   -1.111111   -0.000000   475892.001635  -214151.449895    9.939264    3.048636    0.117233    2.827433
    0.911765    0.246297    1.293597   -1.111111   -0.000000   475892.000655  -214151.450859    9.984476    3.050333    0.117233    2.827433
    0.921569    0.219522    1.324397   -1.111111   -0.000000   475891.999818  -214151.451830   10.025045    3.051560    0.117233    2.827433
    0.931373    0.192540    1.355197   -1.111111   -0.000000   475891.999113  -214151.452809   10.060932    3.052410    0.117233    2.827433
    0.941176    0.165375    1.385997   -1.111111   -0.000000   475891.998529  -214151.453797   10.092104    3.052968    0.117233    2.827433
    0.950980    0.138052    1.416797   -1.111111   -0.000000   475891.998056  -214151.454797   10.118530    3.053309    0.117233    2.827433
    0.960784    0.110599    1.447597   -1.111111   -0.000000   475891.997685  -214151.455810   10.140185    3.053497    0.117233    2.827433
    0.970588    0.083042    1.478397   -1.111111   -0.000000   475891.997409  -214151.456838   10.157050    3.053586    0.117233    2.827433
    0.980392    0.055405    1.509196   -1.111111   -0.000000   475891.997219  -214151.457881   10.169107    3.053620    0.117233    2.827433
    0.990196    0.027716    1.539996   -1.111111   -0.000001   475891.997111  -214151.458942   10.176346    3.053628    0.117233    2.827433
    1.000000    0.000000    1.570796   -1.111111    0.000000   475891.997076  -214151.460023   10.178760    3.053628    0.117233    2.827433
