           t           r         psi          cs          qs               p             sig           A           V          Q2           S
    0.000000   -0.000000   -1.570796   -1.459055    0.000000        7.331961       -3.498831    0.000000    0.000000    0.234009    4.975501
    0.009804    0.048738   -1.499645   -1.457771   -0.070157        7.331949       -3.498961    0.007472    0.000006    0.234009    4.975501
    0.019608    0.097230   -1.428620   -1.453921   -0.140066        7.331911       -3.499086    0.029850    0.000103    0.234009    4.975501
    0.029412    0.145232   -1.357844   -1.447512   -0.209468        7.331843       -3.499205    0.067022    0.000517    0.234009    4.975501
    0.039216    0.192507   -1.287443   -1.438556   -0.278105        7.331742       -3.499318    0.118801    0.001612    0.234009    4.975501
    0.049020    0.238826   -1.217541   -1.427069   -0.345720        7.331604       -3.499426    0.184928    0.003870    0.234009    4.975501
    0.058824    0.283972   -1.148261   -1.413072   -0.412058        7.331426       -3.499530    0.265077    0.007862    0.234009    4.975501
    0.068627    0.327740   -1.079724   -1.396591   -0.476868        7.331204       -3.499627    0.358856    0.014222    0.234009    4.975501
    0.078431    0.369942   -1.012051   -1.377656   -0.539902        7.330934       -3.499719    0.465814    0.023608    0.234009    4.975501
    0.088235    0.410408   -0.945361   -1.356304   -0.600918        7.330611       -3.499805    0.585446    0.036671    0.234009    4.975501
    0.098039    0.448986   -0.879770   -1.332575   -0.659676        7.330233       -3.499884    0.717194    0.054026    0.234009    4.975501
    0.107843    0.485546   -0.815394   -1.306514   -0.715945        7.329796       -3.499954    0.860459    0.076217    0.234009    4.975501
    0.117647    0.519976   -0.752345   -1.278173   -0.769501        7.329300       -3.500014    1.014606    0.103697    0.234009    4.975501
    0.127451    0.552187   -0.690734   -1.247605   -0.820127        7.328746       -3.500063    1.178967    0.136812    0.234009    4.975501
    0.137255    0.582112   -0.630666   -1.214871   -0.867614        7.328139       -3.500099    1.352852    0.175781    0.234009    4.975501
    0.147059    0.609704   -0.572246   -1.180037   -0.911767        7.327486       -3.500118    1.535552    0.220699    0.234009    4.975501
    0.156863    0.634937   -0.515576   -1.143171   -0.952398        7.326801       -3.500119    1.726347    0.271532    0.234009    4.975501
    0.166667    0.657805   -0.460752   -1.104349   -0.989333        7.326102       -3.500098    1.924514    0.328126    0.234009    4.975501
    0.176471    0.678321   -0.407867   -1.063649   -1.022411        7.325412       -3.500054    2.129328    0.390217    0.234009    4.975501
    0.186275    0.696515   -0.357012   -1.021156   -1.051485        7.324759       -3.499982    2.340074    0.457446    0.234009    4.975501
    0.196078    0.712433   -0.308272   -0.976959   -1.076423        7.324171       -3.499883    2.556045    0.529373    0.234009    4.975501
    0.205882    0.726138   -0.261728   -0.931152   -1.097111        7.323679       -3.499754    2.776555    0.605501    0.234009    4.975501
    0.215686    0.737704   -0.217455   -0.883834   -1.113449        7.323306       -3.499594    3.000935    0.685290    0.234009    4.975501
    0.225490    0.747216   -0.175525   -0.835109   -1.125360        7.323069       -3.499407    3.228543    0.768177    0.234009    4.975501
    0.235294    0.754774   -0.136004   -0.785087   -1.132784        7.322973       -3.499193    3.458764    0.853595    0.234009    4.975501
    0.245098    0.760480   -0.098952   -0.733881   -1.135685        7.323009       -3.498956    3.691015    0.940983    0.234009    4.975501
    0.254902    0.764450   -0.064424   -0.681615   -1.134048        7.323158       -3.498701    3.924746    1.029806    0.234009    4.975501
    0.264706    0.766802   -0.032469   -0.628414   -1.127884        7.323386       -3.498434    4.159443    1.119558    0.234009    4.975501
    0.274510    0.767659   -0.003130   -0.574414   -1.117226        7.323659       -3.498161    4.394628    1.209776    0.234009    4.975501
    0.284314    0.767150    0.023559   -0.519757   -1.102134        7.323935       -3.497887    4.629863    1.300041    0.234009    4.975501
    0.294118    0.765405    0.047569   -0.464596   -1.082690        7.324181       -3.497618    4.864749    1.389987    0.234009    4.975501
    0.303922    0.762555    0.068879   -0.409094   -1.059001        7.324366       -3.497357    5.098928    1.479297    0.234009    4.975501
    0.313725    0.758735    0.087477   -0.353425   -1.031198        7.324469       -3.497110    5.332082    1.567706    0.234009    4.975501
    0.323529    0.754077    0.103359   -0.297778   -0.999431        7.324477       -3.496878    5.563932    1.654998    0.234009    4.975501
    0.333333    0.748713    0.116532   -0.242361   -0.963872        7.324385       -3.496663    5.794244    1.741007    0.234009    4.975501
    0.343137    0.742777    0.127011   -0.187397   -0.924713        7.324194       -3.496466    6.022820    1.825609    0.234009    4.975501
    0.352941    0.736399    0.134825   -0.133132   -0.882159        7.323910       -3.496287    6.249507    1.908720    0.234009    4.975501
    0.362745    0.729706    0.140015   -0.079836   -0.836432        7.323540       -3.496125    6.474186    1.990295    0.234009    4.975501
    0.372549    0.722825    0.142634   -0.027803   -0.787768        7.323095       -3.495980    6.696783    2.070321    0.234009    4.975501
    0.382353    0.715878    0.142753    0.022646   -0.736409        7.322585       -3.495852    6.917257    2.148813    0.234009    4.975501
    0.392157    0.708985    0.140456    0.071167   -0.682607        7.322019       -3.495737    7.135608    2.225811    0.234009    4.975501
    0.401961    0.702258    0.135847    0.117388   -0.626614        7.321408       -3.495636    7.351868    2.301380    0.234009    4.975501
    0.411765    0.695808    0.129048    0.160918   -0.568685        7.320759       -3.495547    7.566106    2.375599    0.234009    4.975501
    0.421569    0.689736    0.120199    0.201350   -0.509069        7.320080       -3.495468    7.778423    2.448567    0.234009    4.975501
    0.431373    0.684140    0.109461    0.238271   -0.448008        7.319376       -3.495398    7.988949    2.520395    0.234009    4.975501
    0.441176    0.679107    0.097017    0.271268   -0.385733        7.318653       -3.495336    8.197845    2.591203    0.234009    4.975501
    0.450980    0.674715    0.083067    0.299943   -0.322464        7.317915       -3.495281    8.405294    2.661124    0.234009    4.975501
    0.460784    0.671033    0.067831    0.323928   -0.258403        7.317165       -3.495230    8.611504    2.730296    0.234009    4.975501
    0.470588    0.668119    0.051547    0.342895   -0.193737        7.316407       -3.495185    8.816702    2.798864    0.234009    4.975501
    0.480392    0.666020    0.034465    0.356575   -0.128642        7.315644       -3.495142    9.021131    2.866977    0.234009    4.975501
    0.490196    0.664767    0.016849    0.364765   -0.063277        7.314876       -3.495101    9.225046    2.934788    0.234009    4.975501
    0.500000    0.664380   -0.001030    0.367342    0.002205        7.314107       -3.495061    9.428709    3.002452    0.234009    4.975501
    0.509804    0.664867   -0.018896    0.364268    0.067657        7.313338       -3.495021    9.632387    3.070125    0.234009    4.975501
    0.519608    0.666219   -0.036476    0.355593    0.132932        7.312571       -3.494980    9.836347    3.137963    0.234009    4.975501
    0.529412    0.668415   -0.053499    0.341448    0.197877        7.311808       -3.494937   10.040852    3.206121    0.234009    4.975501
    0.539216    0.671422   -0.069702    0.322046    0.262333        7.311051       -3.494891   10.246156    3.274751    0.234009    4.975501
    0.549020    0.675192   -0.084836    0.297664    0.326126        7.310302       -3.494840   10.452499    3.344002    0.234009    4.975501
    0.558824    0.679667   -0.098666    0.268636    0.389069        7.309566       -3.494784   10.660107    3.414019    0.234009    4.975501
    0.568627    0.684778   -0.110974    0.235336    0.450961        7.308845       -3.494721   10.869186    3.484941    0.234009    4.975501
    0.578431    0.690444   -0.121562    0.198165    0.511586        7.308144       -3.494650   11.079919    3.556897    0.234009    4.975501
    0.588235    0.696577   -0.130251    0.157536    0.570717        7.307468       -3.494570   11.292463    3.630009    0.234009    4.975501
    0.598039    0.703081   -0.136882    0.113865    0.628115        7.306823       -3.494479   11.506945    3.704387    0.234009    4.975501
    0.607843    0.709854   -0.141317    0.067557    0.683536        7.306217       -3.494377   11.723465    3.780127    0.234009    4.975501
    0.617647    0.716785   -0.143436    0.019001    0.736735        7.305658       -3.494260   11.942088    3.857309    0.234009    4.975501
    0.627451    0.723761   -0.143140   -0.031434    0.787465        7.305156       -3.494130   12.162845    3.935995    0.234009    4.975501
    0.637255    0.730662   -0.140345   -0.083404    0.835486        7.304721       -3.493983   12.385731    4.016225    0.234009    4.975501
    0.647059    0.737366   -0.134983   -0.136595    0.880565        7.304363       -3.493819   12.610706    4.098011    0.234009    4.975501
    0.656863    0.743748   -0.127003   -0.190714    0.922480        7.304092       -3.493637   12.837689    4.181340    0.234009    4.975501
    0.666667    0.749680   -0.116367   -0.245497    0.961024        7.303917       -3.493437   13.066563    4.266163    0.234009    4.975501
    0.676471    0.755032   -0.103046   -0.300702    0.996004        7.303844       -3.493218   13.297169    4.352394    0.234009    4.975501
    0.686275    0.759671   -0.087027   -0.356109    1.027245        7.303872       -3.492983   13.529309    4.439908    0.234009    4.975501
    0.696078    0.763467   -0.068305   -0.411518    1.054590        7.303997       -3.492732   13.762746    4.528536    0.234009    4.975501
    0.705882    0.766286   -0.046883   -0.466743    1.077901        7.304205       -3.492468   13.997200    4.618059    0.234009    4.975501
    0.715686    0.767995   -0.022775   -0.521615    1.097060        7.304474       -3.492195   14.232351    4.708209    0.234009    4.975501
    0.725490    0.768464    0.003997   -0.575977    1.111970        7.304774       -3.491918   14.467839    4.798670    0.234009    4.975501
    0.735294    0.767562    0.033406   -0.629682    1.122551        7.305068       -3.491642   14.703264    4.889070    0.234009    4.975501
    0.745098    0.765164    0.065415   -0.682593    1.128744        7.305316       -3.491372   14.938187    4.978991    0.234009    4.975501
    0.754902    0.761145    0.099984   -0.734579    1.130510        7.305482       -3.491114   15.172129    5.067966    0.234009    4.975501
    0.764706    0.755387    0.137063   -0.785517    1.127831        7.305532       -3.490875   15.404576    5.155492    0.234009    4.975501
    0.774510    0.747779    0.176599   -0.835290    1.120705        7.305447       -3.490659   15.634977    5.241029    0.234009    4.975501
    0.784314    0.738214    0.218532   -0.883786    1.109155        7.305218       -3.490470   15.862749    5.324018    0.234009    4.975501
    0.794118    0.726598    0.262797   -0.930896    1.093220        7.304851       -3.490310   16.087278    5.403892    0.234009    4.975501
    0.803922    0.712843    0.309325   -0.976519    1.072963        7.304363       -3.490179   16.307921    5.480088    0.234009    4.975501
    0.813725    0.696877    0.358040   -1.020554    1.048464        7.303778       -3.490079   16.524011    5.552068    0.234009    4.975501
    0.823529    0.678637    0.408862   -1.062908    1.019826        7.303126       -3.490007   16.734860    5.619335    0.234009    4.975501
    0.833333    0.658078    0.461707   -1.103491    0.987168        7.302437       -3.489963   16.939765    5.681453    0.234009    4.975501
    0.843137    0.635170    0.516487   -1.142216    0.950628        7.301738       -3.489942   17.138009    5.738064    0.234009    4.975501
    0.852941    0.609899    0.573109   -1.179004    0.910363        7.301054       -3.489942   17.328870    5.788905    0.234009    4.975501
    0.862745    0.582274    0.631476   -1.213776    0.866541        7.300401       -3.489962   17.511625    5.833824    0.234009    4.975501
    0.872549    0.552319    0.691489   -1.246463    0.819347        7.299794       -3.489997   17.685554    5.872790    0.234009    4.975501
    0.882353    0.520081    0.753045   -1.276997    0.768977        7.299241       -3.490046   17.849952    5.905897    0.234009    4.975501
    0.892157    0.485628    0.816036   -1.305316    0.715641        7.298745       -3.490106   18.004127    5.933370    0.234009    4.975501
    0.901961    0.449049    0.880353   -1.331363    0.659554        7.298308       -3.490176   18.147415    5.955552    0.234009    4.975501
    0.911765    0.410454    0.945884   -1.355086    0.600944        7.297930       -3.490255   18.279180    5.972899    0.234009    4.975501
    0.921569    0.369975    1.012515   -1.376438    0.540043        7.297607       -3.490340   18.398823    5.985955    0.234009    4.975501
    0.931373    0.327762    1.080128   -1.395376    0.477091        7.297337       -3.490432   18.505790    5.995335    0.234009    4.975501
    0.941176    0.283986    1.148606   -1.411865    0.412332        7.297115       -3.490530   18.599574    6.001691    0.234009    4.975501
    0.950980    0.238834    1.217828   -1.425872    0.346016        7.296938       -3.490633   18.679727    6.005681    0.234009    4.975501
    0.960784    0.192512    1.287672   -1.437369    0.278396        7.296801       -3.490742   18.745855    6.007937    0.234009    4.975501
    0.970588    0.145234    1.358015   -1.446335    0.209725        7.296700       -3.490855   18.797635    6.009032    0.234009    4.975501
    0.980392    0.097231    1.428733   -1.452752    0.140263        7.296631       -3.490974   18.834807    6.009445    0.234009    4.975501
    0.990196    0.048738    1.499702   -1.456607    0.070268        7.296593       -3.491099   18.857185    6.009541    0.234009    4.975501
    1.000000   -0.000000    1.570796   -1.457893    0.000000        7.296581       -3.491229   18.864657    6.009548    0.234009    4.975501
