           t           r         psi          cs          qs               p             sig           A           V          Q2           S
    0.000000    0.000000   -1.570796    0.123925    0.000000       37.836073      126.853720   -0.000000   -0.000000    0.225103    4.315387
    0.009804    0.042308   -1.576004    0.121269    0.181473       37.913944      115.125914    0.005623   -0.000000    0.225103    4.315387
    0.019608    0.084614   -1.580950    0.110916    0.475663       38.157118      103.846264    0.022493   -0.000005    0.225103    4.315387
    0.029412    0.126918   -1.585218    0.088385    0.918617       38.569118       92.990671    0.050608   -0.000024    0.225103    4.315387
    0.039216    0.169221   -1.588175    0.047810    1.551610       39.134682       82.541125    0.089969   -0.000071    0.225103    4.315387
    0.049020    0.211522   -1.588906   -0.018167    2.416702       39.806698       72.486925    0.140575   -0.000158    0.225103    4.315387
    0.058824    0.253823   -1.586156   -0.118285    3.549467       40.485742       62.826412    0.202426   -0.000281    0.225103    4.315387
    0.068627    0.296128   -1.578279   -0.262214    4.968313       40.990343       53.569411    0.275522   -0.000399    0.225103    4.315387
    0.078431    0.338435   -1.563214   -0.459640    6.660345       41.015709       44.740750    0.359864   -0.000403    0.225103    4.315387
    0.088235    0.380734   -1.538515   -0.718765    8.564621       40.079389       36.385337    0.455452   -0.000068    0.225103    4.315387
    0.098039    0.422987   -1.501457   -1.044199   10.554977       37.455067       28.575536    0.562279    0.001012    0.225103    4.315387
    0.107843    0.465103   -1.449243   -1.434312   12.426527       32.102838       21.421831    0.680323    0.003497    0.225103    4.315387
    0.117647    0.506895   -1.379326   -1.878357   13.892544       22.620207       15.087894    0.809525    0.008376    0.225103    4.315387
    0.127451    0.548031   -1.289854   -2.353948   14.601294        7.268710        9.810861    0.949758    0.017015    0.225103    4.315387
    0.137255    0.587979   -1.180193   -2.825819   14.184170      -15.821332        5.925780    1.100783    0.031134    0.225103    4.315387
    0.147059    0.625985   -1.051457   -3.247061   12.343412      -48.120943        3.888460    1.262189    0.052653    0.225103    4.315387
    0.156863    0.661098   -0.906912   -3.564051    8.974406      -89.738315        4.281346    1.433335    0.083369    0.225103    4.315387
    0.166667    0.692289   -0.752081   -3.725684    4.290471     -138.186142        7.774191    1.613316    0.124505    0.225103    4.315387
    0.176471    0.718637   -0.594374   -3.695930   -1.116271     -187.636408       15.006607    1.800963    0.176281    0.225103    4.315387
    0.186275    0.739546   -0.442184   -3.466270   -6.357773     -229.882022       26.387309    1.994899    0.237733    0.225103    4.315387
    0.196078    0.754889   -0.303547   -3.062282  -10.504787     -257.476680       41.877458    2.193651    0.306927    0.225103    4.315387
    0.205882    0.765034   -0.184752   -2.539355  -12.917543     -267.364526       60.892205    2.395778    0.381490    0.225103    4.315387
    0.215686    0.770728   -0.089364   -1.967709  -13.459829     -262.142791       82.416310    2.599990    0.459187    0.225103    4.315387
    0.225490    0.772915   -0.017999   -1.413505  -12.466941     -248.096385      105.282235    2.805228    0.538294    0.225103    4.315387
    0.235294    0.772563    0.031175   -0.924765  -10.522113     -231.997632      128.450511    3.010689    0.617685    0.225103    4.315387
    0.245098    0.770544    0.061537   -0.526565   -8.208094     -218.937469      151.168583    3.215818    0.696736    0.225103    4.315387
    0.254902    0.767568    0.077087   -0.224084   -5.956099     -211.764933      172.994178    3.420268    0.775163    0.225103    4.315387
    0.264706    0.764180    0.081738   -0.009311   -4.009633     -211.501791      193.737810    3.623863    0.852879    0.225103    4.315387
    0.274510    0.760765    0.078908    0.132251   -2.458998     -218.011658      213.382251    3.826546    0.929896    0.225103    4.315387
    0.284314    0.757577    0.071352    0.216686   -1.297627     -230.558895      232.011699    4.028347    1.006276    0.225103    4.315387
    0.294118    0.754769    0.061168    0.258838   -0.471487     -248.173638      249.760841    4.229349    1.082101    0.225103    4.315387
    0.303922    0.752420    0.049871    0.271094    0.087927     -269.856418      266.782456    4.429664    1.157458    0.225103    4.315387
    0.313725    0.750552    0.038513    0.263169    0.445794     -294.678029      283.228638    4.629419    1.232437    0.225103    4.315387
    0.323529    0.749153    0.027784    0.242373    0.656662     -321.819387      299.240856    4.828740    1.307123    0.225103    4.315387
    0.333333    0.748186    0.018109    0.214055    0.763062     -350.580375      314.945292    5.027748    1.381595    0.225103    4.315387
    0.343137    0.747602    0.009723    0.182047    0.796837     -380.374460      330.451170    5.226551    1.455926    0.225103    4.315387
    0.352941    0.747344    0.002719    0.149043    0.781325     -410.718027      345.850663    5.425243    1.530181    0.225103    4.315387
    0.362745    0.747353   -0.002901    0.116892    0.733495     -441.218772      361.219615    5.623903    1.604413    0.225103    4.315387
    0.372549    0.747571   -0.007201    0.086822    0.665687     -471.564993      376.618632    5.822595    1.678668    0.225103    4.315387
    0.382353    0.747945   -0.010288    0.059594    0.586922     -501.516299      392.094348    6.021366    1.752980    0.225103    4.315387
    0.392157    0.748426   -0.012290    0.035625    0.503815     -530.895647      407.680753    6.220252    1.827377    0.225103    4.315387
    0.401961    0.748972   -0.013350    0.015075    0.421208     -559.582370      423.400546    6.419276    1.901874    0.225103    4.315387
    0.411765    0.749544   -0.013613   -0.002089    0.342607     -587.505850      439.266485    6.618449    1.976484    0.225103    4.315387
    0.421569    0.750114   -0.013219   -0.016038    0.270473     -614.639533      455.282729    6.817774    2.051207    0.225103    4.315387
    0.431373    0.750656   -0.012298   -0.027041    0.206443     -640.995107      471.446135    7.017248    2.126042    0.225103    4.315387
    0.441176    0.751149   -0.010968   -0.035435    0.151495     -666.616779      487.747517    7.216860    2.200982    0.225103    4.315387
    0.450980    0.751579   -0.009331   -0.041589    0.106082     -691.575681      504.172824    7.416594    2.276015    0.225103    4.315387
    0.460784    0.751935   -0.007475   -0.045895    0.070249     -715.964504      520.704213    7.616433    2.351129    0.225103    4.315387
    0.470588    0.752210   -0.005468   -0.048742    0.043736     -739.892505      537.321012    7.816357    2.426306    0.225103    4.315387
    0.480392    0.752397   -0.003366   -0.050507    0.026066     -763.481018      554.000540    8.016341    2.501531    0.225103    4.315387
    0.490196    0.752494   -0.001205   -0.051547    0.016628     -786.859608      570.718774    8.216364    2.576784    0.225103    4.315387
    0.500000    0.752498    0.000990   -0.052193    0.014742     -810.162938      587.450871    8.416400    2.652048    0.225103    4.315387
    0.509804    0.752409    0.003210   -0.052748    0.019716     -833.528414      604.171521    8.616424    2.727303    0.225103    4.315387
    0.519608    0.752226    0.005456   -0.053487    0.030886     -857.094593      620.855168    8.816413    2.802531    0.225103    4.315387
    0.529412    0.751947    0.007742   -0.054656    0.047654     -881.000312      637.476082    9.016340    2.877711    0.225103    4.315387
    0.539216    0.751570    0.010090   -0.056478    0.069509     -905.384474      654.008314    9.216181    2.952825    0.225103    4.315387
    0.549020    0.751092    0.012533   -0.059154    0.096036     -930.386375      670.425543    9.415907    3.027851    0.225103    4.315387
    0.558824    0.750508    0.015110   -0.062867    0.126928     -956.146456      686.700835    9.615493    3.102770    0.225103    4.315387
    0.568627    0.749811    0.017870   -0.067787    0.161981     -982.807342      702.806332    9.814908    3.177557    0.225103    4.315387
    0.578431    0.748993    0.020865   -0.074073    0.201090    -1010.515013      718.712889   10.014122    3.252190    0.225103    4.315387
    0.588235    0.748041    0.024159   -0.081881    0.244240    -1039.419957      734.389683   10.213102    3.326642    0.225103    4.315387
    0.598039    0.746943    0.027817   -0.091362    0.291487    -1069.678122      749.803809   10.411809    3.400884    0.225103    4.315387
    0.607843    0.745682    0.031915   -0.102667    0.342943    -1101.451498      764.919889   10.610203    3.474885    0.225103    4.315387
    0.617647    0.744236    0.036533   -0.115950    0.398755    -1134.908116      779.699714   10.808238    3.548607    0.225103    4.315387
    0.627451    0.742583    0.041756   -0.131366    0.459081    -1170.221272      794.101952   11.005861    3.622010    0.225103    4.315387
    0.637255    0.740694    0.047680   -0.149073    0.524058    -1207.567748      808.081936   11.203014    3.695047    0.225103    4.315387
    0.647059    0.738538    0.054405   -0.169232    0.593774    -1247.124827      821.591589   11.399631    3.767666    0.225103    4.315387
    0.656863    0.736080    0.062037   -0.191999    0.668235    -1289.065894      834.579483   11.595635    3.839804    0.225103    4.315387
    0.666667    0.733278    0.070690   -0.217529    0.747327    -1333.554484      846.991106   11.790940    3.911393    0.225103    4.315387
    0.676471    0.730088    0.080484   -0.245966    0.830780    -1380.736687      858.769335   11.985451    3.982353    0.225103    4.315387
    0.686275    0.726458    0.091545   -0.277436    0.918136    -1430.731964      869.855165   12.179056    4.052595    0.225103    4.315387
    0.696078    0.722333    0.104004   -0.312042    1.008717    -1483.622557      880.188702   12.371631    4.122018    0.225103    4.315387
    0.705882    0.717652    0.117994   -0.349856    1.101603    -1539.441915      889.710424   12.563038    4.190505    0.225103    4.315387
    0.715686    0.712349    0.133653   -0.390906    1.195626    -1598.162775      898.362695   12.753119    4.257928    0.225103    4.315387
    0.725490    0.706352    0.151116   -0.435173    1.289374    -1659.685778      906.091494   12.941700    4.324143    0.225103    4.315387
    0.735294    0.699584    0.170519   -0.482579    1.381220    -1723.829723      912.848282   13.128586    4.388990    0.225103    4.315387
    0.745098    0.691965    0.191992   -0.532979    1.469373    -1790.324704      918.591909   13.313562    4.452296    0.225103    4.315387
    0.754902    0.683410    0.215657   -0.586164    1.551949    -1858.809333      923.290447   13.496390    4.513868    0.225103    4.315387
    0.764706    0.673829    0.241626   -0.641853    1.627065    -1928.833141      926.922788   13.676809    4.573504    0.225103    4.315387
    0.774510    0.663132    0.269998   -0.699703    1.692945    -1999.864820      929.479891   13.854535    4.630986    0.225103    4.315387
    0.784314    0.651229    0.300856   -0.759309    1.748032    -2071.306429      930.965520   14.029259    4.686088    0.225103    4.315387
    0.794118    0.638027    0.334266   -0.820224    1.791093    -2142.513042      931.396398   14.200648    4.738582    0.225103    4.315387
    0.803922    0.623439    0.370272   -0.881968    1.821308    -2212.816574      930.801718   14.368346    4.788236    0.225103    4.315387
    0.813725    0.607380    0.408899   -0.944047    1.838329    -2281.551965      929.222011   14.531972    4.834828    0.225103    4.315387
    0.823529    0.589771    0.450150   -1.005973    1.842304    -2348.083543      926.707461   14.691125    4.878152    0.225103    4.315387
    0.833333    0.570542    0.494011   -1.067281    1.833870    -2411.829312      923.315763   14.845383    4.918024    0.225103    4.315387
    0.843137    0.549632    0.540444   -1.127549    1.814100    -2472.281174      919.109686   14.994308    4.954295    0.225103    4.315387
    0.852941    0.526992    0.589399   -1.186408    1.784427    -2529.019653      914.154527   15.137444    4.986857    0.225103    4.315387
    0.862745    0.502588    0.640808   -1.243554    1.746552    -2581.722341      908.515607   15.274329    5.015655    0.225103    4.315387
    0.872549    0.476402    0.694595   -1.298758    1.702336    -2630.166055      902.255954   15.404490    5.040694    0.225103    4.315387
    0.882353    0.448431    0.750674   -1.351863    1.653697    -2674.223311      895.434295   15.527452    5.062043    0.225103    4.315387
    0.892157    0.418692    0.808953   -1.402789    1.602514    -2713.854199      888.103410   15.642743    5.079839    0.225103    4.315387
    0.901961    0.387221    0.869340   -1.451523    1.550541    -2749.094989      880.308887   15.749898    5.094289    0.225103    4.315387
    0.911765    0.354076    0.931744   -1.498119    1.499321    -2780.044838      872.088262   15.848463    5.105661    0.225103    4.315387
    0.921569    0.319333    0.996076   -1.542686    1.450085    -2806.851849      863.470520   15.938002    5.114283    0.225103    4.315387
    0.931373    0.283091    1.062253   -1.585377    1.403591    -2829.699531      854.475924   16.018105    5.120527    0.225103    4.315387
    0.941176    0.245469    1.130199   -1.626378    1.359775    -2848.794391      845.116105   16.088386    5.124793    0.225103    4.315387
    0.950980    0.206606    1.199848   -1.665874    1.316904    -2864.355212      835.394379   16.148499    5.127495    0.225103    4.315387
    0.960784    0.166665    1.271138   -1.703982    1.269418    -2876.604300      825.306263   16.198134    5.129037    0.225103    4.315387
    0.970588    0.125825    1.344010   -1.740578    1.202149    -2885.760998      814.840145   16.237028    5.129792    0.225103    4.315387
    0.980392    0.084286    1.418386   -1.774793    1.074471    -2892.037945      803.978107   16.264967    5.130080    0.225103    4.315387
    0.990196    0.042266    1.494111   -1.803591    0.775897    -2895.641648      792.696884   16.281796    5.130147    0.225103    4.315387
    1.000000    0.000000    1.570796   -1.817603    0.000000    -2896.785300      780.968967   16.287417    5.130152    0.225103    4.315387
