           t           r         psi          cs          qs               p             sig           A           V          Q2           S
    0.000000    0.000000   -1.570796   -1.311683    0.000000        6.185364       -3.190441   -0.000000    0.000000    0.163178    7.209680
    0.002488    0.017933   -1.547273   -1.311551   -0.019587        6.185363       -3.190503    0.001010    0.000000    0.163178    7.209680
    0.004975    0.035856   -1.523754   -1.311156   -0.039166        6.185358       -3.190564    0.004041    0.000002    0.163178    7.209680
    0.007463    0.053759   -1.500244   -1.310498   -0.058728        6.185349       -3.190624    0.009091    0.000009    0.163178    7.209680
    0.009950    0.071632   -1.476749   -1.309576   -0.078263        6.185337       -3.190683    0.016156    0.000027    0.163178    7.209680
    0.012438    0.089466   -1.453273   -1.308391   -0.097761        6.185321       -3.190742    0.025233    0.000066    0.163178    7.209680
    0.014925    0.107251   -1.429820   -1.306944   -0.117213        6.185301       -3.190800    0.036317    0.000137    0.163178    7.209680
    0.017413    0.124976   -1.406395   -1.305234   -0.136609        6.185277       -3.190857    0.049402    0.000253    0.163178    7.209680
    0.019900    0.142633   -1.383004   -1.303263   -0.155940        6.185249       -3.190913    0.064481    0.000431    0.163178    7.209680
    0.022388    0.160211   -1.359650   -1.301031   -0.175196        6.185215       -3.190969    0.081545    0.000688    0.163178    7.209680
    0.024876    0.177702   -1.336339   -1.298538   -0.194368        6.185177       -3.191025    0.100585    0.001044    0.163178    7.209680
    0.027363    0.195096   -1.313074   -1.295785   -0.213446        6.185134       -3.191079    0.121590    0.001522    0.163178    7.209680
    0.029851    0.212384   -1.289862   -1.292774   -0.232420        6.185085       -3.191134    0.144550    0.002146    0.163178    7.209680
    0.032338    0.229556   -1.266705   -1.289504   -0.251282        6.185031       -3.191188    0.169451    0.002940    0.163178    7.209680
    0.034826    0.246604   -1.243610   -1.285977   -0.270021        6.184971       -3.191241    0.196281    0.003933    0.163178    7.209680
    0.037313    0.263519   -1.220580   -1.282194   -0.288629        6.184905       -3.191294    0.225024    0.005152    0.163178    7.209680
    0.039801    0.280293   -1.197620   -1.278156   -0.307096        6.184832       -3.191346    0.255665    0.006628    0.163178    7.209680
    0.042289    0.296917   -1.174735   -1.273865   -0.325413        6.184752       -3.191398    0.288188    0.008390    0.163178    7.209680
    0.044776    0.313383   -1.151930   -1.269321   -0.343571        6.184666       -3.191450    0.322576    0.010471    0.163178    7.209680
    0.047264    0.329682   -1.129208   -1.264525   -0.361561        6.184572       -3.191501    0.358810    0.012902    0.163178    7.209680
    0.049751    0.345808   -1.106574   -1.259480   -0.379373        6.184470       -3.191552    0.396871    0.015716    0.163178    7.209680
    0.052239    0.361753   -1.084033   -1.254187   -0.396998        6.184359       -3.191603    0.436738    0.018946    0.163178    7.209680
    0.054726    0.377509   -1.061589   -1.248648   -0.414428        6.184240       -3.191653    0.478392    0.022625    0.163178    7.209680
    0.057214    0.393069   -1.039246   -1.242863   -0.431654        6.184112       -3.191702    0.521811    0.026786    0.163178    7.209680
    0.059701    0.408427   -1.017010   -1.236835   -0.448666        6.183975       -3.191752    0.566972    0.031461    0.163178    7.209680
    0.062189    0.423575   -0.994884   -1.230566   -0.465457        6.183827       -3.191800    0.613851    0.036682    0.163178    7.209680
    0.064677    0.438508   -0.972872   -1.224058   -0.482017        6.183670       -3.191849    0.662425    0.042482    0.163178    7.209680
    0.067164    0.453219   -0.950979   -1.217312   -0.498338        6.183501       -3.191897    0.712670    0.048890    0.163178    7.209680
    0.069652    0.467703   -0.929210   -1.210331   -0.514412        6.183321       -3.191944    0.764560    0.055937    0.163178    7.209680
    0.072139    0.481954   -0.907567   -1.203117   -0.530229        6.183128       -3.191991    0.818068    0.063651    0.163178    7.209680
    0.074627    0.495966   -0.886056   -1.195671   -0.545783        6.182924       -3.192038    0.873169    0.072061    0.163178    7.209680
    0.077114    0.509735   -0.864681   -1.187998   -0.561064        6.182707       -3.192084    0.929836    0.081191    0.163178    7.209680
    0.079602    0.523257   -0.843445   -1.180098   -0.576065        6.182476       -3.192129    0.988040    0.091068    0.163178    7.209680
    0.082090    0.536526   -0.822353   -1.171974   -0.590778        6.182231       -3.192173    1.047754    0.101713    0.163178    7.209680
    0.084577    0.549539   -0.801409   -1.163629   -0.605194        6.181971       -3.192217    1.108948    0.113148    0.163178    7.209680
    0.087065    0.562291   -0.780616   -1.155065   -0.619307        6.181697       -3.192260    1.171595    0.125394    0.163178    7.209680
    0.089552    0.574779   -0.759979   -1.146285   -0.633109        6.181407       -3.192302    1.235663    0.138467    0.163178    7.209680
    0.092040    0.587000   -0.739501   -1.137293   -0.646591        6.181101       -3.192343    1.301124    0.152384    0.163178    7.209680
    0.094527    0.598951   -0.719187   -1.128090   -0.659748        6.180779       -3.192383    1.367946    0.167158    0.163178    7.209680
    0.097015    0.610629   -0.699039   -1.118679   -0.672571        6.180441       -3.192422    1.436100    0.182801    0.163178    7.209680
    0.099502    0.622031   -0.679062   -1.109065   -0.685053        6.180085       -3.192459    1.505555    0.199323    0.163178    7.209680
    0.101990    0.633156   -0.659259   -1.099249   -0.697189        6.179712       -3.192495    1.576278    0.216731    0.163178    7.209680
    0.104478    0.644002   -0.639634   -1.089234   -0.708971        6.179322       -3.192529    1.648240    0.235032    0.163178    7.209680
    0.106965    0.654566   -0.620191   -1.079026   -0.720392        6.178915       -3.192561    1.721408    0.254228    0.163178    7.209680
    0.109453    0.664848   -0.600932   -1.068625   -0.731446        6.178490       -3.192591    1.795750    0.274322    0.163178    7.209680
    0.111940    0.674847   -0.581861   -1.058036   -0.742127        6.178049       -3.192619    1.871235    0.295311    0.163178    7.209680
    0.114428    0.684561   -0.562982   -1.047263   -0.752428        6.177591       -3.192645    1.947831    0.317195    0.163178    7.209680
    0.116915    0.693990   -0.544298   -1.036308   -0.762345        6.177117       -3.192668    2.025505    0.339967    0.163178    7.209680
    0.119403    0.703134   -0.525812   -1.025176   -0.771870        6.176628       -3.192688    2.104226    0.363622    0.163178    7.209680
    0.121891    0.711993   -0.507527   -1.013870   -0.780998        6.176124       -3.192706    2.183961    0.388150    0.163178    7.209680
    0.124378    0.720567   -0.489446   -1.002394   -0.789724        6.175609       -3.192719    2.264679    0.413542    0.163178    7.209680
    0.126866    0.728857   -0.471573   -0.990751   -0.798043        6.175082       -3.192729    2.346346    0.439785    0.163178    7.209680
    0.129353    0.736863   -0.453910   -0.978946   -0.805948        6.174546       -3.192735    2.428932    0.466865    0.163178    7.209680
    0.131841    0.744585   -0.436460   -0.966982   -0.813436        6.174003       -3.192737    2.512404    0.494768    0.163178    7.209680
    0.134328    0.752026   -0.419226   -0.954864   -0.820502        6.173456       -3.192734    2.596730    0.523477    0.163178    7.209680
    0.136816    0.759186   -0.402211   -0.942595   -0.827140        6.172908       -3.192727    2.681879    0.552972    0.163178    7.209680
    0.139303    0.766068   -0.385417   -0.930181   -0.833347        6.172362       -3.192714    2.767819    0.583235    0.163178    7.209680
    0.141791    0.772672   -0.368847   -0.917624   -0.839117        6.171823       -3.192695    2.854518    0.614245    0.163178    7.209680
    0.144279    0.779001   -0.352504   -0.904930   -0.844447        6.171294       -3.192670    2.941947    0.645979    0.163178    7.209680
    0.146766    0.785056   -0.336389   -0.892102   -0.849333        6.170780       -3.192639    3.030073    0.678415    0.163178    7.209680
    0.149254    0.790841   -0.320505   -0.879146   -0.853770        6.170286       -3.192602    3.118866    0.711528    0.163178    7.209680
    0.151741    0.796358   -0.304855   -0.866066   -0.857755        6.169818       -3.192557    3.208296    0.745295    0.163178    7.209680
    0.154229    0.801608   -0.289441   -0.852866   -0.861284        6.169381       -3.192505    3.298333    0.779688    0.163178    7.209680
    0.156716    0.806596   -0.274265   -0.839551   -0.864354        6.168980       -3.192445    3.388946    0.814683    0.163178    7.209680
    0.159204    0.811324   -0.259328   -0.826126   -0.866961        6.168622       -3.192377    3.480107    0.850252    0.163178    7.209680
    0.161692    0.815795   -0.244633   -0.812596   -0.869103        6.168313       -3.192301    3.571786    0.886369    0.163178    7.209680
    0.164179    0.820013   -0.230181   -0.798966   -0.870775        6.168059       -3.192217    3.663955    0.923005    0.163178    7.209680
    0.166667    0.823980   -0.215975   -0.785240   -0.871976        6.167864       -3.192124    3.756585    0.960133    0.163178    7.209680
    0.169154    0.827701   -0.202016   -0.771424   -0.872703        6.167736       -3.192022    3.849648    0.997726    0.163178    7.209680
    0.171642    0.831178   -0.188306   -0.757523   -0.872953        6.167678       -3.191912    3.943116    1.035754    0.163178    7.209680
    0.174129    0.834416   -0.174845   -0.743541   -0.872724        6.167694       -3.191793    4.036963    1.074190    0.163178    7.209680
    0.176617    0.837419   -0.161636   -0.729486   -0.872013        6.167788       -3.191665    4.131161    1.113006    0.163178    7.209680
    0.179104    0.840190   -0.148680   -0.715361   -0.870820        6.167963       -3.191528    4.225685    1.152174    0.163178    7.209680
    0.181592    0.842734   -0.135977   -0.701172   -0.869143        6.168220       -3.191384    4.320508    1.191667    0.163178    7.209680
    0.184080    0.845054   -0.123529   -0.686925   -0.866980        6.168560       -3.191231    4.415605    1.231456    0.163178    7.209680
    0.186567    0.847155   -0.111338   -0.672625   -0.864330        6.168981       -3.191070    4.510951    1.271515    0.163178    7.209680
    0.189055    0.849041   -0.099403   -0.658278   -0.861194        6.169481       -3.190903    4.606522    1.311818    0.163178    7.209680
    0.191542    0.850716   -0.087726   -0.643891   -0.857571        6.170057       -3.190728    4.702293    1.352338    0.163178    7.209680
    0.194030    0.852185   -0.076308   -0.629467   -0.853461        6.170705       -3.190548    4.798242    1.393049    0.163178    7.209680
    0.196517    0.853452   -0.065148   -0.615014   -0.848865        6.171418       -3.190361    4.894344    1.433926    0.163178    7.209680
    0.199005    0.854521   -0.054248   -0.600538   -0.843785        6.172189       -3.190170    4.990578    1.474945    0.163178    7.209680
    0.201493    0.855398   -0.043608   -0.586043   -0.838221        6.173012       -3.189975    5.086922    1.516081    0.163178    7.209680
    0.203980    0.856087   -0.033227   -0.571537   -0.832177        6.173877       -3.189776    5.183354    1.557312    0.163178    7.209680
    0.206468    0.856591   -0.023107   -0.557025   -0.825655        6.174774       -3.189575    5.279853    1.598614    0.163178    7.209680
    0.208955    0.856917   -0.013247   -0.542514   -0.818658        6.175695       -3.189372    5.376399    1.639965    0.163178    7.209680
    0.211443    0.857068   -0.003648   -0.528009   -0.811190        6.176630       -3.189167    5.472972    1.681345    0.163178    7.209680
    0.213930    0.857049    0.005692   -0.513517   -0.803256        6.177569       -3.188963    5.569552    1.722733    0.163178    7.209680
    0.216418    0.856865    0.014772   -0.499043   -0.794860        6.178501       -3.188759    5.666120    1.764109    0.163178    7.209680
    0.218905    0.856521    0.023592   -0.484595   -0.786008        6.179419       -3.188556    5.762659    1.805454    0.163178    7.209680
    0.221393    0.856021    0.032154   -0.470178   -0.776707        6.180313       -3.188355    5.859150    1.846750    0.163178    7.209680
    0.223881    0.855369    0.040457   -0.455798   -0.766962        6.181175       -3.188156    5.955576    1.887979    0.163178    7.209680
    0.226368    0.854572    0.048503   -0.441461   -0.756781        6.181998       -3.187961    6.051921    1.929124    0.163178    7.209680
    0.228856    0.853632    0.056293   -0.427175   -0.746172        6.182775       -3.187769    6.148168    1.970171    0.163178    7.209680
    0.231343    0.852555    0.063826   -0.412944   -0.735143        6.183502       -3.187582    6.244301    2.011102    0.163178    7.209680
    0.233831    0.851346    0.071105   -0.398775   -0.723703        6.184173       -3.187399    6.340305    2.051905    0.163178    7.209680
    0.236318    0.850008    0.078130   -0.384674   -0.711860        6.184785       -3.187222    6.436165    2.092565    0.163178    7.209680
    0.238806    0.848548    0.084903   -0.370647   -0.699625        6.185336       -3.187050    6.531868    2.133070    0.163178    7.209680
    0.241294    0.846968    0.091425   -0.356700   -0.687007        6.185823       -3.186883    6.627399    2.173407    0.163178    7.209680
    0.243781    0.845274    0.097698   -0.342840   -0.674018        6.186245       -3.186723    6.722746    2.213564    0.163178    7.209680
    0.246269    0.843471    0.103723   -0.329072   -0.660667        6.186602       -3.186569    6.817896    2.253532    0.163178    7.209680
    0.248756    0.841562    0.109502   -0.315401   -0.646968        6.186894       -3.186420    6.912837    2.293300    0.163178    7.209680
    0.251244    0.839552    0.115037   -0.301835   -0.632931        6.187123       -3.186279    7.007557    2.332858    0.163178    7.209680
    0.253731    0.837446    0.120329   -0.288378   -0.618568        6.187290       -3.186143    7.102045    2.372198    0.163178    7.209680
    0.256219    0.835248    0.125382   -0.275037   -0.603893        6.187396       -3.186014    7.196291    2.411313    0.163178    7.209680
    0.258706    0.832962    0.130195   -0.261817   -0.588918        6.187444       -3.185892    7.290283    2.450193    0.163178    7.209680
    0.261194    0.830593    0.134773   -0.248724   -0.573657        6.187436       -3.185775    7.384014    2.488833    0.163178    7.209680
    0.263682    0.828144    0.139118   -0.235763   -0.558123        6.187375       -3.185665    7.477473    2.527226    0.163178    7.209680
    0.266169    0.825620    0.143231   -0.222940   -0.542332        6.187264       -3.185561    7.570651    2.565367    0.163178    7.209680
    0.268657    0.823025    0.147115   -0.210260   -0.526296        6.187106       -3.185463    7.663541    2.603250    0.163178    7.209680
    0.271144    0.820364    0.150774   -0.197729   -0.510032        6.186904       -3.185371    7.756136    2.640871    0.163178    7.209680
    0.273632    0.817639    0.154208   -0.185351   -0.493553        6.186660       -3.185284    7.848426    2.678226    0.163178    7.209680
    0.276119    0.814856    0.157423   -0.173133   -0.476877        6.186378       -3.185203    7.940406    2.715311    0.163178    7.209680
    0.278607    0.812017    0.160420   -0.161078   -0.460019        6.186061       -3.185127    8.032070    2.752122    0.163178    7.209680
    0.281095    0.809127    0.163202   -0.149193   -0.442995        6.185712       -3.185057    8.123410    2.788658    0.163178    7.209680
    0.283582    0.806190    0.165772   -0.137481   -0.425822        6.185333       -3.184991    8.214422    2.824915    0.163178    7.209680
    0.286070    0.803210    0.168134   -0.125948   -0.408516        6.184926       -3.184931    8.305101    2.860893    0.163178    7.209680
    0.288557    0.800189    0.170291   -0.114598   -0.391095        6.184495       -3.184875    8.395442    2.896589    0.163178    7.209680
    0.291045    0.797132    0.172246   -0.103435   -0.373577        6.184042       -3.184823    8.485440    2.932002    0.163178    7.209680
    0.293532    0.794043    0.174002   -0.092465   -0.355980        6.183568       -3.184776    8.575092    2.967132    0.163178    7.209680
    0.296020    0.790924    0.175563   -0.081691   -0.338321        6.183077       -3.184732    8.664394    3.001978    0.163178    7.209680
    0.298507    0.787779    0.176933   -0.071117   -0.320619        6.182570       -3.184693    8.753343    3.036540    0.163178    7.209680
    0.300995    0.784611    0.178116   -0.060748   -0.302893        6.182048       -3.184657    8.841936    3.070819    0.163178    7.209680
    0.303483    0.781425    0.179114   -0.050586   -0.285162        6.181514       -3.184625    8.930171    3.104814    0.163178    7.209680
    0.305970    0.778222    0.179931   -0.040636   -0.267444        6.180970       -3.184597    9.018047    3.138527    0.163178    7.209680
    0.308458    0.775006    0.180572   -0.030901   -0.249760        6.180415       -3.184571    9.105560    3.171958    0.163178    7.209680
    0.310945    0.771781    0.181041   -0.021385   -0.232128        6.179853       -3.184549    9.192711    3.205110    0.163178    7.209680
    0.313433    0.768549    0.181341   -0.012090   -0.214569        6.179284       -3.184529    9.279498    3.237983    0.163178    7.209680
    0.315920    0.765313    0.181476   -0.003019   -0.197102        6.178708       -3.184513    9.365920    3.270579    0.163178    7.209680
    0.318408    0.762076    0.181450    0.005825   -0.179748        6.178128       -3.184499    9.451978    3.302900    0.163178    7.209680
    0.320896    0.758841    0.181268    0.014440   -0.162525        6.177545       -3.184488    9.537671    3.334949    0.163178    7.209680
    0.323383    0.755611    0.180934    0.022823   -0.145454        6.176958       -3.184479    9.623000    3.366727    0.163178    7.209680
    0.325871    0.752388    0.180451    0.030972   -0.128556        6.176369       -3.184472    9.707965    3.398237    0.163178    7.209680
    0.328358    0.749174    0.179824    0.038886   -0.111850        6.175778       -3.184468    9.792567    3.429482    0.163178    7.209680
    0.330846    0.745973    0.179058    0.046562   -0.095356        6.175186       -3.184466    9.876808    3.460465    0.163178    7.209680
    0.333333    0.742787    0.178156    0.054001   -0.079093        6.174594       -3.184465    9.960689    3.491188    0.163178    7.209680
    0.335821    0.739617    0.177122    0.061200   -0.063082        6.174002       -3.184467   10.044212    3.521654    0.163178    7.209680
    0.338308    0.736467    0.175962    0.068159   -0.047342        6.173410       -3.184470   10.127379    3.551868    0.163178    7.209680
    0.340796    0.733339    0.174679    0.074877   -0.031893        6.172820       -3.184475   10.210192    3.581831    0.163178    7.209680
    0.343284    0.730234    0.173278    0.081354   -0.016752        6.172230       -3.184482   10.292654    3.611547    0.163178    7.209680
    0.345771    0.727155    0.171762    0.087591   -0.001940        6.171642       -3.184490   10.374767    3.641021    0.163178    7.209680
    0.348259    0.724104    0.170137    0.093586    0.012527        6.171056       -3.184500   10.456535    3.670255    0.163178    7.209680
    0.350746    0.721083    0.168407    0.099342    0.026629        6.170472       -3.184511   10.537961    3.699253    0.163178    7.209680
    0.353234    0.718093    0.166575    0.104859    0.040349        6.169890       -3.184523   10.619048    3.728020    0.163178    7.209680
    0.355721    0.715136    0.164647    0.110138    0.053671        6.169310       -3.184537   10.699800    3.756558    0.163178    7.209680
    0.358209    0.712214    0.162626    0.115180    0.066578        6.168733       -3.184552   10.780221    3.784871    0.163178    7.209680
    0.360697    0.709329    0.160517    0.119987    0.079053        6.168158       -3.184568   10.860315    3.812965    0.163178    7.209680
    0.363184    0.706482    0.158324    0.124562    0.091082        6.167587       -3.184585   10.940085    3.840842    0.163178    7.209680
    0.365672    0.703674    0.156051    0.128907    0.102650        6.167018       -3.184603   11.019537    3.868506    0.163178    7.209680
    0.368159    0.700908    0.153701    0.133024    0.113743        6.166452       -3.184622   11.098675    3.895962    0.163178    7.209680
    0.370647    0.698183    0.151280    0.136917    0.124348        6.165889       -3.184641   11.177504    3.923214    0.163178    7.209680
    0.373134    0.695502    0.148792    0.140588    0.134452        6.165328       -3.184662   11.256028    3.950266    0.163178    7.209680
    0.375622    0.692866    0.146239    0.144041    0.144044        6.164771       -3.184684   11.334252    3.977122    0.163178    7.209680
    0.378109    0.690276    0.143626    0.147281    0.153113        6.164217       -3.184706   11.412182    4.003787    0.163178    7.209680
    0.380597    0.687733    0.140957    0.150310    0.161649        6.163666       -3.184730   11.489823    4.030263    0.163178    7.209680
    0.383085    0.685237    0.138236    0.153134    0.169642        6.163117       -3.184753   11.567179    4.056557    0.163178    7.209680
    0.385572    0.682790    0.135466    0.155757    0.177085        6.162572       -3.184778   11.644258    4.082672    0.163178    7.209680
    0.388060    0.680393    0.132650    0.158184    0.183971        6.162029       -3.184803   11.721063    4.108612    0.163178    7.209680
    0.390547    0.678046    0.129793    0.160421    0.190293        6.161490       -3.184829   11.797601    4.134381    0.163178    7.209680
    0.393035    0.675751    0.126897    0.162472    0.196046        6.160953       -3.184856   11.873878    4.159984    0.163178    7.209680
    0.395522    0.673507    0.123966    0.164343    0.201226        6.160419       -3.184883   11.949898    4.185426    0.163178    7.209680
    0.398010    0.671316    0.121003    0.166041    0.205829        6.159888       -3.184910   12.025669    4.210709    0.163178    7.209680
    0.400498    0.669178    0.118012    0.167571    0.209855        6.159359       -3.184938   12.101196    4.235839    0.163178    7.209680
    0.402985    0.667093    0.114994    0.168939    0.213300        6.158833       -3.184967   12.176485    4.260820    0.163178    7.209680
    0.405473    0.665062    0.111953    0.170151    0.216166        6.158310       -3.184996   12.251542    4.285656    0.163178    7.209680
    0.407960    0.663086    0.108892    0.171216    0.218453        6.157789       -3.185025   12.326373    4.310352    0.163178    7.209680
    0.410448    0.661164    0.105812    0.172138    0.220163        6.157270       -3.185055   12.400985    4.334910    0.163178    7.209680
    0.412935    0.659297    0.102718    0.172925    0.221299        6.156754       -3.185085   12.475383    4.359337    0.163178    7.209680
    0.415423    0.657486    0.099611    0.173584    0.221866        6.156241       -3.185116   12.549574    4.383635    0.163178    7.209680
    0.417910    0.655731    0.096492    0.174121    0.221868        6.155729       -3.185147   12.623564    4.407809    0.163178    7.209680
    0.420398    0.654031    0.093366    0.174545    0.221311        6.155220       -3.185178   12.697360    4.431864    0.163178    7.209680
    0.422886    0.652386    0.090232    0.174862    0.220202        6.154712       -3.185209   12.770966    4.455803    0.163178    7.209680
    0.425373    0.650798    0.087094    0.175079    0.218550        6.154207       -3.185241   12.844391    4.479630    0.163178    7.209680
    0.427861    0.649266    0.083953    0.175203    0.216363        6.153704       -3.185274   12.917640    4.503350    0.163178    7.209680
    0.430348    0.647791    0.080810    0.175242    0.213651        6.153203       -3.185306   12.990720    4.526967    0.163178    7.209680
    0.432836    0.646371    0.077668    0.175203    0.210425        6.152703       -3.185339   13.063636    4.550484    0.163178    7.209680
    0.435323    0.645008    0.074526    0.175092    0.206696        6.152205       -3.185372   13.136396    4.573906    0.163178    7.209680
    0.437811    0.643700    0.071388    0.174917    0.202478        6.151709       -3.185405   13.209005    4.597237    0.163178    7.209680
    0.440299    0.642449    0.068253    0.174686    0.197783        6.151215       -3.185438   13.281470    4.620480    0.163178    7.209680
    0.442786    0.641254    0.065122    0.174404    0.192625        6.150722       -3.185472   13.353797    4.643640    0.163178    7.209680
    0.445274    0.640115    0.061997    0.174078    0.187020        6.150230       -3.185506   13.425993    4.666720    0.163178    7.209680
    0.447761    0.639032    0.058878    0.173715    0.180983        6.149740       -3.185540   13.498063    4.689725    0.163178    7.209680
    0.450249    0.638004    0.055766    0.173322    0.174529        6.149251       -3.185574   13.570014    4.712658    0.163178    7.209680
    0.452736    0.637032    0.052662    0.172904    0.167677        6.148763       -3.185608   13.641853    4.735524    0.163178    7.209680
    0.455224    0.636116    0.049565    0.172468    0.160443        6.148277       -3.185642   13.713586    4.758325    0.163178    7.209680
    0.457711    0.635255    0.046475    0.172019    0.152846        6.147792       -3.185677   13.785218    4.781067    0.163178    7.209680
    0.460199    0.634450    0.043394    0.171564    0.144905        6.147307       -3.185712   13.856757    4.803752    0.163178    7.209680
    0.462687    0.633699    0.040322    0.171106    0.136638        6.146824       -3.185747   13.928207    4.826384    0.163178    7.209680
    0.465174    0.633004    0.037257    0.170652    0.128066        6.146342       -3.185781   13.999577    4.848968    0.163178    7.209680
    0.467662    0.632363    0.034200    0.170206    0.119207        6.145860       -3.185817   14.070871    4.871507    0.163178    7.209680
    0.470149    0.631777    0.031152    0.169773    0.110084        6.145379       -3.185852   14.142096    4.894004    0.163178    7.209680
    0.472637    0.631246    0.028111    0.169357    0.100717        6.144899       -3.185887   14.213257    4.916464    0.163178    7.209680
    0.475124    0.630769    0.025077    0.168961    0.091127        6.144420       -3.185922   14.284363    4.938890    0.163178    7.209680
    0.477612    0.630346    0.022050    0.168590    0.081336        6.143941       -3.185958   14.355417    4.961285    0.163178    7.209680
    0.480100    0.629978    0.019030    0.168246    0.071365        6.143462       -3.185993   14.426427    4.983654    0.163178    7.209680
    0.482587    0.629664    0.016015    0.167933    0.061238        6.142984       -3.186028   14.497399    5.006000    0.163178    7.209680
    0.485075    0.629404    0.013006    0.167653    0.050975        6.142507       -3.186064   14.568338    5.028327    0.163178    7.209680
    0.487562    0.629197    0.010001    0.167407    0.040599        6.142029       -3.186099   14.639250    5.050638    0.163178    7.209680
    0.490050    0.629045    0.007001    0.167198    0.030134        6.141552       -3.186135   14.710143    5.072937    0.163178    7.209680
    0.492537    0.628946    0.004004    0.167028    0.019602        6.141075       -3.186171   14.781022    5.095228    0.163178    7.209680
    0.495025    0.628901    0.001009    0.166897    0.009025        6.140598       -3.186206   14.851892    5.117514    0.163178    7.209680
    0.497512    0.628910   -0.001983    0.166805   -0.001574        6.140121       -3.186242   14.922760    5.139798    0.163178    7.209680
    0.500000    0.628972   -0.004974    0.166755   -0.012171        6.139644       -3.186277   14.993633    5.162085    0.163178    7.209680
    0.502488    0.629088   -0.007964    0.166744   -0.022744        6.139167       -3.186313   15.064515    5.184378    0.163178    7.209680
    0.504975    0.629258   -0.010955    0.166773   -0.033270        6.138690       -3.186348   15.135413    5.206681    0.163178    7.209680
    0.507463    0.629481   -0.013947    0.166840   -0.043726        6.138212       -3.186384   15.206334    5.228996    0.163178    7.209680
    0.509950    0.629758   -0.016940    0.166946   -0.054090        6.137734       -3.186419   15.277283    5.251329    0.163178    7.209680
    0.512438    0.630089   -0.019935    0.167087   -0.064340        6.137256       -3.186455   15.348266    5.273682    0.163178    7.209680
    0.514925    0.630473   -0.022933    0.167262   -0.074453        6.136778       -3.186490   15.419289    5.296059    0.163178    7.209680
    0.517413    0.630911   -0.025935    0.167470   -0.084407        6.136299       -3.186526   15.490359    5.318464    0.163178    7.209680
    0.519900    0.631403   -0.028940    0.167706   -0.094180        6.135819       -3.186561   15.561481    5.340900    0.163178    7.209680
    0.522388    0.631949   -0.031950    0.167969   -0.103751        6.135339       -3.186596   15.632661    5.363371    0.163178    7.209680
    0.524876    0.632549   -0.034965    0.168254   -0.113098        6.134857       -3.186631   15.703907    5.385880    0.163178    7.209680
    0.527363    0.633203   -0.037986    0.168559   -0.122201        6.134376       -3.186666   15.775222    5.408432    0.163178    7.209680
    0.529851    0.633911   -0.041011    0.168879   -0.131040        6.133893       -3.186701   15.846615    5.431030    0.163178    7.209680
    0.532338    0.634674   -0.044043    0.169209   -0.139594        6.133409       -3.186736   15.918090    5.453677    0.163178    7.209680
    0.534826    0.635491   -0.047081    0.169546   -0.147843        6.132925       -3.186771   15.989655    5.476378    0.163178    7.209680
    0.537313    0.636362   -0.050125    0.169885   -0.155768        6.132439       -3.186805   16.061314    5.499136    0.163178    7.209680
    0.539801    0.637288   -0.053174    0.170220   -0.163352        6.131952       -3.186840   16.133075    5.521955    0.163178    7.209680
    0.542289    0.638269   -0.056230    0.170546   -0.170574        6.131465       -3.186874   16.204943    5.544839    0.163178    7.209680
    0.544776    0.639304   -0.059292    0.170857   -0.177419        6.130975       -3.186908   16.276925    5.567791    0.163178    7.209680
    0.547264    0.640394   -0.062359    0.171148   -0.183869        6.130485       -3.186942   16.349026    5.590815    0.163178    7.209680
    0.549751    0.641539   -0.065430    0.171413   -0.189908        6.129993       -3.186976   16.421254    5.613915    0.163178    7.209680
    0.552239    0.642739   -0.068507    0.171645   -0.195519        6.129500       -3.187009   16.493613    5.637095    0.163178    7.209680
    0.554726    0.643995   -0.071587    0.171838   -0.200689        6.129005       -3.187042   16.566111    5.660359    0.163178    7.209680
    0.557214    0.645305   -0.074670    0.171986   -0.205403        6.128508       -3.187076   16.638753    5.683711    0.163178    7.209680
    0.559701    0.646670   -0.077756    0.172083   -0.209647        6.128010       -3.187108   16.711547    5.707154    0.163178    7.209680
    0.562189    0.648091   -0.080842    0.172120   -0.213409        6.127510       -3.187141   16.784497    5.730693    0.163178    7.209680
    0.564677    0.649567   -0.083929    0.172092   -0.216677        6.127008       -3.187174   16.857610    5.754332    0.163178    7.209680
    0.567164    0.651098   -0.087015    0.171992   -0.219439        6.126505       -3.187206   16.930893    5.778074    0.163178    7.209680
    0.569652    0.652684   -0.090098    0.171812   -0.221687        6.125999       -3.187237   17.004352    5.801923    0.163178    7.209680
    0.572139    0.654325   -0.093177    0.171546   -0.223410        6.125491       -3.187269   17.077992    5.825884    0.163178    7.209680
    0.574627    0.656021   -0.096250    0.171187   -0.224600        6.124982       -3.187300   17.151820    5.849961    0.163178    7.209680
    0.577114    0.657772   -0.099317    0.170728   -0.225249        6.124470       -3.187331   17.225843    5.874157    0.163178    7.209680
    0.579602    0.659578   -0.102374    0.170162   -0.225352        6.123956       -3.187362   17.300066    5.898477    0.163178    7.209680
    0.582090    0.661438   -0.105419    0.169481   -0.224903        6.123439       -3.187392   17.374495    5.922925    0.163178    7.209680
    0.584577    0.663352   -0.108452    0.168680   -0.223897        6.122920       -3.187422   17.449137    5.947505    0.163178    7.209680
    0.587065    0.665320   -0.111469    0.167752   -0.222330        6.122399       -3.187451   17.523998    5.972221    0.163178    7.209680
    0.589552    0.667342   -0.114468    0.166689   -0.220200        6.121875       -3.187480   17.599084    5.997077    0.163178    7.209680
    0.592040    0.669417   -0.117447    0.165485   -0.217505        6.121349       -3.187508   17.674400    6.022078    0.163178    7.209680
    0.594527    0.671545   -0.120403    0.164135   -0.214246        6.120820       -3.187536   17.749954    6.047228    0.163178    7.209680
    0.597015    0.673725   -0.123334    0.162631   -0.210422        6.120288       -3.187564   17.825750    6.072530    0.163178    7.209680
    0.599502    0.675957   -0.126236    0.160968   -0.206034        6.119754       -3.187591   17.901794    6.097989    0.163178    7.209680
    0.601990    0.678241   -0.129106    0.159139   -0.201086        6.119217       -3.187617   17.978093    6.123610    0.163178    7.209680
    0.604478    0.680575   -0.131943    0.157139   -0.195581        6.118677       -3.187643   18.054653    6.149396    0.163178    7.209680
    0.606965    0.682960   -0.134742    0.154963   -0.189522        6.118134       -3.187668   18.131478    6.175352    0.163178    7.209680
    0.609453    0.685394   -0.137500    0.152606   -0.182916        6.117588       -3.187693   18.208575    6.201482    0.163178    7.209680
    0.611940    0.687876   -0.140215    0.150061   -0.175769        6.117040       -3.187716   18.285948    6.227789    0.163178    7.209680
    0.614428    0.690406   -0.142882    0.147325   -0.168088        6.116488       -3.187740   18.363604    6.254280    0.163178    7.209680
    0.616915    0.692983   -0.145498    0.144393   -0.159881        6.115934       -3.187762   18.441548    6.280956    0.163178    7.209680
    0.619403    0.695606   -0.148060    0.141260   -0.151157        6.115376       -3.187784   18.519785    6.307824    0.163178    7.209680
    0.621891    0.698274   -0.150563    0.137923   -0.141926        6.114816       -3.187804   18.598320    6.334886    0.163178    7.209680
    0.624378    0.700986   -0.153006    0.134377   -0.132200        6.114253       -3.187824   18.677158    6.362148    0.163178    7.209680
    0.626866    0.703741   -0.155382    0.130620   -0.121989        6.113687       -3.187843   18.756304    6.389613    0.163178    7.209680
    0.629353    0.706537   -0.157689    0.126648   -0.111306        6.113118       -3.187861   18.835763    6.417285    0.163178    7.209680
    0.631841    0.709373   -0.159924    0.122458   -0.100164        6.112546       -3.187878   18.915539    6.445168    0.163178    7.209680
    0.634328    0.712248   -0.162081    0.118048   -0.088576        6.111971       -3.187894   18.995637    6.473267    0.163178    7.209680
    0.636816    0.715161   -0.164157    0.113415   -0.076558        6.111394       -3.187909   19.076061    6.501586    0.163178    7.209680
    0.639303    0.718109   -0.166147    0.108557   -0.064123        6.110814       -3.187923   19.156816    6.530128    0.163178    7.209680
    0.641791    0.721092   -0.168049    0.103473   -0.051289        6.110232       -3.187935   19.237904    6.558897    0.163178    7.209680
    0.644279    0.724108   -0.169857    0.098160   -0.038070        6.109648       -3.187946   19.319331    6.587897    0.163178    7.209680
    0.646766    0.727155   -0.171569    0.092618   -0.024483        6.109062       -3.187956   19.401099    6.617133    0.163178    7.209680
    0.649254    0.730231   -0.173178    0.086846   -0.010547        6.108474       -3.187964   19.483212    6.646607    0.163178    7.209680
    0.651741    0.733335   -0.174682    0.080844    0.003723        6.107884       -3.187971   19.565674    6.676324    0.163178    7.209680
    0.654229    0.736465   -0.176077    0.074610    0.018307        6.107294       -3.187976   19.648487    6.706286    0.163178    7.209680
    0.656716    0.739618   -0.177357    0.068145    0.033189        6.106702       -3.187979   19.731653    6.736498    0.163178    7.209680
    0.659204    0.742792   -0.178520    0.061450    0.048348        6.106110       -3.187980   19.815176    6.766964    0.163178    7.209680
    0.661692    0.745986   -0.179560    0.054524    0.063767        6.105518       -3.187980   19.899059    6.797685    0.163178    7.209680
    0.664179    0.749198   -0.180474    0.047368    0.079427        6.104926       -3.187978   19.983302    6.828666    0.163178    7.209680
    0.666667    0.752424   -0.181258    0.039984    0.095308        6.104335       -3.187973   20.067907    6.859909    0.163178    7.209680
    0.669154    0.755663   -0.181907    0.032372    0.111392        6.103746       -3.187967   20.152877    6.891418    0.163178    7.209680
    0.671642    0.758912   -0.182417    0.024535    0.127659        6.103160       -3.187958   20.238213    6.923195    0.163178    7.209680
    0.674129    0.762169   -0.182785    0.016473    0.144089        6.102576       -3.187947   20.323915    6.955243    0.163178    7.209680
    0.676617    0.765431   -0.183007    0.008189    0.160664        6.101996       -3.187933   20.409984    6.987565    0.163178    7.209680
    0.679104    0.768696   -0.183078   -0.000314    0.177363        6.101422       -3.187916   20.496422    7.020162    0.163178    7.209680
    0.681592    0.771960   -0.182994   -0.009036    0.194169        6.100853       -3.187896   20.583227    7.053038    0.163178    7.209680
    0.684080    0.775222   -0.182752   -0.017972    0.211061        6.100291       -3.187874   20.670400    7.086194    0.163178    7.209680
    0.686567    0.778478   -0.182348   -0.027120    0.228021        6.099738       -3.187848   20.757940    7.119632    0.163178    7.209680
    0.689055    0.781726   -0.181778   -0.036478    0.245030        6.099194       -3.187819   20.845847    7.153353    0.163178    7.209680
    0.691542    0.784962   -0.181039   -0.046042    0.262070        6.098662       -3.187787   20.934119    7.187359    0.163178    7.209680
    0.694030    0.788183   -0.180126   -0.055809    0.279121        6.098142       -3.187751   21.022754    7.221652    0.163178    7.209680
    0.696517    0.791387   -0.179036   -0.065774    0.296166        6.097637       -3.187711   21.111752    7.256231    0.163178    7.209680
    0.699005    0.794569   -0.177765   -0.075936    0.313187        6.097149       -3.187667   21.201110    7.291098    0.163178    7.209680
    0.701493    0.797728   -0.176311   -0.086289    0.330167        6.096679       -3.187619   21.290825    7.326253    0.163178    7.209680
    0.703980    0.800860   -0.174669   -0.096830    0.347087        6.096231       -3.187566   21.380894    7.361696    0.163178    7.209680
    0.706468    0.803960   -0.172837   -0.107554    0.363932        6.095806       -3.187509   21.471315    7.397427    0.163178    7.209680
    0.708955    0.807027   -0.170810   -0.118459    0.380684        6.095407       -3.187447   21.562083    7.433446    0.163178    7.209680
    0.711443    0.810056   -0.168587   -0.129538    0.397328        6.095037       -3.187380   21.653195    7.469751    0.163178    7.209680
    0.713930    0.813044   -0.166163   -0.140788    0.413848        6.094698       -3.187308   21.744646    7.506341    0.163178    7.209680
    0.716418    0.815988   -0.163536   -0.152205    0.430228        6.094395       -3.187230   21.836431    7.543214    0.163178    7.209680
    0.718905    0.818883   -0.160702   -0.163783    0.446454        6.094129       -3.187147   21.928545    7.580369    0.163178    7.209680
    0.721393    0.821726   -0.157660   -0.175518    0.462510        6.093905       -3.187058   22.020982    7.617803    0.163178    7.209680
    0.723881    0.824513   -0.154406   -0.187405    0.478384        6.093727       -3.186962   22.113737    7.655514    0.163178    7.209680
    0.726368    0.827241   -0.150937   -0.199439    0.494061        6.093597       -3.186861   22.206802    7.693497    0.163178    7.209680
    0.728856    0.829906   -0.147251   -0.211616    0.509528        6.093520       -3.186752   22.300171    7.731750    0.163178    7.209680
    0.731343    0.832503   -0.143346   -0.223930    0.524773        6.093499       -3.186637   22.393837    7.770268    0.163178    7.209680
    0.733831    0.835028   -0.139218   -0.236377    0.539783        6.093539       -3.186516   22.487791    7.809045    0.163178    7.209680
    0.736318    0.837479   -0.134866   -0.248951    0.554547        6.093642       -3.186387   22.582026    7.848078    0.163178    7.209680
    0.738806    0.839850   -0.130288   -0.261647    0.569053        6.093813       -3.186251   22.676532    7.887360    0.163178    7.209680
    0.741294    0.842137   -0.125481   -0.274459    0.583291        6.094055       -3.186108   22.771301    7.926885    0.163178    7.209680
    0.743781    0.844338   -0.120443   -0.287384    0.597250        6.094371       -3.185957   22.866323    7.966646    0.163178    7.209680
    0.746269    0.846446   -0.115172   -0.300415    0.610921        6.094765       -3.185800   22.961588    8.006635    0.163178    7.209680
    0.748756    0.848458   -0.109666   -0.313547    0.624295        6.095238       -3.185634   23.057085    8.046844    0.163178    7.209680
    0.751244    0.850370   -0.103925   -0.326776    0.637361        6.095793       -3.185462   23.152803    8.087265    0.163178    7.209680
    0.753731    0.852178   -0.097945   -0.340095    0.650112        6.096431       -3.185282   23.248730    8.127888    0.163178    7.209680
    0.756219    0.853876   -0.091725   -0.353500    0.662540        6.097153       -3.185095   23.344856    8.168703    0.163178    7.209680
    0.758706    0.855462   -0.085264   -0.366985    0.674637        6.097958       -3.184901   23.441166    8.209699    0.163178    7.209680
    0.761194    0.856929   -0.078561   -0.380545    0.686395        6.098845       -3.184700   23.537648    8.250865    0.163178    7.209680
    0.763682    0.858275   -0.071614   -0.394175    0.697808        6.099812       -3.184493   23.634289    8.292188    0.163178    7.209680
    0.766169    0.859494   -0.064422   -0.407870    0.708869        6.100855       -3.184280   23.731075    8.333656    0.163178    7.209680
    0.768657    0.860583   -0.056984   -0.421624    0.719572        6.101971       -3.184061   23.827990    8.375255    0.163178    7.209680
    0.771144    0.861536   -0.049299   -0.435432    0.729911        6.103154       -3.183837   23.925021    8.416971    0.163178    7.209680
    0.773632    0.862349   -0.041365   -0.449288    0.739879        6.104396       -3.183609   24.022151    8.458789    0.163178    7.209680
    0.776119    0.863018   -0.033183   -0.463189    0.749472        6.105689       -3.183377   24.119365    8.500693    0.163178    7.209680
    0.778607    0.863537   -0.024751   -0.477128    0.758684        6.107026       -3.183142   24.216645    8.542666    0.163178    7.209680
    0.781095    0.863904   -0.016068   -0.491100    0.767509        6.108394       -3.182905   24.313976    8.584690    0.163178    7.209680
    0.783582    0.864112   -0.007135   -0.505100    0.775943        6.109784       -3.182666   24.411339    8.626749    0.163178    7.209680
    0.786070    0.864158    0.002049   -0.519124    0.783981        6.111183       -3.182426   24.508716    8.668823    0.163178    7.209680
    0.788557    0.864037    0.011485   -0.533165    0.791618        6.112580       -3.182187   24.606090    8.710893    0.163178    7.209680
    0.791045    0.863745    0.021173   -0.547219    0.798849        6.113961       -3.181948   24.703440    8.752938    0.163178    7.209680
    0.793532    0.863276    0.031114   -0.561281    0.805670        6.115314       -3.181712   24.800747    8.794937    0.163178    7.209680
    0.796020    0.862628    0.041306   -0.575345    0.812076        6.116627       -3.181478   24.897991    8.836869    0.163178    7.209680
    0.798507    0.861794    0.051751   -0.589406    0.818063        6.117888       -3.181249   24.995152    8.878710    0.163178    7.209680
    0.800995    0.860771    0.062447   -0.603460    0.823626        6.119085       -3.181024   25.092208    8.920439    0.163178    7.209680
    0.803483    0.859554    0.073396   -0.617501    0.828762        6.120209       -3.180805   25.189138    8.962032    0.163178    7.209680
    0.805970    0.858139    0.084596   -0.631525    0.833465        6.121249       -3.180592   25.285920    9.003463    0.163178    7.209680
    0.808458    0.856522    0.096048   -0.645525    0.837733        6.122200       -3.180386   25.382531    9.044709    0.163178    7.209680
    0.810945    0.854698    0.107751   -0.659497    0.841561        6.123054       -3.180188   25.478948    9.085743    0.163178    7.209680
    0.813433    0.852663    0.119703   -0.673436    0.844946        6.123807       -3.179998   25.575148    9.126541    0.163178    7.209680
    0.815920    0.850413    0.131906   -0.687336    0.847884        6.124456       -3.179817   25.671106    9.167075    0.163178    7.209680
    0.818408    0.847944    0.144357   -0.701193    0.850372        6.124999       -3.179645   25.766799    9.207318    0.163178    7.209680
    0.820896    0.845252    0.157057   -0.715002    0.852408        6.125437       -3.179483   25.862201    9.247245    0.163178    7.209680
    0.823383    0.842332    0.170003   -0.728756    0.853989        6.125772       -3.179331   25.957286    9.286827    0.163178    7.209680
    0.825871    0.839182    0.183196   -0.742452    0.855113        6.126005       -3.179188   26.052030    9.326036    0.163178    7.209680
    0.828358    0.835796    0.196634   -0.756084    0.855777        6.126142       -3.179056   26.146406    9.364846    0.163178    7.209680
    0.830846    0.832173    0.210316   -0.769648    0.855980        6.126187       -3.178933   26.240386    9.403228    0.163178    7.209680
    0.833333    0.828307    0.224240   -0.783137    0.855722        6.126146       -3.178821   26.333945    9.441154    0.163178    7.209680
    0.835821    0.824196    0.238406   -0.796547    0.855000        6.126026       -3.178718   26.427054    9.478596    0.163178    7.209680
    0.838308    0.819835    0.252811   -0.809873    0.853816        6.125833       -3.178625   26.519686    9.515527    0.163178    7.209680
    0.840796    0.815223    0.267455   -0.823109    0.852168        6.125575       -3.178542   26.611812    9.551919    0.163178    7.209680
    0.843284    0.810355    0.282335   -0.836252    0.850058        6.125259       -3.178467   26.703405    9.587745    0.163178    7.209680
    0.845771    0.805229    0.297450   -0.849296    0.847486        6.124892       -3.178401   26.794434    9.622978    0.163178    7.209680
    0.848259    0.799841    0.312797   -0.862235    0.844452        6.124482       -3.178344   26.884871    9.657592    0.163178    7.209680
    0.850746    0.794190    0.328376   -0.875066    0.840960        6.124035       -3.178294   26.974686    9.691562    0.163178    7.209680
    0.853234    0.788272    0.344185   -0.887784    0.837010        6.123558       -3.178253   27.063849    9.724862    0.163178    7.209680
    0.855721    0.782086    0.360220   -0.900383    0.832605        6.123057       -3.178218   27.152330    9.757468    0.163178    7.209680
    0.858209    0.775629    0.376480   -0.912859    0.827748        6.122537       -3.178191   27.240099    9.789356    0.163178    7.209680
    0.860697    0.768898    0.392962   -0.925207    0.822442        6.122005       -3.178169   27.327125    9.820504    0.163178    7.209680
    0.863184    0.761893    0.409665   -0.937423    0.816689        6.121465       -3.178154   27.413377    9.850891    0.163178    7.209680
    0.865672    0.754611    0.426586   -0.949503    0.810494        6.120921       -3.178144   27.498824    9.880497    0.163178    7.209680
    0.868159    0.747051    0.443722   -0.961440    0.803861        6.120376       -3.178140   27.583434    9.909303    0.163178    7.209680
    0.870647    0.739212    0.461071   -0.973233    0.796793        6.119835       -3.178140   27.667178    9.937290    0.163178    7.209680
    0.873134    0.731092    0.478630   -0.984875    0.789295        6.119300       -3.178145   27.750022    9.964443    0.163178    7.209680
    0.875622    0.722692    0.496397   -0.996363    0.781373        6.118774       -3.178154   27.831935    9.990747    0.163178    7.209680
    0.878109    0.714009    0.514368   -1.007692    0.773030        6.118258       -3.178167   27.912885   10.016189    0.163178    7.209680
    0.880597    0.705044    0.532541   -1.018859    0.764274        6.117756       -3.178183   27.992842   10.040758    0.163178    7.209680
    0.883085    0.695798    0.550912   -1.029859    0.755107        6.117266       -3.178203   28.071772   10.064444    0.163178    7.209680
    0.885572    0.686268    0.569480   -1.040688    0.745538        6.116792       -3.178226   28.149644   10.087240    0.163178    7.209680
    0.888060    0.676457    0.588240   -1.051343    0.735571        6.116334       -3.178251   28.226427   10.109138    0.163178    7.209680
    0.890547    0.666365    0.607189   -1.061820    0.725213        6.115893       -3.178279   28.302088   10.130136    0.163178    7.209680
    0.893035    0.655992    0.626325   -1.072115    0.714470        6.115469       -3.178309   28.376596   10.150231    0.163178    7.209680
    0.895522    0.645340    0.645644   -1.082224    0.703348        6.115062       -3.178341   28.449920   10.169424    0.163178    7.209680
    0.898010    0.634410    0.665142   -1.092143    0.691855        6.114672       -3.178375   28.522028   10.187716    0.163178    7.209680
    0.900498    0.623203    0.684817   -1.101870    0.679996        6.114300       -3.178410   28.592888   10.205111    0.163178    7.209680
    0.902985    0.611722    0.704664   -1.111401    0.667780        6.113945       -3.178447   28.662470   10.221616    0.163178    7.209680
    0.905473    0.599969    0.724681   -1.120733    0.655214        6.113607       -3.178486   28.730743   10.237238    0.163178    7.209680
    0.907960    0.587946    0.744863   -1.129862    0.642304        6.113285       -3.178526   28.797676   10.251989    0.163178    7.209680
    0.910448    0.575655    0.765207   -1.138785    0.629058        6.112980       -3.178566   28.863239   10.265880    0.163178    7.209680
    0.912935    0.563101    0.785709   -1.147499    0.615484        6.112691       -3.178608   28.927402   10.278927    0.163178    7.209680
    0.915423    0.550285    0.806365   -1.156001    0.601590        6.112418       -3.178651   28.990136   10.291144    0.163178    7.209680
    0.917910    0.537212    0.827172   -1.164289    0.587383        6.112159       -3.178695   29.051411   10.302550    0.163178    7.209680
    0.920398    0.523886    0.848126   -1.172359    0.572871        6.111915       -3.178739   29.111199   10.313166    0.163178    7.209680
    0.922886    0.510311    0.869222   -1.180209    0.558063        6.111685       -3.178785   29.169471   10.323013    0.163178    7.209680
    0.925373    0.496490    0.890457   -1.187836    0.542967        6.111469       -3.178831   29.226200   10.332114    0.163178    7.209680
    0.927861    0.482429    0.911827   -1.195238    0.527591        6.111265       -3.178877   29.281357   10.340495    0.163178    7.209680
    0.930348    0.468133    0.933328   -1.202411    0.511943        6.111074       -3.178924   29.334917   10.348182    0.163178    7.209680
    0.932836    0.453606    0.954955   -1.209355    0.496032        6.110894       -3.178971   29.386852   10.355202    0.163178    7.209680
    0.935323    0.438855    0.976705   -1.216065    0.479867        6.110726       -3.179019   29.437138   10.361585    0.163178    7.209680
    0.937811    0.423885    0.998573   -1.222541    0.463456        6.110569       -3.179068   29.485750   10.367360    0.163178    7.209680
    0.940299    0.408702    1.020555   -1.228780    0.446808        6.110423       -3.179117   29.532662   10.372559    0.163178    7.209680
    0.942786    0.393312    1.042647   -1.234781    0.429931        6.110286       -3.179166   29.577852   10.377213    0.163178    7.209680
    0.945274    0.377723    1.064844   -1.240540    0.412836        6.110158       -3.179216   29.621296   10.381355    0.163178    7.209680
    0.947761    0.361940    1.087142   -1.246056    0.395530        6.110040       -3.179266   29.662973   10.385016    0.163178    7.209680
    0.950249    0.345970    1.109537   -1.251328    0.378023        6.109931       -3.179316   29.702860   10.388230    0.163178    7.209680
    0.952736    0.329822    1.132025   -1.256353    0.360324        6.109829       -3.179367   29.740938   10.391030    0.163178    7.209680
    0.955224    0.313501    1.154600   -1.261131    0.342442        6.109735       -3.179418   29.777186   10.393449    0.163178    7.209680
    0.957711    0.297017    1.177259   -1.265659    0.324386        6.109649       -3.179470   29.811586   10.395518    0.163178    7.209680
    0.960199    0.280377    1.199997   -1.269936    0.306166        6.109570       -3.179522   29.844120   10.397271    0.163178    7.209680
    0.962687    0.263588    1.222809   -1.273961    0.287791        6.109498       -3.179574   29.874770   10.398739    0.163178    7.209680
    0.965174    0.246660    1.245691   -1.277732    0.269270        6.109432       -3.179627   29.903520   10.399951    0.163178    7.209680
    0.967662    0.229601    1.268638   -1.281249    0.250613        6.109372       -3.179681   29.930355   10.400938    0.163178    7.209680
    0.970149    0.212419    1.291647   -1.284510    0.231829        6.109318       -3.179734   29.955261   10.401728    0.163178    7.209680
    0.972637    0.195124    1.314711   -1.287513    0.212927        6.109270       -3.179789   29.978224   10.402348    0.163178    7.209680
    0.975124    0.177723    1.337827   -1.290259    0.193917        6.109227       -3.179844   29.999233   10.402823    0.163178    7.209680
    0.977612    0.160227    1.360990   -1.292746    0.174810        6.109189       -3.179899   30.018274   10.403177    0.163178    7.209680
    0.980100    0.142644    1.384195   -1.294973    0.155613        6.109156       -3.179955   30.035340   10.403433    0.163178    7.209680
    0.982587    0.124983    1.407438   -1.296940    0.136337        6.109128       -3.180011   30.050419   10.403609    0.163178    7.209680
    0.985075    0.107255    1.430713   -1.298646    0.116992        6.109104       -3.180069   30.063505   10.403724    0.163178    7.209680
    0.987562    0.089469    1.454017   -1.300091    0.097587        6.109084       -3.180126   30.074590   10.403795    0.163178    7.209680
    0.990050    0.071634    1.477345   -1.301273    0.078132        6.109068       -3.180185   30.083667   10.403834    0.163178    7.209680
    0.992537    0.053760    1.500691   -1.302194    0.058635        6.109056       -3.180244   30.090732   10.403852    0.163178    7.209680
    0.995025    0.035856    1.524052   -1.302851    0.039108        6.109048       -3.180304   30.095782   10.403859    0.163178    7.209680
    0.997512    0.017933    1.547422   -1.303246    0.019560        6.109043       -3.180365   30.098813   10.403861    0.163178    7.209680
    1.000000    0.000000    1.570796   -1.303377    0.000000        6.109041       -3.180427   30.099823   10.403861    0.163178    7.209680
