           t           r         psi          cs          qs               p             sig           A           V          Q2           S
    0.000000   -0.000000   -1.570796   -0.188268    0.000000      -78.692013      253.230312    0.000000    0.000000    0.181581    5.260632
    0.009804    0.051574   -1.560960   -0.195401    0.349963      -78.883788      236.687760    0.008356    0.000001    0.181581    5.260632
    0.019608    0.103143   -1.550444   -0.214102    0.626222      -79.516490      220.790455    0.033425    0.000017    0.181581    5.260632
    0.029412    0.154700   -1.538694   -0.243437    0.912932      -80.700623      205.471114    0.075203    0.000091    0.181581    5.260632
    0.039216    0.206236   -1.525119   -0.285347    1.267953      -82.597787      190.673237    0.133685    0.000300    0.181581    5.260632
    0.049020    0.257736   -1.508973   -0.344063    1.743859      -85.444635      176.353550    0.208862    0.000773    0.181581    5.260632
    0.058824    0.309179   -1.489229   -0.426133    2.396168      -89.591125      162.485859    0.300720    0.001711    0.181581    5.260632
    0.068627    0.360527   -1.464462   -0.540595    3.283004      -95.561725      149.067166    0.409233    0.003422    0.181581    5.260632
    0.078431    0.411719   -1.432714   -0.698909    4.455270     -104.150908      136.127465    0.534363    0.006371    0.181581    5.260632
    0.088235    0.462650   -1.391391   -0.914143    5.933786     -116.566347      123.745578    0.676044    0.011269    0.181581    5.260632
    0.098039    0.513136   -1.337226   -1.198727    7.669329     -134.627708      112.074957    0.834163    0.019173    0.181581    5.260632
    0.107843    0.562867   -1.266418   -1.559969    9.485015     -160.998201      101.385642    1.008531    0.031625    0.181581    5.260632
    0.117647    0.611330   -1.175072   -1.992777   11.011955     -199.327200       92.130983    1.198826    0.050759    0.181581    5.260632
    0.127451    0.657719   -1.060081   -2.470023   11.654388     -253.936161       85.047024    1.404516    0.079301    0.181581    5.260632
    0.137255    0.700866   -0.920507   -2.933482   10.660447     -328.232646       81.277611    1.624750    0.120293    0.181581    5.260632
    0.147059    0.739279   -0.759280   -3.292407    7.402922     -420.732889       82.464663    1.858242    0.176392    0.181581    5.260632
    0.156863    0.771368   -0.584537   -3.440409    1.897279     -519.010642       90.628669    2.103198    0.248803    0.181581    5.260632
    0.166667    0.795899   -0.409460   -3.296917   -4.721853     -597.240610      107.573486    2.357353    0.336379    0.181581    5.260632
    0.176471    0.812479   -0.249599   -2.858065  -10.405548     -627.247262      133.807490    2.618164    0.435668    0.181581    5.260632
    0.186275    0.821762   -0.118185   -2.215648  -13.356965     -600.078316      167.730588    2.883136    0.542155    0.181581    5.260632
    0.196078    0.825218   -0.022030   -1.515817  -13.195906     -534.020298      206.082562    3.150125    0.651853    0.181581    5.260632
    0.205882    0.824630    0.039446   -0.887969  -10.906254     -458.821850      245.416766    3.417530    0.762158    0.181581    5.260632
    0.215686    0.821649    0.072025   -0.401261   -7.854561     -397.018800      283.295604    3.684317    0.871790    0.181581    5.260632
    0.225490    0.817570    0.083471   -0.066712   -5.010206     -358.452923      318.548854    3.949931    0.980304    0.181581    5.260632
    0.235294    0.813284    0.081142    0.138064   -2.787346     -343.919981      350.938903    4.214170    1.087665    0.181581    5.260632
    0.245098    0.809344    0.070894    0.245893   -1.228798     -350.009907      380.733632    4.477065    1.193992    0.181581    5.260632
    0.254902    0.806041    0.056916    0.287339   -0.218607     -372.148809      408.404257    4.738782    1.299460    0.181581    5.260632
    0.264706    0.803492    0.041981    0.286342    0.389682     -405.976441      434.460100    4.999549    1.404251    0.181581    5.260632
    0.274510    0.801699    0.027810    0.260133    0.720931     -447.800913      459.373030    5.259613    1.508542    0.181581    5.260632
    0.284314    0.800594    0.015376    0.220593    0.867414     -494.653564      483.549316    5.519211    1.612498    0.181581    5.260632
    0.294118    0.800075    0.005146    0.175717    0.893439     -544.207874      507.323421    5.778548    1.716265    0.181581    5.260632
    0.303922    0.800023   -0.002749    0.130774    0.843174     -594.673507      530.960753    6.037796    1.819966    0.181581    5.260632
    0.313725    0.800320   -0.008401    0.089114    0.747259     -644.703692      554.663591    6.297087    1.923700    0.181581    5.260632
    0.323529    0.800855   -0.012033    0.052719    0.627355     -693.323370      578.577888    6.556516    2.027539    0.181581    5.260632
    0.333333    0.801531   -0.013946    0.022579    0.498976     -739.874127      602.800262    6.816143    2.131535    0.181581    5.260632
    0.343137    0.802269   -0.014474   -0.001038    0.373170     -783.969126      627.385072    7.076001    2.235714    0.181581    5.260632
    0.352941    0.803006   -0.013947   -0.018380    0.257517     -825.452072      652.351571    7.336100    2.340087    0.181581    5.260632
    0.362745    0.803695   -0.012676   -0.030040    0.156791     -864.356448      677.691099    7.596431    2.444646    0.181581    5.260632
    0.372549    0.804305   -0.010933   -0.036819    0.073472     -900.863750      703.374126    7.856973    2.549378    0.181581    5.260632
    0.382353    0.804819   -0.008947   -0.039616    0.008210     -935.261456      729.356916    8.117697    2.654258    0.181581    5.260632
    0.392157    0.805227   -0.006899   -0.039342   -0.039727     -967.902694      755.587514    8.378571    2.759261    0.181581    5.260632
    0.401961    0.805532   -0.004926   -0.036853   -0.072019     -999.169931      782.010856    8.639561    2.864358    0.181581    5.260632
    0.411765    0.805738   -0.003123   -0.032908   -0.090907    -1029.444613      808.572839    8.900632    2.969522    0.181581    5.260632
    0.421569    0.805858   -0.001546   -0.028152   -0.098868    -1059.083961      835.223304    9.161757    3.074730    0.181581    5.260632
    0.431373    0.805902   -0.000224   -0.023102   -0.098363    -1088.405157      861.918001    9.422907    3.179958    0.181581    5.260632
    0.441176    0.805885    0.000839   -0.018154   -0.091664    -1117.676433      888.619634    9.684062    3.285190    0.181581    5.260632
    0.450980    0.805820    0.001655   -0.013594   -0.080745    -1147.114027      915.298158    9.945203    3.390411    0.181581    5.260632
    0.460784    0.805718    0.002251   -0.009615   -0.067234    -1176.883689      941.930502   10.206317    3.495610    0.181581    5.260632
    0.470588    0.805591    0.002659   -0.006331   -0.052404    -1207.105432      968.499892   10.467393    3.600779    0.181581    5.260632
    0.480392    0.805446    0.002917   -0.003799   -0.037194    -1237.860335      994.994911   10.728425    3.705911    0.181581    5.260632
    0.490196    0.805292    0.003064   -0.002031   -0.022244    -1269.198425     1021.408421   10.989408    3.811005    0.181581    5.260632
    0.500000    0.805132    0.003140   -0.001009   -0.007936    -1301.146924     1047.736436   11.250341    3.916057    0.181581    5.260632
    0.509804    0.804969    0.003181   -0.000700    0.005559    -1333.718367     1073.977010   11.511220    4.021068    0.181581    5.260632
    0.519608    0.804804    0.003223   -0.001062    0.018246    -1366.918298     1100.129162   11.772047    4.126035    0.181581    5.260632
    0.529412    0.804636    0.003301   -0.002057    0.030266    -1400.752407     1126.191888   12.032820    4.230959    0.181581    5.260632
    0.539216    0.804462    0.003446   -0.003650    0.041869    -1435.233081     1152.163226   12.293538    4.335838    0.181581    5.260632
    0.549020    0.804278    0.003688   -0.005824    0.053389    -1470.385403     1178.039397   12.554197    4.440671    0.181581    5.260632
    0.558824    0.804079    0.004056   -0.008574    0.065231    -1506.252724     1203.813995   12.814795    4.545455    0.181581    5.260632
    0.568627    0.803857    0.004582   -0.011919    0.077852    -1542.901874     1229.477210   13.075325    4.650183    0.181581    5.260632
    0.578431    0.803603    0.005297   -0.015898    0.091758    -1580.428175     1255.015064   13.335779    4.754849    0.181581    5.260632
    0.588235    0.803307    0.006234   -0.020575    0.107498    -1618.960314     1280.408642   13.596143    4.859443    0.181581    5.260632
    0.598039    0.802956    0.007432   -0.026041    0.125659    -1658.665155     1305.633289   13.856403    4.963953    0.181581    5.260632
    0.607843    0.802535    0.008936   -0.032417    0.146866    -1699.752484     1330.657773   14.116538    5.068362    0.181581    5.260632
    0.617647    0.802028    0.010794   -0.039851    0.171779    -1742.479605     1355.443388   14.376523    5.172648    0.181581    5.260632
    0.627451    0.801415    0.013068   -0.048526    0.201088    -1787.155592     1379.943008   14.636327    5.276787    0.181581    5.260632
    0.637255    0.800672    0.015825   -0.058653    0.235504    -1834.144838     1404.100099   14.895913    5.380748    0.181581    5.260632
    0.647059    0.799773    0.019147   -0.070479    0.275749    -1883.869367     1427.847718   15.155233    5.484491    0.181581    5.260632
    0.656863    0.798686    0.023129   -0.084281    0.322526    -1936.809119     1451.107552   15.414232    5.587970    0.181581    5.260632
    0.666667    0.797374    0.027880   -0.100368    0.376488    -1993.499173     1473.789078   15.672843    5.691129    0.181581    5.260632
    0.676471    0.795795    0.033527   -0.119072    0.438189    -2054.522571     1495.788954   15.930988    5.793900    0.181581    5.260632
    0.686275    0.793899    0.040213   -0.140748    0.508020    -2120.497202     1516.990801   16.188570    5.896204    0.181581    5.260632
    0.696078    0.791627    0.048102   -0.165756    0.586124    -2192.055055     1537.265549   16.445479    5.997943    0.181581    5.260632
    0.705882    0.788915    0.057374   -0.194456    0.672306    -2269.812300     1556.472577   16.701583    6.099004    0.181581    5.260632
    0.715686    0.785686    0.068229   -0.227180    0.765927    -2354.329134     1574.461873   16.956726    6.199250    0.181581    5.260632
    0.725490    0.781852    0.080882   -0.264214    0.865802    -2446.059345     1591.077413   17.210727    6.298520    0.181581    5.260632
    0.735294    0.777317    0.095561   -0.305770    0.970127    -2545.291232     1606.161903   17.463375    6.396626    0.181581    5.260632
    0.745098    0.771972    0.112502   -0.351954    1.076434    -2652.083754     1619.562903   17.714425    6.493348    0.181581    5.260632
    0.754902    0.765695    0.131944   -0.402740    1.181626    -2766.204420     1631.140131   17.963596    6.588431    0.181581    5.260632
    0.764706    0.758356    0.154120   -0.457940    1.282091    -2887.077927     1640.773539   18.210564    6.681582    0.181581    5.260632
    0.774510    0.749812    0.179250   -0.517190    1.373918    -3013.755954     1648.371470   18.454962    6.772469    0.181581    5.260632
    0.784314    0.739914    0.207528   -0.579946    1.453204    -3144.918164     1653.878001   18.696377    6.860722    0.181581    5.260632
    0.794118    0.728506    0.239119   -0.645495    1.516412    -3278.911354     1657.278492   18.934343    6.945932    0.181581    5.260632
    0.803922    0.715430    0.274144   -0.712984    1.560752    -3413.828119     1658.602412   19.168347    7.027660    0.181581    5.260632
    0.813725    0.700529    0.312680   -0.781470    1.584488    -3547.619072     1657.922863   19.397823    7.105446    0.181581    5.260632
    0.823529    0.683651    0.354753   -0.849971    1.587140    -3678.225571     1655.352608   19.622153    7.178820    0.181581    5.260632
    0.833333    0.664654    0.400338   -0.917534    1.569518    -3803.715118     1651.036986   19.840674    7.247321    0.181581    5.260632
    0.843137    0.643411    0.449365   -0.983286    1.533604    -3922.400787     1645.144553   20.052678    7.310520    0.181581    5.260632
    0.852941    0.619814    0.501720   -1.046489    1.482290    -4032.929482     1637.856569   20.257420    7.368041    0.181581    5.260632
    0.862745    0.593779    0.557256   -1.106562    1.419043    -4134.330462     1629.356539   20.454121    7.419586    0.181581    5.260632
    0.872549    0.565248    0.615801   -1.163104    1.347549    -4226.023264     1619.820809   20.641983    7.464963    0.181581    5.260632
    0.882353    0.534195    0.677165   -1.215888    1.271400    -4307.790847     1609.410941   20.820191    7.504104    0.181581    5.260632
    0.892157    0.500624    0.741153   -1.264845    1.193858    -4379.727912     1598.268175   20.987927    7.537081    0.181581    5.260632
    0.901961    0.464573    0.807569   -1.310046    1.117701    -4442.175660     1586.509988   21.144381    7.564115    0.181581    5.260632
    0.911765    0.426117    0.876223   -1.351670    1.045160    -4495.653158     1574.228484   21.288761    7.585575    0.181581    5.260632
    0.921569    0.385362    0.946936   -1.389980    0.977914    -4540.793018     1561.490249   21.420303    7.601966    0.181581    5.260632
    0.931373    0.342450    1.019547   -1.425299    0.917122    -4578.286138     1548.337257   21.538284    7.613911    0.181581    5.260632
    0.941176    0.297555    1.093910   -1.457987    0.863438    -4608.837692     1534.788467   21.642033    7.622116    0.181581    5.260632
    0.950980    0.250883    1.169899   -1.488425    0.816947    -4633.134538     1520.841820   21.730940    7.627335    0.181581    5.260632
    0.960784    0.202667    1.247408   -1.516994    0.776747    -4651.823058     1506.476443   21.804465    7.630323    0.181581    5.260632
    0.970588    0.153172    1.326350   -1.544033    0.739139    -4665.495931     1491.654963   21.862152    7.631789    0.181581    5.260632
    0.980392    0.102684    1.406651   -1.569665    0.689356    -4674.686578     1476.325886   21.903630    7.632348    0.181581    5.260632
    0.990196    0.051516    1.488221   -1.592854    0.559695    -4679.871712     1460.426071   21.928629    7.632480    0.181581    5.260632
    1.000000   -0.000000    1.570796   -1.606012    0.000000    -4681.492968     1443.883333   21.936980    7.632489    0.181581    5.260632
