           t           r         psi          cs          qs               p             sig           A           V          Q2           S
    0.000000    0.000000   -1.570796   -0.905386    0.000000        7.366965        0.351133    0.000000    0.000000    0.155618    5.927063
    0.009804    0.058082   -1.518089   -0.910341    0.225309        7.354786        0.149719    0.010605    0.000008    0.155618    5.927063
    0.019608    0.116001   -1.464816   -0.924764    0.436017        7.315019       -0.043747    0.042392    0.000130    0.155618    5.927063
    0.029412    0.173588   -1.410446   -0.947976    0.631322        7.242377       -0.230458    0.095270    0.000658    0.155618    5.927063
    0.039216    0.230664   -1.354489   -0.979252    0.809735        7.130102       -0.411467    0.169086    0.002082    0.155618    5.927063
    0.049020    0.287027   -1.296499   -1.017789    0.969049        6.969415       -0.587652    0.263617    0.005088    0.155618    5.927063
    0.058824    0.342458   -1.236082   -1.062669    1.106284        6.748955       -0.759665    0.378564    0.010554    0.155618    5.927063
    0.068627    0.396707   -1.172897   -1.112818    1.217599        6.454151       -0.927854    0.513541    0.019535    0.155618    5.927063
    0.078431    0.449498   -1.106676   -1.166962    1.298184        6.066538       -1.092152    0.668067    0.033245    0.155618    5.927063
    0.088235    0.500523   -1.037228   -1.223572    1.342138        5.563155       -1.251909    0.841555    0.053014    0.155618    5.927063
    0.098039    0.549444   -0.964464   -1.280800    1.342366        4.916296       -1.405647    1.033299    0.080232    0.155618    5.927063
    0.107843    0.595899   -0.888409   -1.336411    1.290539        4.094199       -1.550704    1.242465    0.116270    0.155618    5.927063
    0.117647    0.639507   -0.809233   -1.387706    1.177215        3.063743       -1.682756    1.468085    0.162382    0.155618    5.927063
    0.127451    0.679883   -0.727280   -1.431454    0.992305        1.796918       -1.795182    1.709048    0.219600    0.155618    5.927063
    0.137255    0.716652   -0.643094   -1.463850    0.726147        0.283546       -1.878339    1.964105    0.288610    0.155618    5.927063
    0.147059    0.749469   -0.557459   -1.480554    0.371579       -1.447442       -1.918922    2.231875    0.369656    0.155618    5.927063
    0.156863    0.778052   -0.471423   -1.476865   -0.072644       -3.298801       -1.899815    2.510861    0.462461    0.155618    5.927063
    0.166667    0.802201   -0.386309   -1.448113   -0.597073       -5.076977       -1.801158    2.799478    0.566210    0.155618    5.927063
    0.176471    0.821832   -0.303691   -1.390354   -1.176473       -6.488798       -1.603469    3.096088    0.679590    0.155618    5.927063
    0.186275    0.836996   -0.225333   -1.301320   -1.767065       -7.195517       -1.293155    3.399046    0.800907    0.155618    5.927063
    0.196078    0.847889   -0.153056   -1.181414   -2.309846       -6.936243       -0.869109    3.706752    0.928251    0.155618    5.927063
    0.205882    0.854849   -0.088561   -1.034359   -2.742098       -5.670548       -0.347088    4.017706    1.059693    0.155618    5.927063
    0.215686    0.858338   -0.033239   -0.867075   -3.013950       -3.637197        0.241691    4.330551    1.193467    0.155618    5.927063
    0.225490    0.858905    0.011992   -0.688692   -3.101945       -1.267420        0.858173    4.644119    1.328102    0.155618    5.927063
    0.235294    0.857148    0.046774   -0.509042   -3.012545        0.989871        1.465458    4.957452    1.462483    0.155618    5.927063
    0.245098    0.853671    0.071304   -0.337208   -2.775325        2.811011        2.036178    5.269810    1.595857    0.155618    5.927063
    0.254902    0.849054    0.086259   -0.180551   -2.431419        4.043184        2.554909    5.580674    1.727778    0.155618    5.927063
    0.264706    0.843824    0.092684   -0.044317   -2.023200        4.672413        3.016627    5.889725    1.858048    0.155618    5.927063
    0.274510    0.838438    0.091868    0.068324   -1.587960        4.765436        3.423501    6.196826    1.986648    0.155618    5.927063
    0.284314    0.833274    0.085228    0.156021   -1.155394        4.420603        3.781759    6.501990    2.113675    0.155618    5.927063
    0.294118    0.828629    0.074217    0.218907   -0.747489        3.738171        4.099396    6.805357    2.239305    0.155618    5.927063
    0.303922    0.824714    0.060243    0.258281   -0.379489        2.806787        4.384772    7.107155    2.363755    0.155618    5.927063
    0.313725    0.821664    0.044614    0.276315   -0.061127        1.699795        4.645877    7.407679    2.487266    0.155618    5.927063
    0.323529    0.819541    0.028490    0.275811    0.202226        0.476272        4.890016    7.707257    2.610088    0.155618    5.927063
    0.333333    0.818344    0.012857    0.259966    0.408624       -0.816215        5.123731    8.006231    2.732470    0.155618    5.927063
    0.343137    0.818022   -0.001491    0.232173    0.558777       -2.138654        5.352817    8.304929    2.854652    0.155618    5.927063
    0.352941    0.818481   -0.013960    0.195841    0.655457       -3.458060        5.582376    8.603656    2.976855    0.155618    5.927063
    0.362745    0.819600   -0.024149    0.154242    0.703004       -4.745636        5.816859    8.902674    3.099279    0.155618    5.927063
    0.372549    0.821239   -0.031842    0.110384    0.706950       -5.975648        6.060081    9.202201    3.222093    0.155618    5.927063
    0.382353    0.823250   -0.036986    0.066918    0.673697       -7.125012        6.315211    9.502399    3.345433    0.155618    5.927063
    0.392157    0.825488   -0.039670    0.026069    0.610257       -8.173534        6.584731    9.803376    3.469397    0.155618    5.927063
    0.401961    0.827816   -0.040100   -0.010402    0.524010       -9.104655        6.870378   10.105191    3.594045    0.155618    5.927063
    0.411765    0.830110   -0.038571   -0.041219    0.422447       -9.906531        7.173099   10.407853    3.719396    0.155618    5.927063
    0.421569    0.832266   -0.035435   -0.065586    0.312900      -10.573167        7.493016   10.711331    3.845435    0.155618    5.927063
    0.431373    0.834203   -0.031081   -0.083157    0.202249      -11.105288        7.829441   11.015558    3.972114    0.155618    5.927063
    0.441176    0.835862   -0.025901   -0.094004    0.096619      -11.510667        8.180935   11.320442    4.099360    0.155618    5.927063
    0.450980    0.837205   -0.020278   -0.098547    0.001107      -11.803702        8.545434   11.625876    4.227083    0.155618    5.927063
    0.460784    0.838216   -0.014557   -0.097490   -0.080422      -12.004228        8.920411   11.931739    4.355180    0.155618    5.927063
    0.470588    0.838900   -0.009039   -0.091738   -0.145451      -12.135705        9.303085   12.237912    4.483547    0.155618    5.927063
    0.480392    0.839275   -0.003967   -0.082318   -0.192808      -12.223072        9.690622   12.544277    4.612081    0.155618    5.927063
    0.490196    0.839373    0.000477   -0.070296   -0.222562      -12.290626       10.080329   12.850727    4.740690    0.155618    5.927063
    0.500000    0.839235    0.004173   -0.056715   -0.235817      -12.360232       10.469812   13.157169    4.869291    0.155618    5.927063
    0.509804    0.838904    0.007057   -0.042537   -0.234459      -12.450059       10.857079   13.463523    4.997817    0.155618    5.927063
    0.519608    0.838430    0.009121   -0.028600   -0.220880      -12.573909       11.240598   13.769730    5.126217    0.155618    5.927063
    0.529412    0.837860    0.010399   -0.015601   -0.197705      -12.741101       11.619308   14.075744    5.254454    0.155618    5.927063
    0.539216    0.837236    0.010963   -0.004079   -0.167564      -12.956774       11.992590   14.381539    5.382506    0.155618    5.927063
    0.549020    0.836597    0.010909    0.005579   -0.132903      -13.222465       12.360219   14.687102    5.510364    0.155618    5.927063
    0.558824    0.835977    0.010355    0.013126   -0.095852      -13.536835       12.722290   14.992435    5.638029    0.155618    5.927063
    0.568627    0.835401    0.009427    0.018436   -0.058138      -13.896419       13.079148   15.297548    5.765512    0.155618    5.927063
    0.578431    0.834887    0.008257    0.021481   -0.021040      -14.296344       13.431312   15.602463    5.892830    0.155618    5.927063
    0.588235    0.834444    0.006974    0.022307    0.014618      -14.730979       13.779405   15.907202    6.020003    0.155618    5.927063
    0.598039    0.834076    0.005706    0.021003    0.048454      -15.194496       14.124084   16.211793    6.147053    0.155618    5.927063
    0.607843    0.833778    0.004572    0.017684    0.080499      -15.681364       14.465988   16.516263    6.274004    0.155618    5.927063
    0.617647    0.833540    0.003687    0.012458    0.111156      -16.186787       14.805676   16.820635    6.400873    0.155618    5.927063
    0.627451    0.833343    0.003159    0.005412    0.141144      -16.707091       15.143579   17.124929    6.527678    0.155618    5.927063
    0.637255    0.833164    0.003093   -0.003408    0.171450      -17.240103       15.479953   17.429155    6.654426    0.155618    5.927063
    0.647059    0.832972    0.003590   -0.014011    0.203264      -17.785504       15.814831   17.733314    6.781118    0.155618    5.927063
    0.656863    0.832733    0.004757   -0.026473    0.237913      -18.345185       16.147980   18.037396    6.907745    0.155618    5.927063
    0.666667    0.832404    0.006705   -0.040942    0.276786      -18.923577       16.478853   18.341375    7.034287    0.155618    5.927063
    0.676471    0.831937    0.009558   -0.057640    0.321246      -19.527949       16.806548   18.645211    7.160706    0.155618    5.927063
    0.686275    0.831273    0.013453   -0.076856    0.372530      -20.168616       17.129766   18.948842    7.286951    0.155618    5.927063
    0.696078    0.830350    0.018546   -0.098941    0.431638      -20.859008       17.446780   19.252185    7.412950    0.155618    5.927063
    0.705882    0.829092    0.025015   -0.124287    0.499209      -21.615495       17.755414   19.555133    7.538606    0.155618    5.927063
    0.715686    0.827413    0.033061   -0.153303    0.575391      -22.456879       18.053040   19.857547    7.663797    0.155618    5.927063
    0.725490    0.825215    0.042910   -0.186387    0.659718      -23.403432       18.336616   20.159257    7.788368    0.155618    5.927063
    0.735294    0.822388    0.054808   -0.223890    0.751012      -24.475384       18.602750   20.460053    7.912127    0.155618    5.927063
    0.745098    0.818804    0.069020   -0.266070    0.847324      -25.690867       18.847828   20.759683    8.034840    0.155618    5.927063
    0.754902    0.814323    0.085823   -0.313060    0.945947      -27.063385       19.068184   21.057845    8.156223    0.155618    5.927063
    0.764706    0.808788    0.105496   -0.364825    1.043524      -28.599097       19.260332   21.354184    8.275937    0.155618    5.927063
    0.774510    0.802026    0.128310   -0.421142    1.136244      -30.294332       19.421220   21.648283    8.393581    0.155618    5.927063
    0.784314    0.793853    0.154519   -0.481579    1.220140      -32.133908       19.548498   21.939661    8.508693    0.155618    5.927063
    0.794118    0.784073    0.184346   -0.545509    1.291444      -34.090784       19.640749   22.227768    8.620743    0.155618    5.927063
    0.803922    0.772481    0.217969   -0.612132    1.346954      -36.127394       19.697647   22.511980    8.729139    0.155618    5.927063
    0.813725    0.758872    0.255520   -0.680518    1.384351      -38.198630       19.720008   22.791598    8.833233    0.155618    5.927063
    0.823529    0.743040    0.297072   -0.749669    1.402405      -40.256057       19.709724   23.065848    8.932338    0.155618    5.927063
    0.833333    0.724789    0.342639   -0.818575    1.401043      -42.252543       19.669577   23.333881    9.025746    0.155618    5.927063
    0.843137    0.703937    0.392180   -0.886279    1.381257      -44.146480       19.602985   23.594781    9.112759    0.155618    5.927063
    0.852941    0.680321    0.445600   -0.951927    1.344907      -45.904841       19.513698   23.847568    9.192724    0.155618    5.927063
    0.862745    0.653808    0.502757   -1.014797    1.294430      -47.504751       19.405518   24.091207    9.265071    0.155618    5.927063
    0.872549    0.624295    0.563472   -1.074326    1.232537      -48.933571       19.282048   24.324621    9.329359    0.155618    5.927063
    0.882353    0.591719    0.627539   -1.130102    1.161928      -50.187822       19.146517   24.546702    9.385310    0.155618    5.927063
    0.892157    0.556058    0.694731   -1.181859    1.085065      -51.271410       19.001661   24.756326    9.432849    0.155618    5.927063
    0.901961    0.517335    0.764810   -1.229455    1.003998      -52.193595       18.849677   24.952369    9.472124    0.155618    5.927063
    0.911765    0.475621    0.837533   -1.272838    0.920263      -52.967039       18.692216   25.133726    9.503518    0.155618    5.927063
    0.921569    0.431034    0.912654   -1.312021    0.834822      -53.606150       18.530412   25.299323    9.527643    0.155618    5.927063
    0.931373    0.383741    0.989931   -1.347050    0.748038      -54.125806       18.364924   25.448143    9.545309    0.155618    5.927063
    0.941176    0.333957    1.069124   -1.377968    0.659667      -54.540454       18.195996   25.579233    9.557491    0.155618    5.927063
    0.950980    0.281938    1.149995   -1.404788    0.568844      -54.863539       18.023506   25.691730    9.565258    0.155618    5.927063
    0.960784    0.227985    1.232304   -1.427461    0.474069      -55.107195       17.847020   25.784872    9.569709    0.155618    5.927063
    0.970588    0.172434    1.315807   -1.445841    0.373164      -55.282126       17.665843   25.858012    9.571892    0.155618    5.927063
    0.980392    0.115653    1.400247   -1.459654    0.263201      -55.397627       17.479058   25.910635    9.572724    0.155618    5.927063
    0.990196    0.058038    1.485347   -1.468453    0.140404      -55.461716       17.285572   25.942362    9.572919    0.155618    5.927063
    1.000000    0.000000    1.570796   -1.471578    0.000000      -55.481477       17.084157   25.952963    9.572932    0.155618    5.927063
