           t           r         psi          cs          qs               p             sig           A           V          Q2           S
    0.000000    0.000000   -1.570796   -1.010074    0.000000      -17.461624       10.978876    0.000000   -0.000000    0.160459    4.144617
    0.009804    0.040622   -1.529734   -1.011494    0.092162      -17.468083       10.839162    0.005186    0.000002    0.160459    4.144617
    0.019608    0.081176   -1.488559   -1.015607    0.177698      -17.488679       10.703522    0.020736    0.000035    0.160459    4.144617
    0.029412    0.121591   -1.447165   -1.022218    0.257533      -17.525154       10.571544    0.046624    0.000175    0.160459    4.144617
    0.039216    0.161799   -1.405455   -1.031161    0.332382      -17.579464       10.442842    0.082805    0.000551    0.160459    4.144617
    0.049020    0.201726   -1.363336   -1.042292    0.402754      -17.653902       10.317067    0.129217    0.001342    0.160459    4.144617
    0.058824    0.241298   -1.320723   -1.055483    0.468957      -17.751172       10.193913    0.185779    0.002774    0.160459    4.144617
    0.068627    0.280439   -1.277534   -1.070612    0.531095      -17.874461       10.073121    0.252391    0.005119    0.160459    4.144617
    0.078431    0.319068   -1.233693   -1.087559    0.589055      -18.027521        9.954492    0.328932    0.008690    0.160459    4.144617
    0.088235    0.357103   -1.189128   -1.106196    0.642492      -18.214749        9.837899    0.415261    0.013839    0.160459    4.144617
    0.098039    0.394458   -1.143775   -1.126380    0.690809      -18.441271        9.723301    0.511217    0.020949    0.160459    4.144617
    0.107843    0.431042   -1.097572   -1.147943    0.733125      -18.713029        9.610770    0.616612    0.030432    0.160459    4.144617
    0.117647    0.466762   -1.050469   -1.170680    0.768249      -19.036835        9.500509    0.731240    0.042713    0.160459    4.144617
    0.127451    0.501521   -1.002422   -1.194338    0.794637      -19.420400        9.392894    0.854867    0.058232    0.160459    4.144617
    0.137255    0.535218   -0.953400   -1.218606    0.810363      -19.872285        9.288517    0.987234    0.077422    0.160459    4.144617
    0.147059    0.567750   -0.903386   -1.243092    0.813081      -20.401723        9.188242    1.128058    0.100708    0.160459    4.144617
    0.156863    0.599012   -0.852381   -1.267314    0.800008      -21.018240        9.093277    1.277028    0.128487    0.160459    4.144617
    0.166667    0.628897   -0.800407   -1.290676    0.767921      -21.730958        9.005259    1.433806    0.161116    0.160459    4.144617
    0.176471    0.657297   -0.747513   -1.312457    0.713200      -22.547430        8.926355    1.598026    0.198900    0.160459    4.144617
    0.186275    0.684109   -0.693781   -1.331788    0.631922      -23.471826        8.859379    1.769297    0.242076    0.160459    4.144617
    0.196078    0.709230   -0.639330   -1.347648    0.520060      -24.502287        8.807905    1.947199    0.290801    0.160459    4.144617
    0.205882    0.732567   -0.584325   -1.358855    0.373791      -25.627303        8.776366    2.131289    0.345139    0.160459    4.144617
    0.215686    0.754034   -0.528981   -1.364080    0.189976      -26.821198        8.770108    2.321100    0.405051    0.160459    4.144617
    0.225490    0.773557   -0.473570   -1.361879   -0.033187      -28.039179        8.795345    2.516145    0.470392    0.160459    4.144617
    0.235294    0.791081   -0.418426   -1.350752   -0.295340      -29.213087        8.858954    2.715920    0.540909    0.160459    4.144617
    0.245098    0.806569   -0.363940   -1.329240   -0.593054      -30.249816        8.968040    2.919910    0.616247    0.160459    4.144617
    0.254902    0.820009   -0.310561   -1.296050   -0.919009      -31.035079        9.129234    3.127593    0.695959    0.160459    4.144617
    0.264706    0.831413   -0.258785   -1.250220   -1.261517      -31.444993        9.347719    3.338446    0.779524    0.160459    4.144617
    0.274510    0.840824   -0.209137   -1.191286   -1.604730      -31.366150        9.626127    3.551956    0.866366    0.160459    4.144617
    0.284314    0.848314   -0.162148   -1.119430   -1.929768      -30.721156        9.963524    3.767621    0.955888    0.160459    4.144617
    0.294118    0.853982   -0.118327   -1.035573   -2.216785      -29.492332       10.354828    3.984963    1.047488    0.160459    4.144617
    0.303922    0.857954   -0.078130   -0.941379   -2.447638      -27.734259       10.790914    4.203533    1.140593    0.160459    4.144617
    0.313725    0.860377   -0.041933   -0.839149   -2.608516      -25.568623       11.259508    4.422916    1.234677    0.160459    4.144617
    0.323529    0.861418   -0.010007   -0.731636   -2.691804      -23.161862       11.746673    4.642737    1.329276    0.160459    4.144617
    0.333333    0.861250    0.017493   -0.621793   -2.696712      -20.693489       12.238515    4.862666    1.423998    0.160459    4.144617
    0.343137    0.860057    0.040532   -0.512533   -2.628629      -18.326017       12.722662    5.082418    1.518529    0.160459    4.144617
    0.352941    0.858017    0.059189   -0.406514   -2.497560      -16.184778       13.189246    5.301753    1.612624    0.160459    4.144617
    0.362745    0.855306    0.073643   -0.306002   -2.316187      -14.350347       13.631284    5.520477    1.706107    0.160459    4.144617
    0.372549    0.852091    0.084156   -0.212789   -2.098049      -12.861329       14.044577    5.738442    1.798857    0.160459    4.144617
    0.382353    0.848524    0.091053   -0.128189   -1.856123      -11.723069       14.427288    5.955538    1.890802    0.160459    4.144617
    0.392157    0.844745    0.094702   -0.053059   -1.601921      -10.918108       14.779407    6.171694    1.981910    0.160459    4.144617
    0.401961    0.840878    0.095500    0.012138   -1.345039      -10.415670       15.102197    6.386871    2.072175    0.160459    4.144617
    0.411765    0.837029    0.093852    0.067275   -1.093045      -10.178951       15.397738    6.601061    2.161619    0.160459    4.144617
    0.421569    0.833290    0.090167    0.112484   -0.851597      -10.170078       15.668554    6.814281    2.250276    0.160459    4.144617
    0.431373    0.829734    0.084841    0.148106   -0.624670      -10.353088       15.917359    7.026567    2.338195    0.160459    4.144617
    0.441176    0.826420    0.078254    0.174628   -0.414827      -10.695461       16.146874    7.237976    2.425432    0.160459    4.144617
    0.450980    0.823393    0.070765    0.192645   -0.223491      -11.168712       16.359719    7.448575    2.512050    0.160459    4.144617
    0.460784    0.820682    0.062705    0.202818   -0.051196      -11.748394       16.558347    7.658441    2.598113    0.160459    4.144617
    0.470588    0.818304    0.054379    0.205848    0.102208      -12.413810       16.745013    7.867656    2.683689    0.160459    4.144617
    0.480392    0.816265    0.046063    0.202448    0.237378      -13.147590       16.921759    8.076308    2.768842    0.160459    4.144617
    0.490196    0.814559    0.038004    0.193329    0.355336      -13.935233       17.090415    8.284482    2.853638    0.160459    4.144617
    0.500000    0.813171    0.030420    0.179179    0.457361      -14.764690       17.252603    8.492262    2.938138    0.160459    4.144617
    0.509804    0.812078    0.023502    0.160654    0.544902      -15.625987       17.409740    8.699725    3.022400    0.160459    4.144617
    0.519608    0.811250    0.017415    0.138366    0.619514      -16.510936       17.563051    8.906944    3.106476    0.160459    4.144617
    0.529412    0.810649    0.012301    0.112877    0.682809      -17.412900       17.713563    9.113981    3.190413    0.160459    4.144617
    0.539216    0.810235    0.008278    0.084695    0.736411      -18.326638       17.862117    9.320890    3.274251    0.160459    4.144617
    0.549020    0.809961    0.005448    0.054265    0.781934      -19.248204       18.009356    9.527712    3.358021    0.160459    4.144617
    0.558824    0.809775    0.003894    0.021972    0.820949      -20.174899       18.155728    9.734476    3.441746    0.160459    4.144617
    0.568627    0.809626    0.003683   -0.011863    0.854964      -21.105261       18.301477    9.941199    3.525437    0.160459    4.144617
    0.578431    0.809457    0.004875   -0.046980    0.885400      -22.039075       18.446636   10.147882    3.609096    0.160459    4.144617
    0.588235    0.809210    0.007516   -0.083178    0.913564      -22.977390       18.591024   10.354513    3.692712    0.160459    4.144617
    0.598039    0.808826    0.011647   -0.120313    0.940625      -23.922511       18.734237   10.561066    3.776262    0.160459    4.144617
    0.607843    0.808243    0.017305   -0.158290    0.967581      -24.877946       18.875652   10.767496    3.859708    0.160459    4.144617
    0.617647    0.807398    0.024522   -0.197058    0.995231      -25.848287       19.014434   10.973745    3.942999    0.160459    4.144617
    0.627451    0.806229    0.033330   -0.236599    1.024146      -26.838986       19.149549   11.179738    4.026066    0.160459    4.144617
    0.637255    0.804668    0.043760   -0.276924    1.054640      -27.856034       19.279794   11.385384    4.108827    0.160459    4.144617
    0.647059    0.802651    0.055845   -0.318054    1.086757      -28.905511       19.403828   11.590576    4.191181    0.160459    4.144617
    0.656863    0.800110    0.069619   -0.360017    1.120261      -29.993049       19.520223   11.795186    4.273010    0.160459    4.144617
    0.666667    0.796975    0.085114   -0.402833    1.154648      -31.123223       19.627519   11.999074    4.354179    0.160459    4.144617
    0.676471    0.793178    0.102367   -0.446503    1.189170      -32.298929       19.724292   12.202078    4.434533    0.160459    4.144617
    0.686275    0.788647    0.121412   -0.491004    1.222880      -33.520827       19.809217   12.404020    4.513900    0.160459    4.144617
    0.696078    0.783311    0.142280   -0.536278    1.254693      -34.786910       19.881139   12.604705    4.592090    0.160459    4.144617
    0.705882    0.777099    0.165003   -0.582229    1.283459      -36.092279       19.939129   12.803917    4.668896    0.160459    4.144617
    0.715686    0.769939    0.189604   -0.628727    1.308038      -37.429168       19.982529   13.001423    4.744095    0.160459    4.144617
    0.725490    0.761759    0.216102   -0.675601    1.327384      -38.787230       20.010986   13.196973    4.817450    0.160459    4.144617
    0.735294    0.752490    0.244510   -0.722651    1.340611      -40.154069       20.024463   13.390296    4.888714    0.160459    4.144617
    0.745098    0.742064    0.274829   -0.769653    1.347045      -41.515956       20.023224   13.581107    4.957630    0.160459    4.144617
    0.754902    0.730415    0.307054   -0.816366    1.346263      -42.858643       20.007815   13.769102    5.023939    0.160459    4.144617
    0.764706    0.717481    0.341166   -0.862544    1.338100      -44.168194       19.979019   13.953959    5.087382    0.160459    4.144617
    0.774510    0.703206    0.377139   -0.907942    1.322648      -45.431723       19.937805   14.135345    5.147709    0.160459    4.144617
    0.784314    0.687537    0.414938   -0.952330    1.300223      -46.637999       19.885269   14.312908    5.204683    0.160459    4.144617
    0.794118    0.670430    0.454516   -0.995494    1.271329      -47.777849       19.822582   14.486289    5.258086    0.160459    4.144617
    0.803922    0.651847    0.495820   -1.037248    1.236608      -48.844380       19.750934   14.655115    5.307729    0.160459    4.144617
    0.813725    0.631759    0.538788   -1.077429    1.196793      -49.832998       19.671490   14.819005    5.353459    0.160459    4.144617
    0.823529    0.610144    0.583356   -1.115908    1.152652      -50.741291       19.585350   14.977571    5.395162    0.160459    4.144617
    0.833333    0.586993    0.629451   -1.152585    1.104948      -51.568791       19.493526   15.130423    5.432772    0.160459    4.144617
    0.843137    0.562304    0.676998   -1.187385    1.054400      -52.316679       19.396917   15.277168    5.466276    0.160459    4.144617
    0.852941    0.536088    0.725920   -1.220261    1.001651      -52.987452       19.296303   15.417414    5.495717    0.160459    4.144617
    0.862745    0.508366    0.776138   -1.251188    0.947246      -53.584596       19.192337   15.550775    5.521194    0.160459    4.144617
    0.872549    0.479171    0.827573   -1.280155    0.891614      -54.112285       19.085547   15.676868    5.542864    0.160459    4.144617
    0.882353    0.448546    0.880146   -1.307166    0.835059      -54.575114       18.976341   15.795325    5.560939    0.160459    4.144617
    0.892157    0.416548    0.933777   -1.332232    0.777752      -54.977882       18.865010   15.905786    5.575682    0.160459    4.144617
    0.901961    0.383242    0.988386   -1.355367    0.719724      -55.325412       18.751740   16.007910    5.587397    0.160459    4.144617
    0.911765    0.348706    1.043897   -1.376582    0.660871      -55.622416       18.636620   16.101371    5.596425    0.160459    4.144617
    0.921569    0.313028    1.100231   -1.395883    0.600941      -55.873405       18.519649   16.185867    5.603132    0.160459    4.144617
    0.931373    0.276306    1.157310   -1.413262    0.539537      -56.082619       18.400747   16.261119    5.607894    0.160459    4.144617
    0.941176    0.238647    1.215056   -1.428693    0.476108      -56.253990       18.279761   16.326874    5.611088    0.160459    4.144617
    0.950980    0.200167    1.273389   -1.442128    0.409941      -56.391126       18.156477   16.382906    5.613075    0.160459    4.144617
    0.960784    0.160990    1.332226   -1.453492    0.340153      -56.497306       18.030623   16.429023    5.614191    0.160459    4.144617
    0.970588    0.121247    1.391480   -1.462673    0.265667      -56.575496       17.901878   16.465062    5.614729    0.160459    4.144617
    0.980392    0.081073    1.451061   -1.469517    0.185202      -56.628373       17.769882   16.490897    5.614932    0.160459    4.144617
    0.990196    0.040609    1.510869   -1.473823    0.097241      -56.658369       17.634238   16.506435    5.614979    0.160459    4.144617
    1.000000   -0.000000    1.570796   -1.475327    0.000000      -56.667797       17.494524   16.511620    5.614982    0.160459    4.144617
