           t           r         psi          cs          qs               p             sig           A           V          Q2           S
    0.000000   -0.000000   -1.570796   -0.887228    0.000000     -228.271630      134.084125    0.000000    0.000000    0.160133    4.131757
    0.009804    0.040499   -1.534820   -0.889872    0.166348     -228.328045      132.689896    0.005154    0.000002    0.160133    4.131757
    0.019608    0.080945   -1.498646   -0.896778    0.289674     -228.508131      131.336181    0.020611    0.000030    0.160133    4.131757
    0.029412    0.121285   -1.462125   -0.906885    0.386938     -228.827625      130.018885    0.046349    0.000152    0.160133    4.131757
    0.039216    0.161463   -1.425140   -0.919588    0.469418     -229.304480      128.734212    0.082335    0.000481    0.160133    4.131757
    0.049020    0.201422   -1.387594   -0.934593    0.544790     -229.959919      127.478716    0.128520    0.001175    0.160133    4.131757
    0.058824    0.241101   -1.349395   -0.951808    0.618435     -230.819173      126.249358    0.184841    0.002437    0.160133    4.131757
    0.068627    0.280437   -1.310452   -0.971295    0.694254     -231.912272      125.043586    0.251219    0.004514    0.160133    4.131757
    0.078431    0.319363   -1.270672   -0.993219    0.775166     -233.274950      123.859437    0.327558    0.007693    0.160133    4.131757
    0.088235    0.357806   -1.229951   -1.017831    0.863383     -234.949678      122.695669    0.413744    0.012304    0.160133    4.131757
    0.098039    0.395691   -1.188172   -1.045445    0.960519     -236.986833      121.551944    0.509645    0.018713    0.160133    4.131757
    0.107843    0.432934   -1.145209   -1.076419    1.067571     -239.445960      120.429064    0.615108    0.027321    0.160133    4.131757
    0.117647    0.469448   -1.100916   -1.111132    1.184751     -242.397017      119.329293    0.729960    0.038556    0.160133    4.131757
    0.127451    0.505136   -1.055135   -1.149956    1.311195     -245.921400      118.256791    0.854002    0.052872    0.160133    4.131757
    0.137255    0.539892   -1.007693   -1.193205    1.444500     -250.112365      117.218187    0.987011    0.070739    0.160133    4.131757
    0.147059    0.573602   -0.958405   -1.241075    1.580095     -255.074145      116.223345    1.128735    0.092633    0.160133    4.131757
    0.156863    0.606141   -0.907085   -1.293548    1.710444     -260.918606      115.286353    1.278893    0.119031    0.160133    4.131757
    0.166667    0.637371   -0.853551   -1.350271    1.824131     -267.757572      114.426810    1.437169    0.150388    0.160133    4.131757
    0.176471    0.667143   -0.797647   -1.410387    1.904943     -275.688007      113.671395    1.603211    0.187126    0.160133    4.131757
    0.186275    0.695299   -0.739263   -1.472350    1.931223     -284.766130      113.055721    1.776628    0.229612    0.160133    4.131757
    0.196078    0.721669   -0.678372   -1.533706    1.875943     -294.965883      112.626287    1.956988    0.278130    0.160133    4.131757
    0.205882    0.746080   -0.615066   -1.590910    1.708159     -306.117993      112.442147    2.143814    0.332855    0.160133    4.131757
    0.215686    0.768360   -0.549605   -1.639222    1.396674     -317.830605      112.575551    2.336586    0.393825    0.160133    4.131757
    0.225490    0.788348   -0.482463   -1.672794    0.916585     -329.404275      113.110324    2.534739    0.460915    0.160133    4.131757
    0.235294    0.805907   -0.414371   -1.685048    0.258634     -339.774574      114.136388    2.737673    0.533816    0.160133    4.131757
    0.245098    0.820941   -0.346326   -1.669453   -0.560304     -347.539437      115.738988    2.944757    0.612036    0.160133    4.131757
    0.254902    0.833403   -0.279570   -1.620663   -1.489483     -351.135506      117.982428    3.155339    0.694916    0.160133    4.131757
    0.264706    0.843315   -0.215516   -1.535848   -2.444661     -349.186434      120.890975    3.368768    0.781671    0.160133    4.131757
    0.274510    0.850772   -0.155621   -1.415794   -3.320574     -340.943734      124.432970    3.584405    0.871446    0.160133    4.131757
    0.284314    0.855939   -0.101228   -1.265343   -4.014245     -326.629382      128.515726    3.801643    0.963389    0.160133    4.131757
    0.294118    0.859044   -0.053408   -1.092846   -4.450936     -307.479326      132.995925    4.019929    1.056712    0.160133    4.131757
    0.303922    0.860360   -0.012848   -0.908754   -4.601589     -285.434199      137.703342    4.238771    1.150740    0.160133    4.131757
    0.313725    0.860186    0.020203   -0.723801   -4.484674     -262.628382      142.469342    4.457753    1.244939    0.160133    4.131757
    0.323529    0.858823    0.045907   -0.547375   -4.153883     -240.919271      147.150357    4.676532    1.338914    0.160133    4.131757
    0.333333    0.856561    0.064760   -0.386506   -3.679270     -221.620871      151.640616    4.894844    1.432395    0.160133    4.131757
    0.343137    0.853663    0.077490   -0.245551   -3.130028     -205.459945      155.874069    5.112494    1.525219    0.160133    4.131757
    0.352941    0.850360    0.084949   -0.126434   -2.563435     -192.676825      159.819036    5.329351    1.617296    0.160133    4.131757
    0.362745    0.846848    0.088028   -0.029179   -2.020492     -183.177859      163.469747    5.545337    1.708595    0.160133    4.131757
    0.372549    0.843285    0.087591    0.047482   -1.526401     -176.677455      166.837816    5.760419    1.799122    0.160133    4.131757
    0.382353    0.839797    0.084433    0.105558   -1.093555     -172.804149      169.945186    5.974602    1.888908    0.160133    4.131757
    0.392157    0.836480    0.079259    0.147390   -0.725230     -171.168685      172.818958    6.187916    1.978000    0.160133    4.131757
    0.401961    0.833402    0.072679    0.175363   -0.418938     -171.402126      175.487936    6.400416    2.066453    0.160133    4.131757
    0.411765    0.830609    0.065208    0.191736   -0.169037     -173.173738      177.980489    6.612168    2.154330    0.160133    4.131757
    0.421569    0.828129    0.057275    0.198552    0.031468     -176.196700      180.323353    6.823249    2.241695    0.160133    4.131757
    0.431373    0.825973    0.049227    0.197606    0.189796     -180.227222      182.541021    7.033739    2.328612    0.160133    4.131757
    0.441176    0.824140    0.041349    0.190441    0.312751     -185.060599      184.655514    7.243722    2.415144    0.160133    4.131757
    0.450980    0.822619    0.033865    0.178369    0.406432     -190.526212      186.686352    7.453279    2.501353    0.160133    4.131757
    0.460784    0.821389    0.026950    0.162496    0.476145     -196.482558      188.650630    7.662486    2.587295    0.160133    4.131757
    0.470588    0.820426    0.020739    0.143740    0.526432     -202.812836      190.563145    7.871414    2.673024    0.160133    4.131757
    0.480392    0.819698    0.015334    0.122867    0.561167     -209.421277      192.436517    8.080129    2.758587    0.160133    4.131757
    0.490196    0.819172    0.010805    0.100499    0.583664     -216.230255      194.281309    8.288684    2.844027    0.160133    4.131757
    0.500000    0.818811    0.007205    0.077142    0.596790     -223.178125      196.106118    8.497127    2.929379    0.160133    4.131757
    0.509804    0.818575    0.004564    0.053191    0.603063     -230.217690      197.917644    8.705495    3.014671    0.160133    4.131757
    0.519608    0.818428    0.002900    0.028945    0.604734     -237.315179      199.720740    8.913815    3.099925    0.160133    4.131757
    0.529412    0.818327    0.002220    0.004613    0.603851     -244.449615      201.518440    9.122104    3.185154    0.160133    4.131757
    0.539216    0.818234    0.002525   -0.019677    0.602294     -251.612446      203.311984    9.330370    3.270364    0.160133    4.131757
    0.549020    0.818109    0.003813   -0.043876    0.601804     -258.807295      205.100829    9.538608    3.355552    0.160133    4.131757
    0.558824    0.817912    0.006079   -0.068006    0.603981     -266.049708      206.882674    9.746807    3.440706    0.160133    4.131757
    0.568627    0.817604    0.009322   -0.092152    0.610275     -273.366754      208.653489    9.954942    3.525806    0.160133    4.131757
    0.578431    0.817144    0.013547   -0.116460    0.621964     -280.796346      210.407567   10.162980    3.610825    0.160133    4.131757
    0.588235    0.816493    0.018762   -0.141126    0.640112     -288.386163      212.137601   10.370877    3.695723    0.160133    4.131757
    0.598039    0.815610    0.024988   -0.166386    0.665531     -296.192070      213.834800   10.578581    3.780453    0.160133    4.131757
    0.607843    0.814455    0.032254   -0.192507    0.698739     -304.275947      215.489040   10.786025    3.864958    0.160133    4.131757
    0.617647    0.812983    0.040599   -0.219771    0.739907     -312.702888      217.089061   10.993137    3.949170    0.160133    4.131757
    0.627451    0.811151    0.050078   -0.248462    0.788831     -321.537789      218.622721   11.199829    4.033011    0.160133    4.131757
    0.637255    0.808912    0.060751   -0.278851    0.844898     -330.841375      220.077295   11.406004    4.116391    0.160133    4.131757
    0.647059    0.806216    0.072695   -0.311177    0.907079     -340.665831      221.439822   11.611551    4.199207    0.160133    4.131757
    0.656863    0.803010    0.085990   -0.345635    0.973944     -351.050268      222.697507   11.816349    4.281345    0.160133    4.131757
    0.666667    0.799238    0.100727   -0.382358    1.043694     -362.016321      223.838141   12.020260    4.362673    0.160133    4.131757
    0.676471    0.794843    0.116998   -0.421405    1.114232     -373.564269      224.850554   12.223134    4.443050    0.160133    4.131757
    0.686275    0.789760    0.134898   -0.462752    1.183257     -385.670094      225.725046   12.424802    4.522315    0.160133    4.131757
    0.696078    0.783925    0.154518   -0.506288    1.248380     -398.283871      226.453801   12.625082    4.600294    0.160133    4.131757
    0.705882    0.777268    0.175942   -0.551814    1.307259     -411.329836      227.031232   12.823775    4.676795    0.160133    4.131757
    0.715686    0.769720    0.199246   -0.599047    1.357744     -424.708295      227.454230   13.020661    4.751613    0.160133    4.131757
    0.725490    0.761209    0.224492   -0.647633    1.398010     -438.299402      227.722311   13.215505    4.824529    0.160133    4.131757
    0.735294    0.751662    0.251726   -0.697162    1.426669     -451.968535      227.837625   13.408052    4.895310    0.160133    4.131757
    0.745098    0.741006    0.280979   -0.747187    1.442851     -465.572871      227.804825   13.598030    4.963716    0.160133    4.131757
    0.754902    0.729174    0.312260   -0.797243    1.446246     -478.968511      227.630818   13.785148    5.029499    0.160133    4.131757
    0.764706    0.716096    0.345562   -0.846870    1.437093     -492.017510      227.324405   13.969097    5.092414    0.160133    4.131757
    0.774510    0.701712    0.380857   -0.895632    1.416135     -504.594147      226.895840   14.149552    5.152219    0.160133    4.131757
    0.784314    0.685964    0.418104   -0.943135    1.384535     -516.589917      226.356360   14.326174    5.208684    0.160133    4.131757
    0.794118    0.668802    0.457244   -0.989038    1.343771     -527.916927      225.717704   14.498609    5.261598    0.160133    4.131757
    0.803922    0.650185    0.498206   -1.033063    1.295516     -538.509581      224.991657   14.666492    5.310776    0.160133    4.131757
    0.813725    0.630080    0.540909   -1.075000    1.241526     -548.324661      224.189659   14.829447    5.356069    0.160133    4.131757
    0.823529    0.608463    0.585266   -1.114704    1.183539     -557.340062      223.322479   14.987094    5.397365    0.160133    4.131757
    0.833333    0.585323    0.631185   -1.152093    1.123187     -565.552516      222.399966   15.139045    5.434602    0.160133    4.131757
    0.843137    0.560658    0.678571   -1.187143    1.061938     -572.974700      221.430877   15.284912    5.467768    0.160133    4.131757
    0.852941    0.534477    0.727330   -1.219879    1.001054     -579.632057      220.422780   15.424309    5.496907    0.160133    4.131757
    0.862745    0.506802    0.777369   -1.250367    0.941571     -585.559627      219.382013   15.556851    5.522119    0.160133    4.131757
    0.872549    0.477665    0.828599   -1.278703    0.884288     -590.799104      218.313688   15.682163    5.543563    0.160133    4.131757
    0.882353    0.447112    0.880936   -1.305011    0.829770     -595.396240      217.221734   15.799877    5.561449    0.160133    4.131757
    0.892157    0.415196    0.934299   -1.329424    0.778352     -599.398681      216.108962   15.909641    5.576039    0.160133    4.131757
    0.901961    0.381985    0.988615   -1.352089    0.730127     -602.854226      214.977141   16.011115    5.587635    0.160133    4.131757
    0.911765    0.347554    1.043817   -1.373147    0.684933     -605.809514      213.827087   16.103980    5.596576    0.160133    4.131757
    0.921569    0.311992    1.099841   -1.392733    0.642289     -608.309072      212.658748   16.187935    5.603220    0.160133    4.131757
    0.931373    0.275393    1.156630   -1.410962    0.601301     -610.394676      211.471287   16.262705    5.607941    0.160133    4.131757
    0.941176    0.237863    1.214132   -1.427915    0.560461     -612.104980      210.263168   16.328040    5.611110    0.160133    4.131757
    0.950980    0.199516    1.272296   -1.443613    0.517320     -613.475343      209.032228   16.383715    5.613085    0.160133    4.131757
    0.960784    0.160472    1.331069   -1.457985    0.467919     -614.537831      207.775758   16.429540    5.614194    0.160133    4.131757
    0.970588    0.120862    1.390393   -1.470800    0.405831     -615.321354      206.490566   16.465353    5.614730    0.160133    4.131757
    0.980392    0.080818    1.450198   -1.481569    0.320556     -615.851952      205.173054   16.491026    5.614932    0.160133    4.131757
    0.990196    0.040483    1.510383   -1.489363    0.194814     -616.153316      203.819284   16.506467    5.614979    0.160133    4.131757
    1.000000   -0.000000    1.570796   -1.492516    0.000000     -616.248113      202.425051   16.511620    5.614982    0.160133    4.131757
