           t           r         psi          cs          qs               p             sig           A           V          Q2           S
    0.000000   -0.000000   -1.570796   -0.804033    0.000000     -906.487732      584.146244   -0.000000    0.000000    0.212547    3.338762
    0.009804    0.032729   -1.544416   -0.809398    0.402869     -906.794079      574.610049    0.003366    0.000001    0.212547    3.338762
    0.019608    0.065435   -1.517730   -0.822023    0.634988     -907.761283      565.345255    0.013461    0.000012    0.212547    3.338762
    0.029412    0.098095   -1.490556   -0.838895    0.785288     -909.458487      556.337695    0.030278    0.000059    0.212547    3.338762
    0.039216    0.130682   -1.462780   -0.858660    0.897605     -911.962676      547.574944    0.053806    0.000188    0.212547    3.338762
    0.049020    0.163170   -1.434318   -0.880771    0.994211     -915.361827      539.046555    0.084026    0.000462    0.212547    3.338762
    0.058824    0.195529   -1.405096   -0.905083    1.086908     -919.756696      530.744355    0.120914    0.000964    0.212547    3.338762
    0.068627    0.227728   -1.375041   -0.931662    1.182336     -925.262589      522.662804    0.164443    0.001797    0.212547    3.338762
    0.078431    0.259733   -1.344077   -0.960699    1.284534     -932.011282      514.799432    0.214574    0.003083    0.212547    3.338762
    0.088235    0.291506   -1.312118   -0.992458    1.396171     -940.153062      507.155380    0.271264    0.004967    0.212547    3.338762
    0.098039    0.323006   -1.279071   -1.027261    1.519118     -949.858797      499.736063    0.334461    0.007612    0.212547    3.338762
    0.107843    0.354190   -1.244830   -1.065467    1.654661     -961.321865      492.551994    0.404106    0.011203    0.212547    3.338762
    0.117647    0.385008   -1.209278   -1.107461    1.803497     -974.759687      485.619795    0.480127    0.015946    0.212547    3.338762
    0.127451    0.415405   -1.172284   -1.153639    1.965568     -990.414395      478.963442    0.562444    0.022064    0.212547    3.338762
    0.137255    0.445323   -1.133704   -1.204379    2.139757    -1008.551954      472.615786    0.650964    0.029802    0.212547    3.338762
    0.147059    0.474693   -1.093385   -1.260011    2.323426    -1029.458659      466.620403    0.745583    0.039419    0.212547    3.338762
    0.156863    0.503443   -1.051161   -1.320762    2.511799    -1053.433458      461.033799    0.846180    0.051189    0.212547    3.338762
    0.166667    0.531489   -1.006863   -1.386680    2.697205    -1080.773876      455.928002    0.952618    0.065400    0.212547    3.338762
    0.176471    0.558740   -0.960326   -1.457543    2.868212    -1111.752519      451.393506    1.064745    0.082341    0.212547    3.338762
    0.186275    0.585095   -0.911396   -1.532730    3.008787    -1146.580382      447.542473    1.182386    0.102303    0.212547    3.338762
    0.196078    0.610443   -0.859950   -1.611073    3.097671    -1185.352653      444.511933    1.305345    0.125566    0.212547    3.338762
    0.205882    0.634664   -0.805912   -1.690698    3.108348    -1227.973175      442.466530    1.433405    0.152390    0.212547    3.338762
    0.215686    0.657630   -0.749282   -1.768874    3.010052    -1274.056133      441.600050    1.566319    0.182997    0.212547    3.338762
    0.225490    0.679209   -0.690166   -1.841915    2.770388    -1322.809399      442.134578    1.703816    0.217561    0.212547    3.338762
    0.235294    0.699266   -0.628806   -1.905189    2.359990    -1372.914713      444.315736    1.845596    0.256184    0.212547    3.338762
    0.245098    0.717673   -0.565607   -1.953292    1.759234    -1422.435541      448.402237    1.991335    0.298881    0.212547    3.338762
    0.254902    0.734316   -0.501160   -1.980450    0.966230    -1468.800705      454.648215    2.140679    0.345571    0.212547    3.338762
    0.264706    0.749100   -0.436244   -1.981168    0.004182    -1508.921279      463.277836    2.293257    0.396062    0.212547    3.338762
    0.274510    0.761963   -0.371798   -1.951052   -1.074739    -1539.485345      474.453828    2.448678    0.450057    0.212547    3.338762
    0.284314    0.772882   -0.308880   -1.887673   -2.191897    -1557.427745      488.244487    2.606545    0.507168    0.212547    3.338762
    0.294118    0.781879   -0.248582   -1.791247   -3.252520    -1560.494805      504.596481    2.766459    0.566936    0.212547    3.338762
    0.303922    0.789018   -0.191942   -1.664900   -4.162294    -1547.750262      523.321668    2.928031    0.628867    0.212547    3.338762
    0.313725    0.794410   -0.139852   -1.514394   -4.845600    -1519.849185      544.103846    3.090890    0.692460    0.212547    3.338762
    0.323529    0.798197   -0.092982   -1.347343   -5.259397    -1478.972137      566.526043    3.254689    0.757244    0.212547    3.338762
    0.333333    0.800547   -0.051736   -1.172126   -5.398315    -1428.437938      590.112664    3.419117    0.822798    0.212547    3.338762
    0.343137    0.801644   -0.016248   -0.996781   -5.290240    -1372.129974      614.376688    3.583896    0.888767    0.212547    3.338762
    0.352941    0.801673    0.013593   -0.828145   -4.985269    -1313.915122      638.861844    3.748788    0.954865    0.212547    3.338762
    0.362745    0.800813    0.038097   -0.671363   -4.542662    -1257.196475      663.172871    3.913591    1.020870    0.212547    3.338762
    0.372549    0.799233    0.057711   -0.529788   -4.019733    -1204.660691      686.991576    4.078140    1.086618    0.212547    3.338762
    0.382353    0.797084    0.072965   -0.405144   -3.464740    -1158.207192      710.080204    4.242304    1.151994    0.212547    3.338762
    0.392157    0.794502    0.084424   -0.297865   -2.913880    -1119.006177      732.275723    4.405979    1.216919    0.212547    3.338762
    0.401961    0.791599    0.092650   -0.207458   -2.391382    -1087.625311      753.478947    4.569088    1.281343    0.212547    3.338762
    0.411765    0.788474    0.098178   -0.132848   -1.911338    -1064.177254      773.641751    4.731576    1.345236    0.212547    3.338762
    0.421569    0.785206    0.101504   -0.072647   -1.480185    -1048.458237      792.754544    4.893405    1.408586    0.212547    3.338762
    0.431373    0.781860    0.103075   -0.025350   -1.099091    -1040.063504      810.835221    5.054553    1.471388    0.212547    3.338762
    0.441176    0.778485    0.103288    0.010535   -0.765933    -1038.475913      827.920048    5.215009    1.533646    0.212547    3.338762
    0.450980    0.775121    0.102494    0.036410   -0.476758    -1043.129697      844.056511    5.374771    1.595369    0.212547    3.338762
    0.460784    0.771794    0.101000    0.053552   -0.226792    -1053.453789      859.297924    5.533846    1.656569    0.212547    3.338762
    0.470588    0.768525    0.099071    0.063094   -0.011066    -1068.899500      873.699494    5.692241    1.717259    0.212547    3.338762
    0.480392    0.765321    0.096941    0.066025    0.175204    -1088.956852      887.315524    5.849971    1.777451    0.212547    3.338762
    0.490196    0.762188    0.094812    0.063202    0.336430    -1113.163035      900.197508    6.007049    1.837160    0.212547    3.338762
    0.500000    0.759122    0.092858    0.055361    0.476568    -1141.105581      912.392856    6.163490    1.896397    0.212547    3.338762
    0.509804    0.756114    0.091235    0.043127    0.599100    -1172.422134      923.944112    6.319306    1.955171    0.212547    3.338762
    0.519608    0.753152    0.090077    0.027032    0.707056    -1206.798110      934.888494    6.474509    2.013492    0.212547    3.338762
    0.529412    0.750219    0.089503    0.007527    0.803050    -1243.963096      945.257690    6.629106    2.071362    0.212547    3.338762
    0.539216    0.747293    0.089617   -0.015011    0.889321    -1283.686545      955.077819    6.783100    2.128783    0.212547    3.338762
    0.549020    0.744351    0.090515   -0.040265    0.967775    -1325.773075      964.369527    6.936492    2.185754    0.212547    3.338762
    0.558824    0.741366    0.092280   -0.067971    1.040021    -1370.057591      973.148179    7.089275    2.242266    0.212547    3.338762
    0.568627    0.738308    0.094989   -0.097908    1.107400    -1416.400272      981.424131    7.241437    2.298308    0.212547    3.338762
    0.578431    0.735146    0.098712   -0.129896    1.171011    -1464.681510      989.203066    7.392959    2.353863    0.212547    3.338762
    0.588235    0.731845    0.103514   -0.163784    1.231733    -1514.796775      996.486407    7.543818    2.408909    0.212547    3.338762
    0.598039    0.728369    0.109454   -0.199446    1.290233    -1566.651428     1003.271780    7.693980    2.463417    0.212547    3.338762
    0.607843    0.724681    0.116589   -0.236777    1.346982    -1620.155520     1009.553549    7.843407    2.517354    0.212547    3.338762
    0.617647    0.720740    0.124972   -0.275685    1.402267    -1675.218598     1015.323403    7.992049    2.570678    0.212547    3.338762
    0.627451    0.716507    0.134653   -0.316086    1.456196    -1731.744626     1020.571003    8.139852    2.623341    0.212547    3.338762
    0.637255    0.711937    0.145680   -0.357903    1.508708    -1789.627141     1025.284674    8.286750    2.675289    0.212547    3.338762
    0.647059    0.706989    0.158098   -0.401055    1.559594    -1848.744798     1029.452140    8.432671    2.726459    0.212547    3.338762
    0.656863    0.701615    0.171949   -0.445457    1.608503    -1908.957508     1033.061268    8.577530    2.776782    0.212547    3.338762
    0.666667    0.695772    0.187273   -0.491016    1.654970    -1970.103387     1036.100823    8.721237    2.826182    0.212547    3.338762
    0.676471    0.689411    0.204105   -0.537628    1.698442    -2031.996712     1038.561192    8.863690    2.874575    0.212547    3.338762
    0.686275    0.682487    0.222479   -0.585173    1.738302    -2094.427105     1040.435056    9.004777    2.921873    0.212547    3.338762
    0.696078    0.674950    0.242423   -0.633518    1.773908    -2157.160079     1041.717989    9.144378    2.967979    0.212547    3.338762
    0.705882    0.666755    0.263960   -0.682514    1.804625    -2219.939023     1042.408942    9.282362    3.012792    0.212547    3.338762
    0.715686    0.657854    0.287110   -0.731997    1.829865    -2282.488625     1042.510600    9.418589    3.056208    0.212547    3.338762
    0.725490    0.648201    0.311885   -0.781792    1.849116    -2344.519613     1042.029598    9.552909    3.098120    0.212547    3.338762
    0.735294    0.637751    0.338292   -0.831712    1.861980    -2405.734608     1040.976564    9.685162    3.138417    0.212547    3.338762
    0.745098    0.626461    0.366333   -0.881567    1.868192    -2465.834764     1039.366014    9.815180    3.176993    0.212547    3.338762
    0.754902    0.614288    0.396002   -0.931163    1.867641    -2524.526842     1037.216085    9.942787    3.213742    0.212547    3.338762
    0.764706    0.601196    0.427287   -0.980309    1.860380    -2581.530283     1034.548132   10.067795    3.248564    0.212547    3.338762
    0.774510    0.587148    0.460172   -1.028821    1.846622    -2636.583880     1031.386209   10.190014    3.281365    0.212547    3.338762
    0.784314    0.572113    0.494631   -1.076527    1.826736    -2689.451663     1027.756459   10.309242    3.312065    0.212547    3.338762
    0.794118    0.556062    0.530637   -1.123271    1.801231    -2739.927701     1023.686454   10.425274    3.340594    0.212547    3.338762
    0.803922    0.538975    0.568155   -1.168916    1.770732    -2787.839605     1019.204509   10.537899    3.366899    0.212547    3.338762
    0.813725    0.520832    0.607148   -1.213345    1.735957    -2833.050615     1014.338998   10.646900    3.390944    0.212547    3.338762
    0.823529    0.501621    0.647574   -1.256466    1.697686    -2875.460297     1009.117714   10.752061    3.412717    0.212547    3.338762
    0.833333    0.481338    0.689389   -1.298212    1.656734    -2915.003908     1003.567275   10.853161    3.432225    0.212547    3.338762
    0.843137    0.459982    0.732547   -1.338539    1.613926    -2951.650630      997.712604   10.949979    3.449501    0.212547    3.338762
    0.852941    0.437560    0.777002   -1.377429    1.570069    -2985.400860      991.576493   11.042295    3.464601    0.212547    3.338762
    0.862745    0.414087    0.822706   -1.414884    1.525932    -3016.282826      985.179250   11.129890    3.477608    0.212547    3.338762
    0.872549    0.389583    0.869613   -1.450932    1.482224    -3044.348754      978.538428   11.212552    3.488629    0.212547    3.338762
    0.882353    0.364076    0.917677   -1.485616    1.439577    -3069.670825      971.668643   11.290071    3.497793    0.212547    3.338762
    0.892157    0.337603    0.966856   -1.519001    1.398524    -3092.337128      964.581461   11.362243    3.505248    0.212547    3.338762
    0.901961    0.310207    1.017107   -1.551164    1.359466    -3112.447754      957.285347   11.428875    3.511163    0.212547    3.338762
    0.911765    0.281937    1.068392   -1.582195    1.322624    -3130.111189      949.785688   11.489782    3.515717    0.212547    3.338762
    0.921569    0.252851    1.120676   -1.612192    1.287934    -3145.441057      942.084848   11.544789    3.519099    0.212547    3.338762
    0.931373    0.223014    1.173925   -1.641253    1.254836    -3158.553299      934.182280   11.593737    3.521502    0.212547    3.338762
    0.941176    0.192498    1.228112   -1.669465    1.221837    -3169.563818      926.074669   11.636476    3.523115    0.212547    3.338762
    0.950980    0.161382    1.283210   -1.696874    1.185525    -3178.586603      917.756111   11.672877    3.524121    0.212547    3.338762
    0.960784    0.129751    1.339191   -1.723423    1.138388    -3185.732390      909.218323   11.702823    3.524687    0.212547    3.338762
    0.970588    0.097696    1.396023   -1.748803    1.063819    -3191.107958      900.450878   11.726219    3.524961    0.212547    3.338762
    0.980392    0.065316    1.453655   -1.772109    0.924546    -3194.816335      891.441474   11.742986    3.525064    0.212547    3.338762
    0.990196    0.032714    1.511988   -1.790999    0.635539    -3196.958793      882.176228   11.753070    3.525089    0.212547    3.338762
    1.000000   -0.000000    1.570796   -1.799690    0.000000    -3197.642883      872.640001   11.756435    3.525090    0.212547    3.338762
