           t           r         psi          cs          qs               p             sig           A           V          Q2           S
    0.000000   -0.000000   -1.570796   -0.214962    0.000000       14.343104       21.013122    0.000000    0.000000    0.168310    5.738944
    0.009804    0.056263   -1.558444   -0.228664    0.647085       14.316280       19.135023    0.009945    0.000002    0.168310    5.738944
    0.019608    0.112516   -1.544557   -0.269477    1.289212       14.225575       17.332415    0.039779    0.000029    0.168310    5.738944
    0.029412    0.168746   -1.527608   -0.337650    1.943446       14.048211       15.595651    0.089495    0.000154    0.168310    5.738944
    0.039216    0.224929   -1.506034   -0.434003    2.617756       13.746956       13.916487    0.159083    0.000530    0.168310    5.738944
    0.049020    0.281020   -1.478223   -0.559490    3.310704       13.264156       12.288426    0.248518    0.001428    0.168310    5.738944
    0.058824    0.336943   -1.442517   -0.714733    4.010232       12.513464       10.707286    0.357755    0.003299    0.168310    5.738944
    0.068627    0.392570   -1.397241   -0.899489    4.691685       11.368375        9.172152    0.486714    0.006848    0.168310    5.738944
    0.078431    0.447696   -1.340777   -1.112012    5.315260        9.647053        7.686950    0.635257    0.013118    0.168310    5.738944
    0.088235    0.502008   -1.271661   -1.348303    5.823211        7.094146        6.263049    0.803156    0.023562    0.168310    5.738944
    0.098039    0.555047   -1.188740   -1.601230    6.137577        3.363800        4.923489    0.990046    0.040082    0.168310    5.738944
    0.107843    0.606180   -1.091372   -1.859577    6.159937       -1.983068        3.709671    1.195371    0.064997    0.168310    5.738944
    0.117647    0.654583   -0.979684   -2.107131    5.776151       -9.435505        2.691342    1.418317    0.100870    0.168310    5.738944
    0.127451    0.699260   -0.854868   -2.322117    4.871161      -19.380584        1.979863    1.657746    0.150175    0.168310    5.738944
    0.137255    0.739114   -0.719494   -2.477609    3.361123      -31.754623        1.741402    1.912150    0.214788    0.168310    5.738944
    0.147059    0.773088   -0.577740   -2.543955    1.248681      -45.470569        2.198893    2.179633    0.295422    0.168310    5.738944
    0.156863    0.800352   -0.435407   -2.494429   -1.306790      -57.902945        3.600499    2.457959    0.391210    0.168310    5.738944
    0.166667    0.820504   -0.299510   -2.314293   -3.946700      -65.240273        6.132755    2.744670    0.499694    0.168310    5.738944
    0.176471    0.833706   -0.177323   -2.010323   -6.172733      -64.411891        9.796972    3.037263    0.617333    0.168310    5.738944
    0.186275    0.840679   -0.075028   -1.614373   -7.536244      -55.512376       14.338517    3.333394    0.740354    0.168310    5.738944
    0.196078    0.842573    0.003544   -1.176081   -7.845919      -42.086560       19.318502    3.631055    0.865565    0.168310    5.738944
    0.205882    0.840743    0.057509   -0.747786   -7.224315      -28.752900       24.289553    3.928685    0.990773    0.168310    5.738944
    0.215686    0.836535    0.088665   -0.370783   -5.989091      -18.751047       28.938866    4.225211    1.114781    0.168310    5.738944
    0.225490    0.831138    0.100657   -0.069176   -4.486871      -13.284672       33.123630    4.520007    1.237128    0.168310    5.738944
    0.235294    0.825501    0.098019    0.149127   -2.989077      -12.147567       36.830440    4.812828    1.357791    0.168310    5.738944
    0.245098    0.820313    0.085370    0.288005   -1.664138      -14.524942       40.117761    5.103720    1.476960    0.168310    5.738944
    0.254902    0.816015    0.066897    0.358335   -0.592577      -19.493086       43.072655    5.392925    1.594909    0.168310    5.738944
    0.264706    0.812834    0.046069    0.374184    0.205716      -26.230132       45.786276    5.680804    1.711934    0.168310    5.738944
    0.274510    0.810827    0.025537    0.350200    0.746887      -34.067767       48.342597    5.967767    1.828326    0.168310    5.738944
    0.284314    0.809920    0.007152    0.300019    1.065348      -42.479202       50.814326    6.254218    1.944363    0.168310    5.738944
    0.294118    0.809960   -0.007954    0.235402    1.202464      -51.051103       53.262039    6.540522    2.060296    0.168310    5.738944
    0.303922    0.810744   -0.019247    0.165871    1.200096      -59.458552       55.734428    6.826977    2.176342    0.168310    5.738944
    0.313725    0.812053   -0.026664    0.098657    1.097338      -67.448671       58.268797    7.113809    2.292672    0.168310    5.738944
    0.323529    0.813676   -0.030488    0.038827    0.929083      -74.832787       60.891512    7.401165    2.409412    0.168310    5.738944
    0.333333    0.815425   -0.031231   -0.010484    0.725450      -81.484509       63.618495    7.689122    2.526633    0.168310    5.738944
    0.343137    0.817144   -0.029534   -0.047795    0.511507      -87.340064       66.455919    7.977696    2.644358    0.168310    5.738944
    0.352941    0.818715   -0.026081   -0.072970    0.307064      -92.397239       69.401283    8.266855    2.762570    0.168310    5.738944
    0.362745    0.820058   -0.021534   -0.086898    0.126532      -96.710217       72.444918    8.556531    2.881218    0.168310    5.738944
    0.372549    0.821129   -0.016484   -0.091171   -0.021004     -100.379288       75.571884    8.846634    3.000228    0.168310    5.738944
    0.382353    0.821913   -0.011419   -0.087782   -0.131413     -103.536270       78.764062    9.137065    3.119517    0.168310    5.738944
    0.392157    0.822421   -0.006710   -0.078855   -0.204785     -106.327905       82.002220    9.427723    3.239000    0.168310    5.738944
    0.401961    0.822679   -0.002611   -0.066430   -0.244439     -108.899964       85.267799    9.718517    3.358598    0.168310    5.738944
    0.411765    0.822729    0.000734   -0.052308   -0.255798     -111.384382       88.544278   10.009363    3.478240    0.168310    5.738944
    0.421569    0.822612    0.003271   -0.037958   -0.245307     -113.890686       91.818037   10.300196    3.597871    0.168310    5.738944
    0.431373    0.822375    0.005022   -0.024483   -0.219520     -116.501911       95.078741   10.590965    3.717450    0.168310    5.738944
    0.441176    0.822060    0.006057   -0.012629   -0.184445     -119.274316       98.319320   10.881636    3.836946    0.168310    5.738944
    0.450980    0.821705    0.006482   -0.002825   -0.145135     -122.239814      101.535684   11.172187    3.956343    0.168310    5.738944
    0.460784    0.821340    0.006417    0.004761   -0.105519     -125.409965      104.726251   11.462610    4.075635    0.168310    5.738944
    0.470588    0.820990    0.005987    0.010160   -0.068400     -128.780594      107.891414   11.752906    4.194823    0.168310    5.738944
    0.480392    0.820671    0.005311    0.013540   -0.035559     -132.336346      111.032997   12.043083    4.313914    0.168310    5.738944
    0.490196    0.820395    0.004496    0.015153   -0.007931     -136.054786      114.153761   12.333155    4.432919    0.168310    5.738944
    0.500000    0.820166    0.003634    0.015295    0.014218     -139.909860      117.256969   12.623138    4.551851    0.168310    5.738944
    0.509804    0.819985    0.002797    0.014268    0.031111     -143.874664      120.346029   12.913048    4.670724    0.168310    5.738944
    0.519608    0.819850    0.002045    0.012358    0.043310     -147.923581      123.424214   13.202903    4.789551    0.168310    5.738944
    0.529412    0.819753    0.001418    0.009817    0.051586     -152.033858      126.494450   13.492716    4.908345    0.168310    5.738944
    0.539216    0.819687    0.000948    0.006854    0.056825     -156.186728      129.559160   13.782501    5.027116    0.168310    5.738944
    0.549020    0.819643    0.000652    0.003627    0.059958     -160.368170      132.620158   14.072267    5.145871    0.168310    5.738944
    0.558824    0.819610    0.000543    0.000244    0.061910     -164.569401      135.678585   14.362020    5.264616    0.168310    5.738944
    0.568627    0.819578    0.000627   -0.003238    0.063577     -168.787173      138.734860   14.651762    5.383351    0.168310    5.738944
    0.578431    0.819536    0.000909   -0.006811    0.065805     -173.023957      141.788662   14.941490    5.502076    0.168310    5.738944
    0.588235    0.819472    0.001395   -0.010512    0.069387     -177.288069      144.838905   15.231201    5.620786    0.168310    5.738944
    0.598039    0.819375    0.002095   -0.014421    0.075076     -181.593798      147.883723   15.520883    5.739472    0.168310    5.738944
    0.607843    0.819232    0.003024   -0.018659    0.083588     -185.961588      150.920439   15.810523    5.858124    0.168310    5.738944
    0.617647    0.819030    0.004204   -0.023387    0.095622     -190.418307      153.945519   16.100103    5.976726    0.168310    5.738944
    0.627451    0.818754    0.005669   -0.028800    0.111877     -194.997634      156.954505   16.389599    6.095258    0.168310    5.738944
    0.637255    0.818386    0.007462   -0.035131    0.133066     -199.740567      159.941924   16.678981    6.213697    0.168310    5.738944
    0.647059    0.817907    0.009644   -0.042652    0.159927     -204.696041      162.901164   16.968214    6.332012    0.168310    5.738944
    0.656863    0.817292    0.012290   -0.051671    0.193225     -209.921594      165.824325   17.257255    6.450166    0.168310    5.738944
    0.666667    0.816513    0.015493   -0.062535    0.233747     -215.483999      168.702053   17.546050    6.568116    0.168310    5.738944
    0.676471    0.815536    0.019369   -0.075627    0.282273     -221.459683      171.523348   17.834536    6.685806    0.168310    5.738944
    0.686275    0.814319    0.024053   -0.091370    0.339528     -227.934731      174.275384   18.122635    6.803172    0.168310    5.738944
    0.696078    0.812812    0.029708   -0.110212    0.406116     -235.004142      176.943350   18.410255    6.920132    0.168310    5.738944
    0.705882    0.810955    0.036522   -0.132624    0.482414     -242.769964      179.510352   18.697281    7.036589    0.168310    5.738944
    0.715686    0.808677    0.044708   -0.159083    0.568446     -251.337854      181.957412   18.983579    7.152424    0.168310    5.738944
    0.725490    0.805895    0.054508   -0.190044    0.663736     -260.811621      184.263630   19.268986    7.267491    0.168310    5.738944
    0.735294    0.802511    0.066186   -0.225916    0.767149     -271.285442      186.406548   19.553306    7.381617    0.168310    5.738944
    0.745098    0.798413    0.080028   -0.267023    0.876759     -282.833673      188.362777   19.836306    7.494590    0.168310    5.738944
    0.754902    0.793470    0.096335   -0.313557    0.989767     -295.498716      190.108925   20.117713    7.606159    0.168310    5.738944
    0.764706    0.787538    0.115414   -0.365539    1.102507     -309.278026      191.622803   20.397202    7.716023    0.168310    5.738944
    0.774510    0.780455    0.137568   -0.422778    1.210588     -324.112113      192.884864   20.674395    7.823831    0.168310    5.738944
    0.784314    0.772045    0.163080   -0.484844    1.309187     -339.876021      193.879742   20.948855    7.929174    0.168310    5.738944
    0.794118    0.762120    0.192204   -0.551062    1.393468     -356.376904      194.597706   21.220080    8.031586    0.168310    5.738944
    0.803922    0.750483    0.225151   -0.620529    1.459102     -373.359781      195.035789   21.487500    8.130543    0.168310    5.738944
    0.813725    0.736931    0.262072   -0.692160    1.502781     -390.522142      195.198394   21.750473    8.225472    0.168310    5.738944
    0.823529    0.721262    0.303057   -0.764756    1.522633     -407.536113      195.097210   22.008287    8.315764    0.168310    5.738944
    0.833333    0.703285    0.348124   -0.837089    1.518448     -424.074965      194.750421   22.260160    8.400788    0.168310    5.738944
    0.843137    0.682818    0.397226   -0.907987    1.491658     -439.839527      194.181293   22.505242    8.479926    0.168310    5.738944
    0.852941    0.659703    0.450252   -0.976415    1.445102     -454.580075      193.416362   22.742625    8.552596    0.168310    5.738944
    0.862745    0.633808    0.507038   -1.041529    1.382605     -468.110528      192.483491   22.971348    8.618295    0.168310    5.738944
    0.872549    0.605034    0.567379   -1.102714    1.308493     -480.313713      191.410036   23.190411    8.676635    0.168310    5.738944
    0.882353    0.573319    0.631043   -1.159584    1.227123     -491.138446      190.221344   23.398782    8.727379    0.168310    5.738944
    0.892157    0.538644    0.697781   -1.211976    1.142491     -500.590554      188.939658   23.595419    8.770470    0.168310    5.738944
    0.901961    0.501033    0.767341   -1.259911    1.057959     -508.720514      187.583448   23.779277    8.806058    0.168310    5.738944
    0.911765    0.460555    0.839477   -1.303562    0.976093     -515.610174      186.167129   23.949329    8.834500    0.168310    5.738944
    0.921569    0.417324    0.913954   -1.343205    0.898567     -521.360415      184.701068   24.104581    8.856356    0.168310    5.738944
    0.931373    0.371501    0.990556   -1.379176    0.826070     -526.080839      183.191780   24.244087    8.872368    0.168310    5.738944
    0.941176    0.323288    1.069088   -1.411822    0.758135     -529.881881      181.642255   24.366964    8.883416    0.168310    5.738944
    0.950980    0.272929    1.149370   -1.441447    0.692729     -532.869309      180.052322   24.472410    8.890468    0.168310    5.738944
    0.960784    0.220706    1.231238   -1.468226    0.625389     -535.140798      178.419045   24.559715    8.894516    0.168310    5.738944
    0.970588    0.166937    1.314532   -1.492068    0.547436     -536.784169      176.737100   24.628275    8.896504    0.168310    5.738944
    0.980392    0.111974    1.399072   -1.512363    0.442480     -537.876951      174.999153   24.677605    8.897263    0.168310    5.738944
    0.990196    0.056194    1.484620   -1.527493    0.279579     -538.487154      173.196233   24.707348    8.897442    0.168310    5.738944
    1.000000    0.000000    1.570796   -1.533876    0.000000     -538.676246      171.318110   24.717287    8.897454    0.168310    5.738944
