           t           r         psi          cs          qs               p             sig           A           V          Q2           S
    0.000000   -0.000000   -1.570796   -0.931194    0.000000   -21987.719755    11812.946165    0.000000    0.000000    0.048031    8.610571
    0.002488    0.021418   -1.550846   -0.931798    0.060157   -21987.905958    11803.053006    0.001441    0.000000    0.048031    8.610571
    0.004975    0.042827   -1.530877   -0.932798    0.071008   -21988.490095    11793.279717    0.005765    0.000002    0.048031    8.610571
    0.007463    0.064220   -1.510886   -0.933869    0.074406   -21989.503305    11783.615417    0.012968    0.000012    0.048031    8.610571
    0.009950    0.085586   -1.490871   -0.934969    0.076477   -21990.975977    11774.049249    0.023049    0.000039    0.048031    8.610571
    0.012438    0.106919   -1.470833   -0.936095    0.078342   -21992.940050    11764.570378    0.036003    0.000096    0.048031    8.610571
    0.014925    0.128208   -1.450770   -0.937250    0.080277   -21995.429891    11755.167987    0.051826    0.000199    0.048031    8.610571
    0.017413    0.149446   -1.430682   -0.938437    0.082381   -21998.482870    11745.831270    0.070510    0.000368    0.048031    8.610571
    0.019900    0.170624   -1.410568   -0.939661    0.084703   -22002.139862    11736.549422    0.092048    0.000627    0.048031    8.610571
    0.022388    0.191733   -1.390428   -0.940927    0.087277   -22006.445741    11727.311633    0.116432    0.001003    0.048031    8.610571
    0.024876    0.212765   -1.370260   -0.942239    0.090132   -22011.449887    11718.107074    0.143652    0.001525    0.048031    8.610571
    0.027363    0.233711   -1.350063   -0.943603    0.093294   -22017.206749    11708.924884    0.173697    0.002228    0.048031    8.610571
    0.029851    0.254561   -1.329837   -0.945025    0.096793   -22023.776455    11699.754160    0.206554    0.003147    0.048031    8.610571
    0.032338    0.275309   -1.309579   -0.946511    0.100659   -22031.225509    11690.583936    0.242211    0.004323    0.048031    8.610571
    0.034826    0.295944   -1.289289   -0.948069    0.104926   -22039.627563    11681.403167    0.280652    0.005796    0.048031    8.610571
    0.037313    0.316458   -1.268964   -0.949707    0.109631   -22049.064300    11672.200715    0.321863    0.007613    0.048031    8.610571
    0.039801    0.336843   -1.248604   -0.951432    0.114816   -22059.626442    11662.965319    0.365825    0.009819    0.048031    8.610571
    0.042289    0.357090   -1.228206   -0.953255    0.120529   -22071.414891    11653.685585    0.412522    0.012465    0.048031    8.610571
    0.044776    0.377189   -1.207767   -0.955185    0.126821   -22084.542044    11644.349952    0.461934    0.015601    0.048031    8.610571
    0.047264    0.397133   -1.187286   -0.957234    0.133754   -22099.133297    11634.946676    0.514041    0.019282    0.048031    8.610571
    0.049751    0.416913   -1.166760   -0.959415    0.141395   -22115.328779    11625.463802    0.568821    0.023562    0.048031    8.610571
    0.052239    0.436520   -1.146185   -0.961742    0.149821   -22133.285347    11615.889138    0.626251    0.028497    0.048031    8.610571
    0.054726    0.455945   -1.125559   -0.964230    0.159121   -22153.178898    11606.210234    0.686308    0.034146    0.048031    8.610571
    0.057214    0.475179   -1.104877   -0.966897    0.169394   -22175.207043    11596.414350    0.748966    0.040566    0.048031    8.610571
    0.059701    0.494214   -1.084137   -0.969764    0.180755   -22199.592209    11586.488439    0.814199    0.047817    0.048031    8.610571
    0.062189    0.513041   -1.063332   -0.972851    0.193336   -22226.585261    11576.419124    0.881981    0.055959    0.048031    8.610571
    0.064677    0.531651   -1.042459   -0.976184    0.207288   -22256.469712    11566.192679    0.952282    0.065052    0.048031    8.610571
    0.067164    0.550036   -1.021512   -0.979792    0.222783   -22289.566656    11555.795022    1.025072    0.075155    0.048031    8.610571
    0.069652    0.568186   -1.000484   -0.983705    0.240023   -22326.240537    11545.211705    1.100320    0.086329    0.048031    8.610571
    0.072139    0.586092   -0.979369   -0.987961    0.259238   -22366.905935    11534.427928    1.177995    0.098632    0.048031    8.610571
    0.074627    0.603745   -0.958158   -0.992601    0.280697   -22412.035537    11523.428560    1.258063    0.112123    0.048031    8.610571
    0.077114    0.621136   -0.936844   -0.997671    0.304711   -22462.169535    11512.198187    1.340490    0.126859    0.048031    8.610571
    0.079602    0.638256   -0.915416   -1.003226    0.331642   -22517.926720    11500.721183    1.425238    0.142897    0.048031    8.610571
    0.082090    0.655096   -0.893863   -1.009328    0.361912   -22580.017595    11488.981829    1.512272    0.160291    0.048031    8.610571
    0.084577    0.671646   -0.872173   -1.016047    0.396013   -22649.259881    11476.964476    1.601553    0.179093    0.048031    8.610571
    0.087065    0.687896   -0.850332   -1.023467    0.434521   -22726.596868    11464.653791    1.693041    0.199354    0.048031    8.610571
    0.089552    0.703836   -0.828324   -1.031681    0.478111   -22813.119117    11452.035085    1.786695    0.221123    0.048031    8.610571
    0.092040    0.719456   -0.806130   -1.040801    0.527570   -22910.090075    11439.094785    1.882474    0.244445    0.048031    8.610571
    0.094527    0.734745   -0.783730   -1.050952    0.583820   -23018.976226    11425.821069    1.980332    0.269363    0.048031    8.610571
    0.097015    0.749693   -0.761100   -1.062285    0.647940   -23141.482388    11412.204741    2.080225    0.295918    0.048031    8.610571
    0.099502    0.764288   -0.738213   -1.074970    0.721182   -23279.592669    11398.240422    2.182106    0.324144    0.048031    8.610571
    0.101990    0.778518   -0.715039   -1.089208    0.804997   -23435.617378    11383.928163    2.285926    0.354077    0.048031    8.610571
    0.104478    0.792371   -0.691540   -1.105233    0.901049   -23612.245632    11369.275643    2.391637    0.385743    0.048031    8.610571
    0.106965    0.805833   -0.667677   -1.123315    1.011216   -23812.602373    11354.301150    2.499186    0.419169    0.048031    8.610571
    0.109453    0.818890   -0.643402   -1.143764    1.137570   -24040.306638    11339.037619    2.608520    0.454376    0.048031    8.610571
    0.111940    0.831527   -0.618661   -1.166940    1.282314   -24299.524627    11323.538117    2.719582    0.491378    0.048031    8.610571
    0.114428    0.843728   -0.593390   -1.193246    1.447630   -24595.005448    11307.883278    2.832317    0.530186    0.048031    8.610571
    0.116915    0.855475   -0.567518   -1.223131    1.635396   -24932.077979    11292.191355    2.946663    0.570806    0.048031    8.610571
    0.119403    0.866749   -0.540964   -1.257077    1.846680   -25316.571783    11276.631770    3.062558    0.613237    0.048031    8.610571
    0.121891    0.877528   -0.513634   -1.295578    2.080854   -25754.600296    11261.443255    3.179937    0.657471    0.048031    8.610571
    0.124378    0.887790   -0.485427   -1.339086    2.334155   -26252.106466    11246.957840    3.298733    0.703493    0.048031    8.610571
    0.126866    0.897507   -0.456231   -1.387928    2.597391   -26814.015642    11233.632007    3.418873    0.751281    0.048031    8.610571
    0.129353    0.906653   -0.425931   -1.442155    2.852509   -27442.767209    11222.085873    3.540283    0.800800    0.048031    8.610571
    0.131841    0.915196   -0.394416   -1.501313    3.067830   -28135.917108    11213.149980    3.662884    0.852009    0.048031    8.610571
    0.134328    0.923103   -0.361591   -1.564095    3.192215   -28882.461542    11207.916134    3.786592    0.904848    0.048031    8.610571
    0.136816    0.930339   -0.327405   -1.627867    3.149655   -29657.636805    11207.782654    3.911319    0.959245    0.048031    8.610571
    0.139303    0.936868   -0.291880   -1.688115    2.838005   -30416.414715    11214.474166    4.036973    1.015111    0.048031    8.610571
    0.141791    0.942655   -0.255162   -1.737967    2.138707   -31087.041306    11230.002087    4.163456    1.072334    0.048031    8.610571
    0.144279    0.947672   -0.217568   -1.768097    0.946034   -31567.931860    11256.519412    4.290667    1.130780    0.048031    8.610571
    0.146766    0.951897   -0.179638   -1.767509   -0.780491   -31733.447724    11296.026432    4.418499    1.190294    0.048031    8.610571
    0.149254    0.955327   -0.142146   -1.725567   -2.953846   -31454.324806    11349.924856    4.546847    1.250702    0.048031    8.610571
    0.151741    0.957975   -0.106065   -1.635149   -5.325352   -30633.331723    11418.508733    4.675603    1.311818    0.048031    8.610571
    0.154229    0.959879   -0.072450   -1.495811   -7.523691   -29245.286937    11500.587687    4.804665    1.373455    0.048031    8.610571
    0.156716    0.961100   -0.042282   -1.315250   -9.173999   -27360.297104    11593.466349    4.933936    1.435437    0.048031    8.610571
    0.159204    0.961719   -0.016299   -1.107881  -10.037110   -25132.864805    11693.371603    5.063331    1.497613    0.048031    8.610571
    0.161692    0.961831    0.005111   -0.891031  -10.082351   -22759.668552    11796.182223    5.192773    1.559860    0.048031    8.610571
    0.164179    0.961533    0.021919   -0.680677   -9.458127   -20428.450645    11898.159681    5.322202    1.622090    0.048031    8.610571
    0.166667    0.960923    0.034401   -0.488577   -8.399512   -18281.742920    11996.426284    5.451568    1.684241    0.048031    8.610571
    0.169154    0.960087    0.043029   -0.321437   -7.137845   -16404.615255    12089.115863    5.580837    1.746276    0.048031    8.610571
    0.171642    0.959103    0.048367   -0.181604   -5.849632   -14831.115110    12175.276145    5.709982    1.808175    0.048031    8.610571
    0.174129    0.958035    0.050999   -0.068399   -4.645002   -13558.977270    12254.652828    5.838988    1.869929    0.048031    8.610571
    0.176617    0.956935    0.051470    0.020577   -3.578785   -12564.568492    12327.458412    5.967848    1.931539    0.048031    8.610571
    0.179104    0.955843    0.050268    0.088458   -2.668286   -11814.366370    12394.179369    6.096560    1.993008    0.048031    8.610571
    0.181592    0.954791    0.047808    0.138499   -1.909123   -11272.371166    12455.436792    6.225128    2.054345    0.048031    8.610571
    0.184080    0.953803    0.044440    0.173742   -1.286417   -10904.235035    12511.895552    6.353558    2.115559    0.048031    8.610571
    0.186567    0.952893    0.040452    0.196874   -0.781643   -10679.180475    12564.210227    6.481860    2.176662    0.048031    8.610571
    0.189055    0.952073    0.036077    0.210193   -0.376326   -10570.603254    12612.996065    6.610046    2.237664    0.048031    8.610571
    0.191542    0.951349    0.031504    0.215626   -0.053771   -10555.976234    12658.815789    6.738127    2.298577    0.048031    8.610571
    0.194030    0.950724    0.026884    0.214778    0.200329   -10616.432555    12702.175740    6.866118    2.359412    0.048031    8.610571
    0.196517    0.950197    0.022338    0.208981    0.397864   -10736.241172    12743.527134    6.994032    2.420182    0.048031    8.610571
    0.199005    0.949766    0.017959    0.199339    0.548539   -10902.284580    12783.269831    7.121881    2.480896    0.048031    8.610571
    0.201493    0.949426    0.013819    0.186777    0.660203   -11103.589047    12821.757049    7.249678    2.541566    0.048031    8.610571
    0.203980    0.949172    0.009973    0.172067    0.739189   -11330.925347    12859.300187    7.377435    2.602201    0.048031    8.610571
    0.206468    0.948996    0.006459    0.155863    0.790620   -11576.481735    12896.173276    7.505164    2.662811    0.048031    8.610571
    0.208955    0.948892    0.003303    0.138721    0.818681   -11833.603390    12932.616892    7.632873    2.723404    0.048031    8.610571
    0.211443    0.948852    0.000520    0.121115    0.826839   -12096.589784    12968.841443    7.760573    2.783990    0.048031    8.610571
    0.213930    0.948867   -0.001885    0.103453    0.818026   -12360.540826    13005.029877    7.888272    2.844573    0.048031    8.610571
    0.216418    0.948930   -0.003914    0.086081    0.794782   -12621.243088    13041.339873    8.015976    2.905162    0.048031    8.610571
    0.218905    0.949033   -0.005577    0.069294    0.759373   -12875.088171    13077.905603    8.143691    2.965760    0.048031    8.610571
    0.221393    0.949167   -0.006889    0.053343    0.713869   -13119.016063    13114.839173    8.271422    3.026374    0.048031    8.610571
    0.223881    0.949325   -0.007869    0.038430    0.660208   -13350.477084    13152.231830    8.399173    3.087006    0.048031    8.610571
    0.226368    0.949502   -0.008544    0.024720    0.600232   -13567.406671    13190.155056    8.526946    3.147658    0.048031    8.610571
    0.228856    0.949689   -0.008938    0.012337    0.535705   -13768.207848    13228.661609    8.654744    3.208334    0.048031    8.610571
    0.231343    0.949883   -0.009082    0.001364    0.468320   -13951.736904    13267.786603    8.782568    3.269034    0.048031    8.610571
    0.233831    0.950077   -0.009007   -0.008147    0.399688   -14117.288471    13307.548677    8.910418    3.329759    0.048031    8.610571
    0.236318    0.950267   -0.008744   -0.016182    0.331319   -14264.576986    13347.951297    9.038293    3.390509    0.048031    8.610571
    0.238806    0.950450   -0.008324   -0.022759    0.264602   -14393.712402    13388.984209    9.166194    3.451282    0.048031    8.610571
    0.241294    0.950623   -0.007779   -0.027924    0.200776   -14505.168929    13430.625035    9.294119    3.512079    0.048031    8.610571
    0.243781    0.950783   -0.007137   -0.031747    0.140910   -14599.746533    13472.841013    9.422067    3.572898    0.048031    8.610571
    0.246269    0.950928   -0.006428   -0.034322    0.085879   -14678.525771    13515.590819    9.550034    3.633736    0.048031    8.610571
    0.248756    0.951058   -0.005675   -0.035760    0.036357   -14742.817283    13558.826453    9.678021    3.694592    0.048031    8.610571
    0.251244    0.951171   -0.004903   -0.036182   -0.007191   -14794.107814    13602.495115    9.806023    3.755464    0.048031    8.610571
    0.253731    0.951268   -0.004132   -0.035720   -0.044506   -14834.004937    13646.541023    9.934040    3.816349    0.048031    8.610571
    0.256219    0.951348   -0.003378   -0.034509   -0.075519   -14864.182754    13690.907129   10.062069    3.877246    0.048031    8.610571
    0.258706    0.951413   -0.002658   -0.032684   -0.100340   -14886.330695    13735.536671   10.190108    3.938153    0.048031    8.610571
    0.261194    0.951462   -0.001981   -0.030376   -0.119227   -14902.107238    13780.374539   10.318154    3.999066    0.048031    8.610571
    0.263682    0.951498   -0.001359   -0.027708   -0.132564   -14913.099935    13825.368420   10.446206    4.059986    0.048031    8.610571
    0.266169    0.951521   -0.000796   -0.024796   -0.140829   -14920.792631    13870.469723   10.574261    4.120909    0.048031    8.610571
    0.268657    0.951533   -0.000298   -0.021745   -0.144566   -14926.540270    13915.634265   10.702320    4.181835    0.048031    8.610571
    0.271144    0.951534    0.000135   -0.018645   -0.144361   -14931.551234    13960.822743   10.830379    4.242761    0.048031    8.610571
    0.273632    0.951527    0.000501   -0.015578   -0.140815   -14936.876774    14006.001001   10.958437    4.303687    0.048031    8.610571
    0.276119    0.951513    0.000803   -0.012610   -0.134524   -14943.406825    14051.140112   11.086495    4.364611    0.048031    8.610571
    0.278607    0.951493    0.001043   -0.009794   -0.126060   -14951.871308    14096.216309   11.214549    4.425534    0.048031    8.610571
    0.281095    0.951469    0.001224   -0.007173   -0.115962   -14962.845923    14141.210785   11.342601    4.486453    0.048031    8.610571
    0.283582    0.951441    0.001352   -0.004777   -0.104723   -14976.761446    14186.109396   11.470650    4.547369    0.048031    8.610571
    0.286070    0.951411    0.001430   -0.002628   -0.092785   -14993.915568    14230.902290   11.598694    4.608282    0.048031    8.610571
    0.288557    0.951380    0.001466   -0.000738   -0.080537   -15014.486416    14275.583480   11.726735    4.669190    0.048031    8.610571
    0.291045    0.951349    0.001464    0.000891   -0.068311   -15038.547013    14320.150396   11.854771    4.730095    0.048031    8.610571
    0.293532    0.951318    0.001430    0.002260   -0.056385   -15066.080040    14364.603421   11.982803    4.790995    0.048031    8.610571
    0.296020    0.951288    0.001369    0.003378   -0.044985   -15096.992414    14408.945431   12.110831    4.851892    0.048031    8.610571
    0.298507    0.951259    0.001287    0.004257   -0.034288   -15131.129291    14453.181347   12.238855    4.912784    0.048031    8.610571
    0.300995    0.951233    0.001188    0.004914   -0.024426   -15168.287225    14497.317718   12.366875    4.973674    0.048031    8.610571
    0.303483    0.951209    0.001078    0.005366   -0.015493   -15208.226280    14541.362323   12.494892    5.034560    0.048031    8.610571
    0.305970    0.951187    0.000959    0.005636   -0.007545   -15250.680990    14585.323817   12.622905    5.095443    0.048031    8.610571
    0.308458    0.951167    0.000837    0.005743   -0.000607   -15295.370111    14629.211407   12.750916    5.156323    0.048031    8.610571
    0.310945    0.951151    0.000714    0.005709    0.005320   -15342.005148    14673.034572   12.878925    5.217202    0.048031    8.610571
    0.313433    0.951137    0.000594    0.005556    0.010259   -15390.297676    14716.802812   13.006931    5.278078    0.048031    8.610571
    0.315920    0.951125    0.000477    0.005304    0.014250   -15439.965513    14760.525446   13.134936    5.338953    0.048031    8.610571
    0.318408    0.951116    0.000367    0.004974    0.017349   -15490.737805    14804.211433   13.262939    5.399826    0.048031    8.610571
    0.320896    0.951110    0.000264    0.004585    0.019620   -15542.359085    14847.869236   13.390942    5.460698    0.048031    8.610571
    0.323383    0.951105    0.000171    0.004152    0.021137   -15594.592413    14891.506714   13.518943    5.521570    0.048031    8.610571
    0.325871    0.951102    0.000087    0.003692    0.021979   -15647.221656    14935.131041   13.646944    5.582441    0.048031    8.610571
    0.328358    0.951101    0.000013    0.003219    0.022227   -15700.053006    14978.748654   13.774945    5.643312    0.048031    8.610571
    0.330846    0.951102   -0.000051    0.002744    0.021962   -15752.915828    15022.365222   13.902946    5.704183    0.048031    8.610571
    0.333333    0.951103   -0.000105    0.002279    0.021264   -15805.662908    15065.985635   14.030947    5.765054    0.048031    8.610571
    0.335821    0.951106   -0.000149    0.001831    0.020213   -15858.170191    15109.614013   14.158948    5.825925    0.048031    8.610571
    0.338308    0.951110   -0.000183    0.001408    0.018881   -15910.336084    15153.253731   14.286950    5.886797    0.048031    8.610571
    0.340796    0.951114   -0.000209    0.001015    0.017338   -15962.080403    15196.907449   14.414952    5.947669    0.048031    8.610571
    0.343284    0.951119   -0.000227    0.000656    0.015647   -16013.343027    15240.577161   14.542955    6.008541    0.048031    8.610571
    0.345771    0.951124   -0.000238    0.000335    0.013865   -16064.082336    15284.264243   14.670958    6.069415    0.048031    8.610571
    0.348259    0.951129   -0.000242    0.000051    0.012044   -16114.273479    15327.969516   14.798962    6.130289    0.048031    8.610571
    0.350746    0.951134   -0.000240   -0.000193    0.010228   -16163.906549    15371.693304   14.926967    6.191164    0.048031    8.610571
    0.353234    0.951139   -0.000234   -0.000398    0.008455   -16212.984696    15415.435497   15.054972    6.252039    0.048031    8.610571
    0.355721    0.951144   -0.000223   -0.000567    0.006756   -16261.522235    15459.195617   15.182978    6.312915    0.048031    8.610571
    0.358209    0.951148   -0.000210   -0.000699    0.005157   -16309.542785    15502.972875   15.310985    6.373791    0.048031    8.610571
    0.360697    0.951153   -0.000194   -0.000798    0.003677   -16357.077475    15546.766235   15.438993    6.434669    0.048031    8.610571
    0.363184    0.951157   -0.000176   -0.000867    0.002330   -16404.163246    15590.574470   15.567001    6.495546    0.048031    8.610571
    0.365672    0.951160   -0.000157   -0.000907    0.001127   -16450.841259    15634.396214   15.695009    6.556424    0.048031    8.610571
    0.368159    0.951163   -0.000137   -0.000923    0.000070   -16497.155449    15678.230008   15.823018    6.617303    0.048031    8.610571
    0.370647    0.951166   -0.000117   -0.000918   -0.000837   -16543.151218    15722.074347   15.951027    6.678182    0.048031    8.610571
    0.373134    0.951169   -0.000098   -0.000894   -0.001598   -16588.874279    15765.927716   16.079037    6.739061    0.048031    8.610571
    0.375622    0.951170   -0.000079   -0.000855   -0.002218   -16634.369658    15809.788623   16.207047    6.799941    0.048031    8.610571
    0.378109    0.951172   -0.000061   -0.000804   -0.002703   -16679.680854    15853.655627   16.335057    6.860821    0.048031    8.610571
    0.380597    0.951173   -0.000045   -0.000743   -0.003063   -16724.849144    15897.527362   16.463067    6.921701    0.048031    8.610571
    0.383085    0.951174   -0.000030   -0.000676   -0.003309   -16769.913034    15941.402552   16.591078    6.982581    0.048031    8.610571
    0.385572    0.951174   -0.000016   -0.000604   -0.003451   -16814.907850    15985.280029   16.719088    7.043461    0.048031    8.610571
    0.388060    0.951175   -0.000004   -0.000529   -0.003501   -16859.865450    16029.158737   16.847099    7.104341    0.048031    8.610571
    0.390547    0.951174    0.000007   -0.000454   -0.003472   -16904.814046    16073.037744   16.975110    7.165221    0.048031    8.610571
    0.393035    0.951174    0.000016   -0.000381   -0.003376   -16949.778135    16116.916237   17.103120    7.226101    0.048031    8.610571
    0.395522    0.951174    0.000023   -0.000309   -0.003223   -16994.778513    16160.793530   17.231131    7.286982    0.048031    8.610571
    0.398010    0.951173    0.000029   -0.000242   -0.003026   -17039.832361    16204.669053   17.359141    7.347862    0.048031    8.610571
    0.400498    0.951173    0.000034   -0.000179   -0.002794   -17084.953401    16248.542351   17.487152    7.408742    0.048031    8.610571
    0.402985    0.951172    0.000037   -0.000121   -0.002538   -17130.152096    16292.413080   17.615162    7.469622    0.048031    8.610571
    0.405473    0.951171    0.000039   -0.000068   -0.002266   -17175.435890    16336.280991   17.743172    7.530501    0.048031    8.610571
    0.407960    0.951170    0.000040   -0.000022   -0.001986   -17220.809478    16380.145930   17.871182    7.591381    0.048031    8.610571
    0.410448    0.951169    0.000040    0.000019   -0.001704   -17266.275095    16424.007822   17.999192    7.652261    0.048031    8.610571
    0.412935    0.951168    0.000039    0.000053   -0.001428   -17311.832807    16467.866666   18.127202    7.713140    0.048031    8.610571
    0.415423    0.951168    0.000037    0.000082   -0.001161   -17357.480820    16511.722519   18.255212    7.774020    0.048031    8.610571
    0.417910    0.951167    0.000035    0.000105   -0.000909   -17403.215768    16555.575495   18.383221    7.834899    0.048031    8.610571
    0.420398    0.951166    0.000033    0.000122   -0.000673   -17449.033002    16599.425746   18.511231    7.895778    0.048031    8.610571
    0.422886    0.951165    0.000030    0.000135   -0.000456   -17494.926860    16643.273459   18.639240    7.956657    0.048031    8.610571
    0.425373    0.951165    0.000027    0.000144   -0.000261   -17540.890925    16687.118848   18.767250    8.017536    0.048031    8.610571
    0.427861    0.951164    0.000024    0.000148   -0.000087   -17586.918253    16730.962142   18.895259    8.078415    0.048031    8.610571
    0.430348    0.951164    0.000021    0.000149    0.000064   -17633.001590    16774.803582   19.023268    8.139294    0.048031    8.610571
    0.432836    0.951163    0.000018    0.000146    0.000192   -17679.133555    16818.643410   19.151277    8.200173    0.048031    8.610571
    0.435323    0.951163    0.000015    0.000141    0.000299   -17725.306810    16862.481872   19.279286    8.261052    0.048031    8.610571
    0.437811    0.951163    0.000012    0.000134    0.000385   -17771.514197    16906.319203   19.407295    8.321930    0.048031    8.610571
    0.440299    0.951163    0.000009    0.000126    0.000452   -17817.748857    16950.155631   19.535304    8.382809    0.048031    8.610571
    0.442786    0.951162    0.000006    0.000116    0.000500   -17864.004323    16993.991370   19.663313    8.443688    0.048031    8.610571
    0.445274    0.951162    0.000004    0.000105    0.000531   -17910.274597    17037.826619   19.791322    8.504566    0.048031    8.610571
    0.447761    0.951162    0.000002    0.000093    0.000548   -17956.554205    17081.661558   19.919331    8.565445    0.048031    8.610571
    0.450249    0.951162    0.000000    0.000081    0.000551   -18002.838228    17125.496352   20.047340    8.626324    0.048031    8.610571
    0.452736    0.951162   -0.000002    0.000070    0.000544   -18049.122329    17169.331142   20.175349    8.687202    0.048031    8.610571
    0.455224    0.951162   -0.000003    0.000058    0.000526   -18095.402757    17213.166054   20.303358    8.748081    0.048031    8.610571
    0.457711    0.951162   -0.000004    0.000047    0.000500   -18141.676337    17257.001193   20.431367    8.808960    0.048031    8.610571
    0.460199    0.951162   -0.000005    0.000036    0.000469   -18187.940461    17300.836646   20.559376    8.869838    0.048031    8.610571
    0.462687    0.951163   -0.000006    0.000027    0.000432   -18234.193054    17344.672480   20.687385    8.930717    0.048031    8.610571
    0.465174    0.951163   -0.000006    0.000018    0.000392   -18280.432547    17388.508748   20.815394    8.991596    0.048031    8.610571
    0.467662    0.951163   -0.000006    0.000010    0.000350   -18326.657836    17432.345486   20.943403    9.052474    0.048031    8.610571
    0.470149    0.951163   -0.000007    0.000002    0.000306   -18372.868243    17476.182717   21.071412    9.113353    0.048031    8.610571
    0.472637    0.951163   -0.000007   -0.000004    0.000263   -18419.063468    17520.020451   21.199421    9.174232    0.048031    8.610571
    0.475124    0.951163   -0.000006   -0.000009    0.000220   -18465.243546    17563.858687   21.327430    9.235111    0.048031    8.610571
    0.477612    0.951163   -0.000006   -0.000014    0.000179   -18511.408799    17607.697414   21.455440    9.295989    0.048031    8.610571
    0.480100    0.951164   -0.000006   -0.000017    0.000141   -18557.559794    17651.536612   21.583449    9.356868    0.048031    8.610571
    0.482587    0.951164   -0.000005   -0.000020    0.000104   -18603.697294    17695.376258   21.711458    9.417747    0.048031    8.610571
    0.485075    0.951164   -0.000005   -0.000022    0.000071   -18649.822221    17739.216320   21.839467    9.478626    0.048031    8.610571
    0.487562    0.951164   -0.000004   -0.000023    0.000041   -18695.935615    17783.056764   21.967476    9.539505    0.048031    8.610571
    0.490050    0.951164   -0.000004   -0.000024    0.000014   -18742.038596    17826.897553   22.095485    9.600384    0.048031    8.610571
    0.492537    0.951164   -0.000003   -0.000024   -0.000009   -18788.132337    17870.738648   22.223494    9.661262    0.048031    8.610571
    0.495025    0.951164   -0.000003   -0.000024   -0.000029   -18834.218030    17914.580009   22.351504    9.722141    0.048031    8.610571
    0.497512    0.951164   -0.000002   -0.000023   -0.000046   -18880.296859    17958.421598   22.479513    9.783020    0.048031    8.610571
    0.500000    0.951164   -0.000002   -0.000022   -0.000060   -18926.369985    18002.263375   22.607522    9.843899    0.048031    8.610571
    0.502488    0.951164   -0.000002   -0.000020   -0.000070   -18972.438521    18046.105305   22.735531    9.904778    0.048031    8.610571
    0.504975    0.951164   -0.000001   -0.000019   -0.000078   -19018.503520    18089.947351   22.863541    9.965657    0.048031    8.610571
    0.507463    0.951164   -0.000001   -0.000017   -0.000083   -19064.565961    18133.789482   22.991550   10.026536    0.048031    8.610571
    0.509950    0.951164   -0.000000   -0.000015   -0.000086   -19110.626744    18177.631669   23.119559   10.087415    0.048031    8.610571
    0.512438    0.951164   -0.000000   -0.000014   -0.000087   -19156.686681    18221.473883   23.247568   10.148294    0.048031    8.610571
    0.514925    0.951164    0.000000   -0.000012   -0.000086   -19202.746490    18265.316101   23.375577   10.209172    0.048031    8.610571
    0.517413    0.951164    0.000000   -0.000010   -0.000084   -19248.806802    18309.158303   23.503587   10.270051    0.048031    8.610571
    0.519900    0.951164    0.000001   -0.000008   -0.000080   -19294.868150    18353.000471   23.631596   10.330930    0.048031    8.610571
    0.522388    0.951164    0.000001   -0.000006   -0.000075   -19340.930984    18396.842589   23.759605   10.391809    0.048031    8.610571
    0.524876    0.951164    0.000001   -0.000005   -0.000070   -19386.995663    18440.684646   23.887614   10.452688    0.048031    8.610571
    0.527363    0.951164    0.000001   -0.000003   -0.000063   -19433.062467    18484.526633   24.015624   10.513567    0.048031    8.610571
    0.529851    0.951164    0.000001   -0.000002   -0.000057   -19479.131602    18528.368542   24.143633   10.574446    0.048031    8.610571
    0.532338    0.951164    0.000001   -0.000001   -0.000050   -19525.203204    18572.210370   24.271642   10.635325    0.048031    8.610571
    0.534826    0.951164    0.000001    0.000000   -0.000043   -19571.277347    18616.052114   24.399651   10.696204    0.048031    8.610571
    0.537313    0.951164    0.000001    0.000001   -0.000036   -19617.354052    18659.893773   24.527661   10.757083    0.048031    8.610571
    0.539801    0.951164    0.000001    0.000002   -0.000030   -19663.433289    18703.735348   24.655670   10.817961    0.048031    8.610571
    0.542289    0.951164    0.000001    0.000002   -0.000023   -19709.514992    18747.576842   24.783679   10.878840    0.048031    8.610571
    0.544776    0.951164    0.000001    0.000003   -0.000017   -19755.599060    18791.418257   24.911688   10.939719    0.048031    8.610571
    0.547264    0.951164    0.000001    0.000003   -0.000012   -19801.685364    18835.259598   25.039697   11.000598    0.048031    8.610571
    0.549751    0.951164    0.000001    0.000003   -0.000007   -19847.773759    18879.100870   25.167707   11.061477    0.048031    8.610571
    0.552239    0.951164    0.000001    0.000003   -0.000002   -19893.864083    18922.942078   25.295716   11.122356    0.048031    8.610571
    0.554726    0.951164    0.000001    0.000003    0.000002   -19939.956168    18966.783227   25.423725   11.183235    0.048031    8.610571
    0.557214    0.951164    0.000001    0.000003    0.000006   -19986.049841    19010.624324   25.551734   11.244114    0.048031    8.610571
    0.559701    0.951164    0.000001    0.000003    0.000010   -20032.144933    19054.465374   25.679743   11.304992    0.048031    8.610571
    0.562189    0.951164    0.000000    0.000003    0.000012   -20078.241278    19098.306383   25.807752   11.365871    0.048031    8.610571
    0.564677    0.951164    0.000000    0.000003    0.000015   -20124.338722    19142.147355   25.935762   11.426750    0.048031    8.610571
    0.567164    0.951164    0.000000    0.000002    0.000017   -20170.437121    19185.988296   26.063771   11.487629    0.048031    8.610571
    0.569652    0.951164    0.000000    0.000002    0.000019   -20216.536350    19229.829209   26.191780   11.548508    0.048031    8.610571
    0.572139    0.951164    0.000000    0.000002    0.000021   -20262.636299    19273.670098   26.319789   11.609387    0.048031    8.610571
    0.574627    0.951164    0.000000    0.000001    0.000022   -20308.736879    19317.510966   26.447798   11.670266    0.048031    8.610571
    0.577114    0.951164    0.000000    0.000001    0.000023   -20354.838021    19361.351816   26.575808   11.731144    0.048031    8.610571
    0.579602    0.951164    0.000000    0.000000    0.000024   -20400.939682    19405.192648   26.703817   11.792023    0.048031    8.610571
    0.582090    0.951164    0.000000   -0.000000    0.000026   -20447.041841    19449.033464   26.831826   11.852902    0.048031    8.610571
    0.584577    0.951164    0.000000   -0.000001    0.000027   -20493.144504    19492.874264   26.959835   11.913781    0.048031    8.610571
    0.587065    0.951164    0.000000   -0.000002    0.000028   -20539.247703    19536.715045   27.087844   11.974660    0.048031    8.610571
    0.589552    0.951164    0.000000   -0.000002    0.000029   -20585.351500    19580.555807   27.215853   12.035539    0.048031    8.610571
    0.592040    0.951164    0.000000   -0.000003    0.000031   -20631.455985    19624.396546   27.343863   12.096418    0.048031    8.610571
    0.594527    0.951164    0.000000   -0.000003    0.000033   -20677.561279    19668.237258   27.471872   12.157296    0.048031    8.610571
    0.597015    0.951164    0.000000   -0.000004    0.000036   -20723.667538    19712.077939   27.599881   12.218175    0.048031    8.610571
    0.599502    0.951164    0.000001   -0.000005    0.000039   -20769.774949    19755.918581   27.727890   12.279054    0.048031    8.610571
    0.601990    0.951164    0.000001   -0.000006    0.000042   -20815.883740    19799.759177   27.855899   12.339933    0.048031    8.610571
    0.604478    0.951164    0.000001   -0.000007    0.000046   -20861.994179    19843.599719   27.983909   12.400812    0.048031    8.610571
    0.606965    0.951164    0.000001   -0.000008    0.000051   -20908.106576    19887.440196   28.111918   12.461691    0.048031    8.610571
    0.609453    0.951164    0.000001   -0.000009    0.000057   -20954.221292    19931.280596   28.239927   12.522569    0.048031    8.610571
    0.611940    0.951164    0.000001   -0.000010    0.000064   -21000.338740    19975.120906   28.367936   12.583448    0.048031    8.610571
    0.614428    0.951164    0.000002   -0.000012    0.000072   -21046.459393    20018.961109   28.495945   12.644327    0.048031    8.610571
    0.616915    0.951164    0.000002   -0.000013    0.000082   -21092.583791    20062.801189   28.623954   12.705206    0.048031    8.610571
    0.619403    0.951164    0.000002   -0.000015    0.000092   -21138.712548    20106.641124   28.751963   12.766085    0.048031    8.610571
    0.621891    0.951164    0.000003   -0.000017    0.000105   -21184.846366    20150.480892   28.879973   12.826964    0.048031    8.610571
    0.624378    0.951164    0.000003   -0.000019    0.000120   -21230.986039    20194.320465   29.007982   12.887842    0.048031    8.610571
    0.626866    0.951163    0.000003   -0.000022    0.000137   -21277.132475    20238.159815   29.135991   12.948721    0.048031    8.610571
    0.629353    0.951163    0.000004   -0.000025    0.000156   -21323.286703    20281.998907   29.264000   13.009600    0.048031    8.610571
    0.631841    0.951163    0.000004   -0.000029    0.000178   -21369.449895    20325.837702   29.392009   13.070479    0.048031    8.610571
    0.634328    0.951163    0.000005   -0.000033    0.000203   -21415.623385    20369.676155   29.520018   13.131358    0.048031    8.610571
    0.636816    0.951163    0.000006   -0.000037    0.000233   -21461.808693    20413.514218   29.648027   13.192236    0.048031    8.610571
    0.639303    0.951163    0.000007   -0.000042    0.000266   -21508.007548    20457.351832   29.776036   13.253115    0.048031    8.610571
    0.641791    0.951163    0.000008   -0.000048    0.000304   -21554.221924    20501.188931   29.904045   13.313994    0.048031    8.610571
    0.644279    0.951163    0.000009   -0.000055    0.000347   -21600.454068    20545.025443   30.032054   13.374872    0.048031    8.610571
    0.646766    0.951162    0.000010   -0.000063    0.000397   -21646.706544    20588.861281   30.160063   13.435751    0.048031    8.610571
    0.649254    0.951162    0.000011   -0.000071    0.000453   -21692.982276    20632.696349   30.288072   13.496630    0.048031    8.610571
    0.651741    0.951162    0.000013   -0.000082    0.000518   -21739.284599    20676.530536   30.416081   13.557508    0.048031    8.610571
    0.654229    0.951162    0.000015   -0.000093    0.000591   -21785.617321    20720.363716   30.544090   13.618387    0.048031    8.610571
    0.656716    0.951161    0.000017   -0.000106    0.000675   -21831.984785    20764.195746   30.672099   13.679266    0.048031    8.610571
    0.659204    0.951161    0.000020   -0.000121    0.000771   -21878.391948    20808.026461   30.800108   13.740144    0.048031    8.610571
    0.661692    0.951160    0.000022   -0.000138    0.000880   -21924.844469    20851.855673   30.928117   13.801022    0.048031    8.610571
    0.664179    0.951160    0.000025   -0.000158    0.001004   -21971.348806    20895.683170   31.056125   13.861901    0.048031    8.610571
    0.666667    0.951159    0.000029   -0.000180    0.001146   -22017.912329    20939.508706   31.184134   13.922779    0.048031    8.610571
    0.669154    0.951159    0.000033   -0.000206    0.001308   -22064.543450    20983.332002   31.312142   13.983657    0.048031    8.610571
    0.671642    0.951158    0.000038   -0.000235    0.001492   -22111.251768    21027.152742   31.440151   14.044536    0.048031    8.610571
    0.674129    0.951157    0.000043   -0.000268    0.001701   -22158.048238    21070.970562   31.568159   14.105414    0.048031    8.610571
    0.676617    0.951156    0.000049   -0.000306    0.001941   -22204.945359    21114.785047   31.696167   14.166291    0.048031    8.610571
    0.679104    0.951155    0.000056   -0.000349    0.002213   -22251.957391    21158.595726   31.824175   14.227169    0.048031    8.610571
    0.681592    0.951154    0.000064   -0.000398    0.002523   -22299.100602    21202.402058   31.952183   14.288047    0.048031    8.610571
    0.684080    0.951152    0.000074   -0.000455    0.002876   -22346.393549    21246.203429   32.080191   14.348924    0.048031    8.610571
    0.686567    0.951150    0.000084   -0.000519    0.003279   -22393.857392    21289.999137   32.208198   14.409802    0.048031    8.610571
    0.689055    0.951149    0.000096   -0.000591    0.003737   -22441.516265    21333.788382   32.336206   14.470679    0.048031    8.610571
    0.691542    0.951146    0.000109   -0.000675    0.004259   -22489.397681    21377.570252   32.464213   14.531555    0.048031    8.610571
    0.694030    0.951144    0.000125   -0.000769    0.004853   -22537.533006    21421.343705   32.592219   14.592432    0.048031    8.610571
    0.696517    0.951141    0.000142   -0.000877    0.005530   -22585.957988    21465.107556   32.720226   14.653308    0.048031    8.610571
    0.699005    0.951138    0.000163   -0.001000    0.006300   -22634.713365    21508.860453   32.848231   14.714184    0.048031    8.610571
    0.701493    0.951134    0.000185   -0.001140    0.007176   -22683.845550    21552.600855   32.976237   14.775059    0.048031    8.610571
    0.703980    0.951130    0.000211   -0.001300    0.008174   -22733.407410    21596.327005   33.104242   14.835934    0.048031    8.610571
    0.706468    0.951125    0.000241   -0.001481    0.009308   -22783.459154    21640.036903   33.232246   14.896808    0.048031    8.610571
    0.708955    0.951119    0.000275   -0.001688    0.010599   -22834.069328    21683.728271   33.360250   14.957681    0.048031    8.610571
    0.711443    0.951113    0.000314   -0.001923    0.012067   -22885.315957    21727.398513   33.488252   15.018554    0.048031    8.610571
    0.713930    0.951106    0.000358   -0.002191    0.013737   -22937.287821    21771.044675   33.616254   15.079426    0.048031    8.610571
    0.716418    0.951098    0.000408   -0.002497    0.015635   -22990.085911    21814.663392   33.744255   15.140297    0.048031    8.610571
    0.718905    0.951088    0.000465   -0.002844    0.017793   -23043.825062    21858.250838   33.872255   15.201167    0.048031    8.610571
    0.721393    0.951078    0.000530   -0.003239    0.020244   -23098.635805    21901.802656   34.000253   15.262035    0.048031    8.610571
    0.723881    0.951066    0.000604   -0.003688    0.023030   -23154.666444    21945.313894   34.128250   15.322902    0.048031    8.610571
    0.726368    0.951052    0.000688   -0.004199    0.026193   -23212.085392    21988.778920   34.256245   15.383768    0.048031    8.610571
    0.728856    0.951036    0.000785   -0.004781    0.029784   -23271.083799    22032.191333   34.384238   15.444631    0.048031    8.610571
    0.731343    0.951018    0.000894   -0.005442    0.033860   -23331.878489    22075.543862   34.512229   15.505493    0.048031    8.610571
    0.733831    0.950998    0.001018   -0.006193    0.038484   -23394.715236    22118.828247   34.640217   15.566351    0.048031    8.610571
    0.736318    0.950974    0.001160   -0.007047    0.043727   -23459.872427    22162.035117   34.768202   15.627208    0.048031    8.610571
    0.738806    0.950948    0.001321   -0.008017    0.049670   -23527.665111    22205.153839   34.896184   15.688060    0.048031    8.610571
    0.741294    0.950918    0.001504   -0.009118    0.056402   -23598.449490    22248.172360   35.024162   15.748910    0.048031    8.610571
    0.743781    0.950883    0.001713   -0.010368    0.064022   -23672.627853    22291.077025   35.152136   15.809755    0.048031    8.610571
    0.746269    0.950844    0.001950   -0.011787    0.072643   -23750.653984    22333.852377   35.280105   15.870595    0.048031    8.610571
    0.748756    0.950799    0.002219   -0.013397    0.082389   -23833.039035    22376.480935   35.408068   15.931430    0.048031    8.610571
    0.751244    0.950749    0.002525   -0.015221    0.093395   -23920.357878    22418.942948   35.536025   15.992259    0.048031    8.610571
    0.753731    0.950691    0.002873   -0.017289    0.105814   -24013.255888    22461.216125   35.663974   16.053081    0.048031    8.610571
    0.756219    0.950625    0.003268   -0.019631    0.119810   -24112.456112    22503.275341   35.791916   16.113895    0.048031    8.610571
    0.758706    0.950551    0.003716   -0.022282    0.135566   -24218.766743    22545.092317   35.919847   16.174700    0.048031    8.610571
    0.761194    0.950466    0.004225   -0.025280    0.153278   -24333.088755    22586.635272   36.047768   16.235494    0.048031    8.610571
    0.763682    0.950369    0.004802   -0.028668    0.173156   -24456.423528    22627.868561   36.175677   16.296277    0.048031    8.610571
    0.766169    0.950259    0.005456   -0.032493    0.195428   -24589.880186    22668.752280   36.303572   16.357047    0.048031    8.610571
    0.768657    0.950135    0.006197   -0.036807    0.220330   -24734.682325    22709.241866   36.431451   16.417801    0.048031    8.610571
    0.771144    0.949993    0.007037   -0.041667    0.248112   -24892.173681    22749.287681   36.559313   16.478538    0.048031    8.610571
    0.773632    0.949833    0.007986   -0.047137    0.279029   -25063.822173    22788.834601   36.687154   16.539255    0.048031    8.610571
    0.776119    0.949650    0.009061   -0.053282    0.313335   -25251.221649    22827.821618   36.814972   16.599950    0.048031    8.610571
    0.778607    0.949443    0.010274   -0.060176    0.351281   -25456.090470    22866.181465   36.942764   16.660620    0.048031    8.610571
    0.781095    0.949209    0.011644   -0.067897    0.393099   -25680.265984    22903.840303   37.070526   16.721260    0.048031    8.610571
    0.783582    0.948943    0.013189   -0.076526    0.438997   -25925.693736    22940.717480   37.198255   16.781868    0.048031    8.610571
    0.786070    0.948643    0.014930   -0.086150    0.489142   -26194.410202    22976.725393   37.325945   16.842438    0.048031    8.610571
    0.788557    0.948302    0.016888   -0.096857    0.543642   -26488.517716    23011.769504   37.453592   16.902966    0.048031    8.610571
    0.791045    0.947917    0.019087   -0.108739    0.602532   -26810.150320    23045.748537   37.581191   16.963445    0.048031    8.610571
    0.793532    0.947483    0.021555   -0.121883    0.665746   -27161.429339    23078.554904   37.708735   17.023869    0.048031    8.610571
    0.796020    0.946992    0.024318   -0.136377    0.733101   -27544.407820    23110.075407   37.836216   17.084231    0.048031    8.610571
    0.798507    0.946439    0.027407   -0.152303    0.804272   -27961.003415    23140.192270   37.963627   17.144523    0.048031    8.610571
    0.800995    0.945816    0.030853   -0.169732    0.878769   -28412.920032    23168.784521   38.090960   17.204734    0.048031    8.610571
    0.803483    0.945114    0.034690   -0.188726    0.955921   -28901.559527    23195.729769   38.218203   17.264854    0.048031    8.610571
    0.805970    0.944327    0.038950   -0.209328    1.034867   -29427.925937    23220.906382   38.345346   17.324871    0.048031    8.610571
    0.808458    0.943443    0.043669   -0.231563    1.114546   -29992.526113    23244.196057   38.472377   17.384772    0.048031    8.610571
    0.810945    0.942453    0.048881   -0.255429    1.193712   -30595.272101    23265.486733   38.599281   17.444540    0.048031    8.610571
    0.813433    0.941346    0.054622   -0.280899    1.270953   -31235.391924    23284.675781   38.726045   17.504161    0.048031    8.610571
    0.815920    0.940110    0.060926   -0.307913    1.344728   -31911.356463    23301.673350   38.852651   17.563613    0.048031    8.610571
    0.818408    0.938734    0.067823   -0.336378    1.413422   -32620.830530    23316.405711   38.979082   17.622877    0.048031    8.610571
    0.820896    0.937203    0.075345   -0.366167    1.475412   -33360.655808    23328.818435   39.105317   17.681928    0.048031    8.610571
    0.823383    0.935504    0.083518   -0.397123    1.529144   -34126.871910    23338.879188   39.231335   17.740742    0.048031    8.610571
    0.825871    0.933624    0.092364   -0.429054    1.573215   -34914.779343    23346.579945   39.357112   17.799289    0.048031    8.610571
    0.828358    0.931548    0.101903   -0.461743    1.606453   -35719.044767    23351.938448   39.482623   17.857540    0.048031    8.610571
    0.830846    0.929262    0.112148   -0.494954    1.627991   -36533.845038    23354.998743   39.607841   17.915460    0.048031    8.610571
    0.833333    0.926749    0.123108   -0.528436    1.637315   -37353.042560    23355.830736   39.732736   17.973012    0.048031    8.610571
    0.835821    0.923996    0.134786   -0.561930    1.634297   -38170.381011    23354.528735   39.857277   18.030159    0.048031    8.610571
    0.838308    0.920988    0.147179   -0.595182    1.619200   -38979.688257    23351.209056   39.981431   18.086857    0.048031    8.610571
    0.840796    0.917709    0.160279   -0.627949    1.592659   -39775.072407    23346.006818   40.105161   18.143064    0.048031    8.610571
    0.843284    0.914146    0.174074   -0.660002    1.555629   -40551.097844    23339.072147   40.228431   18.198732    0.048031    8.610571
    0.845771    0.910285    0.188546   -0.691139    1.509325   -41302.930393    23330.565999   40.351202   18.253813    0.048031    8.610571
    0.848259    0.906113    0.203674   -0.721184    1.455148   -42026.444218    23320.655866   40.473433   18.308255    0.048031    8.610571
    0.850746    0.901616    0.219432   -0.749994    1.394600   -42718.287003    23309.511597   40.595080   18.362008    0.048031    8.610571
    0.853234    0.896784    0.235793   -0.777456    1.329212   -43375.903892    23297.301540   40.716100   18.415017    0.048031    8.610571
    0.855721    0.891605    0.252727   -0.803490    1.260475   -43997.523957    23284.189158   40.836446   18.467228    0.048031    8.610571
    0.858209    0.886069    0.270203   -0.828048    1.189781   -44582.115408    23270.330220   40.956071   18.518587    0.048031    8.610571
    0.860697    0.880167    0.288189   -0.851106    1.118388   -45129.317110    23255.870625   41.074926   18.569039    0.048031    8.610571
    0.863184    0.873891    0.306653   -0.872668    1.047391   -45639.354360    23240.944840   41.192963   18.618529    0.048031    8.610571
    0.865672    0.867233    0.325562   -0.892756    0.977707   -46112.946402    23225.674939   41.310129   18.667004    0.048031    8.610571
    0.868159    0.860187    0.344887   -0.911411    0.910078   -46551.212159    23210.170158   41.426373   18.714413    0.048031    8.610571
    0.870647    0.852748    0.364596   -0.928687    0.845079   -46955.579298    23194.526882   41.541642   18.760704    0.048031    8.610571
    0.873134    0.844911    0.384661   -0.944646    0.783127   -47327.700327    23178.829003   41.655883   18.805829    0.048031    8.610571
    0.875622    0.836672    0.405054   -0.959359    0.724505   -47669.378065    23163.148523   41.769043   18.849743    0.048031    8.610571
    0.878109    0.828029    0.425750   -0.972901    0.669376   -47982.501681    23147.546356   41.881066   18.892402    0.048031    8.610571
    0.880597    0.818979    0.446724   -0.985347    0.617810   -48268.993552    23132.073243   41.991900   18.933766    0.048031    8.610571
    0.883085    0.809522    0.467954   -0.996774    0.569795   -48530.766541    23116.770721   42.101487   18.973800    0.048031    8.610571
    0.885572    0.799656    0.489418   -1.007257    0.525259   -48769.690833    23101.672108   42.209775   19.012469    0.048031    8.610571
    0.888060    0.789383    0.511097   -1.016869    0.484086   -48987.569220    23086.803469   42.316707   19.049746    0.048031    8.610571
    0.890547    0.778703    0.532974   -1.025680    0.446127   -49186.119620    23072.184529   42.422229   19.085606    0.048031    8.610571
    0.893035    0.767617    0.555031   -1.033755    0.411210   -49366.963615    23057.829531   42.526287   19.120029    0.048031    8.610571
    0.895522    0.756129    0.577254   -1.041157    0.379152   -49531.619855    23043.748009   42.628826   19.152998    0.048031    8.610571
    0.898010    0.744240    0.599628   -1.047942    0.349764   -49681.501303    23029.945503   42.729791   19.184502    0.048031    8.610571
    0.900498    0.731955    0.622142   -1.054166    0.322854   -49817.915424    23016.424179   42.829130   19.214536    0.048031    8.610571
    0.902985    0.719276    0.644784   -1.059877    0.298237   -49942.066556    23003.183388   42.926789   19.243096    0.048031    8.610571
    0.905473    0.706209    0.667542   -1.065121    0.275733   -50055.059836    22990.220143   43.022715   19.270185    0.048031    8.610571
    0.907960    0.692758    0.690409   -1.069940    0.255171   -50157.906175    22977.529541   43.116857   19.295811    0.048031    8.610571
    0.910448    0.678929    0.713374   -1.074371    0.236388   -50251.527892    22965.105119   43.209163   19.319986    0.048031    8.610571
    0.912935    0.664727    0.736431   -1.078451    0.219233   -50336.764681    22952.939164   43.299583   19.342726    0.048031    8.610571
    0.915423    0.650159    0.759572   -1.082211    0.203565   -50414.379693    22941.022964   43.388067   19.364051    0.048031    8.610571
    0.917910    0.635230    0.782789   -1.085679    0.189254   -50485.065562    22929.347030   43.474566   19.383986    0.048031    8.610571
    0.920398    0.619949    0.806079   -1.088882    0.176181   -50549.450238    22917.901274   43.559032   19.402561    0.048031    8.610571
    0.922886    0.604321    0.829434   -1.091844    0.164235   -50608.102564    22906.675162   43.641418   19.419809    0.048031    8.610571
    0.925373    0.588356    0.852850   -1.094586    0.153317   -50661.537536    22895.657831   43.721678   19.435765    0.048031    8.610571
    0.927861    0.572060    0.876323   -1.097129    0.143334   -50710.221208    22884.838192   43.799767   19.450469    0.048031    8.610571
    0.930348    0.555442    0.899848   -1.099489    0.134204   -50754.575249    22874.205007   43.875641   19.463965    0.048031    8.610571
    0.932836    0.538510    0.923423   -1.101684    0.125852   -50794.981131    22863.746953   43.949257   19.476299    0.048031    8.610571
    0.935323    0.521273    0.947042   -1.103727    0.118208   -50831.783976    22853.452674   44.020574   19.487519    0.048031    8.610571
    0.937811    0.503741    0.970704   -1.105633    0.111210   -50865.296059    22843.310810   44.089551   19.497676    0.048031    8.610571
    0.940299    0.485923    0.994405   -1.107413    0.104803   -50895.800001    22833.310032   44.156150   19.506823    0.048031    8.610571
    0.942786    0.467827    1.018143   -1.109079    0.098935   -50923.551656    22823.439059   44.220331   19.515013    0.048031    8.610571
    0.945274    0.449464    1.041916   -1.110640    0.093561   -50948.782738    22813.686669   44.282060   19.522304    0.048031    8.610571
    0.947761    0.430845    1.065721   -1.112106    0.088639   -50971.703177    22804.041705   44.341299   19.528751    0.048031    8.610571
    0.950249    0.411978    1.089556   -1.113485    0.084131   -50992.503259    22794.493082   44.398016   19.534411    0.048031    8.610571
    0.952736    0.392875    1.113420   -1.114784    0.080004   -51011.355545    22785.029781   44.452178   19.539343    0.048031    8.610571
    0.955224    0.373546    1.137311   -1.116012    0.076227   -51028.416604    22775.640851   44.503753   19.543603    0.048031    8.610571
    0.957711    0.354002    1.161228   -1.117173    0.072772   -51043.828566    22766.315399   44.552713   19.547250    0.048031    8.610571
    0.960199    0.334254    1.185169   -1.118274    0.069615   -51057.720529    22757.042583   44.599029   19.550338    0.048031    8.610571
    0.962687    0.314313    1.209133   -1.119321    0.066733   -51070.209813    22747.811606   44.642673   19.552924    0.048031    8.610571
    0.965174    0.294191    1.233119   -1.120319    0.064104   -51081.403098    22738.611708   44.683622   19.555060    0.048031    8.610571
    0.967662    0.273898    1.257126   -1.121271    0.061712   -51091.397438    22729.432154   44.721851   19.556799    0.048031    8.610571
    0.970149    0.253446    1.281153   -1.122182    0.059539   -51100.281185    22720.262226   44.757338   19.558192    0.048031    8.610571
    0.972637    0.232847    1.305198   -1.123057    0.057569   -51108.134815    22711.091218   44.790063   19.559284    0.048031    8.610571
    0.975124    0.212113    1.329263   -1.123898    0.055788   -51115.031673    22701.908421   44.820006   19.560121    0.048031    8.610571
    0.977612    0.191256    1.353344   -1.124710    0.054184   -51121.038653    22692.703123   44.847150   19.560746    0.048031    8.610571
    0.980100    0.170288    1.377443   -1.125495    0.052745   -51126.216814    22683.464598   44.871480   19.561196    0.048031    8.610571
    0.982587    0.149220    1.401559   -1.126256    0.051456   -51130.621947    22674.182102   44.892981   19.561507    0.048031    8.610571
    0.985075    0.128065    1.425691   -1.126997    0.050306   -51134.305092    22664.844870   44.911641   19.561710    0.048031    8.610571
    0.987562    0.106835    1.449838   -1.127719    0.049275   -51137.313047    22655.442110   44.927448   19.561835    0.048031    8.610571
    0.990050    0.085544    1.474000   -1.128426    0.048331   -51139.688848    22645.963005   44.940394   19.561903    0.048031    8.610571
    0.992537    0.064202    1.498178   -1.129119    0.047388   -51141.472301    22636.396710   44.950471   19.561936    0.048031    8.610571
    0.995025    0.042822    1.522370   -1.129799    0.046087   -51142.700613    22626.732358   44.957673   19.561948    0.048031    8.610571
    0.997512    0.021417    1.546577   -1.130456    0.041717   -51143.409401    22616.959056   44.961996   19.561951    0.048031    8.610571
    1.000000    0.000000    1.570796   -1.130899    0.000000   -51143.635483    22607.065896   44.963437   19.561951    0.048031    8.610571
