           t           r         psi          cs          qs               p             sig           A           V          Q2           S
    0.000000   -0.000000   -1.570796   -1.264605    0.000000        5.547267       -2.940471    0.000000    0.000000    0.132657    6.814491
    0.002488    0.016950   -1.549360   -1.264503   -0.016017        5.547265       -2.940534    0.000903    0.000000    0.132657    6.814491
    0.004975    0.033893   -1.527927   -1.264198   -0.032030        5.547261       -2.940597    0.003610    0.000001    0.132657    6.814491
    0.007463    0.050819   -1.506501   -1.263689   -0.048032        5.547253       -2.940659    0.008122    0.000007    0.132657    6.814491
    0.009950    0.067723   -1.485086   -1.262976   -0.064016        5.547243       -2.940721    0.014435    0.000021    0.132657    6.814491
    0.012438    0.084595   -1.463684   -1.262060   -0.079976        5.547228       -2.940782    0.022547    0.000051    0.132657    6.814491
    0.014925    0.101429   -1.442299   -1.260941   -0.095905        5.547210       -2.940842    0.032454    0.000106    0.132657    6.814491
    0.017413    0.118216   -1.420935   -1.259619   -0.111798        5.547189       -2.940902    0.044152    0.000195    0.132657    6.814491
    0.019900    0.134949   -1.399595   -1.258095   -0.127648        5.547163       -2.940961    0.057634    0.000332    0.132657    6.814491
    0.022388    0.151621   -1.378283   -1.256368   -0.143448        5.547133       -2.941019    0.072896    0.000531    0.132657    6.814491
    0.024876    0.168224   -1.357002   -1.254439   -0.159192        5.547099       -2.941078    0.089930    0.000806    0.132657    6.814491
    0.027363    0.184750   -1.335755   -1.252309   -0.174873        5.547060       -2.941135    0.108728    0.001176    0.132657    6.814491
    0.029851    0.201192   -1.314546   -1.249978   -0.190486        5.547017       -2.941193    0.129282    0.001659    0.132657    6.814491
    0.032338    0.217543   -1.293378   -1.247447   -0.206024        5.546968       -2.941249    0.151582    0.002276    0.132657    6.814491
    0.034826    0.233796   -1.272255   -1.244716   -0.221480        5.546914       -2.941306    0.175619    0.003047    0.132657    6.814491
    0.037313    0.249944   -1.251180   -1.241786   -0.236849        5.546855       -2.941362    0.201382    0.003996    0.132657    6.814491
    0.039801    0.265980   -1.230156   -1.238657   -0.252124        5.546790       -2.941418    0.228858    0.005146    0.132657    6.814491
    0.042289    0.281897   -1.209187   -1.235331   -0.267298        5.546718       -2.941474    0.258036    0.006522    0.132657    6.814491
    0.044776    0.297688   -1.188276   -1.231808   -0.282367        5.546640       -2.941529    0.288903    0.008149    0.132657    6.814491
    0.047264    0.313347   -1.167426   -1.228089   -0.297323        5.546556       -2.941584    0.321444    0.010054    0.132657    6.814491
    0.049751    0.328868   -1.146641   -1.224174   -0.312160        5.546464       -2.941639    0.355647    0.012263    0.132657    6.814491
    0.052239    0.344244   -1.125924   -1.220065   -0.326873        5.546365       -2.941694    0.391494    0.014804    0.132657    6.814491
    0.054726    0.359469   -1.105278   -1.215763   -0.341455        5.546258       -2.941749    0.428971    0.017704    0.132657    6.814491
    0.057214    0.374537   -1.084707   -1.211269   -0.355900        5.546143       -2.941803    0.468062    0.020991    0.132657    6.814491
    0.059701    0.389443   -1.064214   -1.206584   -0.370202        5.546019       -2.941857    0.508749    0.024693    0.132657    6.814491
    0.062189    0.404180   -1.043802   -1.201708   -0.384356        5.545886       -2.941911    0.551015    0.028838    0.132657    6.814491
    0.064677    0.418744   -1.023474   -1.196644   -0.398356        5.545743       -2.941965    0.594841    0.033453    0.132657    6.814491
    0.067164    0.433129   -1.003233   -1.191392   -0.412195        5.545590       -2.942019    0.640209    0.038566    0.132657    6.814491
    0.069652    0.447330   -0.983083   -1.185954   -0.425868        5.545427       -2.942073    0.687099    0.044203    0.132657    6.814491
    0.072139    0.461342   -0.963027   -1.180331   -0.439369        5.545252       -2.942126    0.735491    0.050392    0.132657    6.814491
    0.074627    0.475160   -0.943067   -1.174524   -0.452693        5.545065       -2.942180    0.785366    0.057157    0.132657    6.814491
    0.077114    0.488780   -0.923208   -1.168535   -0.465834        5.544866       -2.942233    0.836702    0.064523    0.132657    6.814491
    0.079602    0.502198   -0.903452   -1.162366   -0.478786        5.544654       -2.942286    0.889478    0.072515    0.132657    6.814491
    0.082090    0.515408   -0.883801   -1.156017   -0.491545        5.544428       -2.942339    0.943672    0.081156    0.132657    6.814491
    0.084577    0.528409   -0.864260   -1.149490   -0.504104        5.544188       -2.942392    0.999262    0.090467    0.132657    6.814491
    0.087065    0.541194   -0.844831   -1.142787   -0.516458        5.543933       -2.942444    1.056225    0.100469    0.132657    6.814491
    0.089552    0.553762   -0.825517   -1.135910   -0.528603        5.543662       -2.942496    1.114539    0.111182    0.132657    6.814491
    0.092040    0.566108   -0.806321   -1.128860   -0.540532        5.543375       -2.942548    1.174179    0.122625    0.132657    6.814491
    0.094527    0.578230   -0.787247   -1.121639   -0.552241        5.543071       -2.942600    1.235122    0.134814    0.132657    6.814491
    0.097015    0.590125   -0.768296   -1.114249   -0.563725        5.542748       -2.942651    1.297345    0.147764    0.132657    6.814491
    0.099502    0.601789   -0.749471   -1.106692   -0.574979        5.542407       -2.942701    1.360822    0.161491    0.132657    6.814491
    0.101990    0.613220   -0.730776   -1.098969   -0.585998        5.542046       -2.942751    1.425529    0.176005    0.132657    6.814491
    0.104478    0.624417   -0.712214   -1.091083   -0.596778        5.541665       -2.942801    1.491441    0.191319    0.132657    6.814491
    0.106965    0.635376   -0.693786   -1.083035   -0.607313        5.541263       -2.942849    1.558532    0.207441    0.132657    6.814491
    0.109453    0.646095   -0.675497   -1.074827   -0.617599        5.540839       -2.942897    1.626779    0.224379    0.132657    6.814491
    0.111940    0.656574   -0.657347   -1.066462   -0.627632        5.540393       -2.942944    1.696154    0.242140    0.132657    6.814491
    0.114428    0.666810   -0.639341   -1.057942   -0.637408        5.539924       -2.942990    1.766633    0.260727    0.132657    6.814491
    0.116915    0.676802   -0.621481   -1.049268   -0.646922        5.539431       -2.943035    1.838188    0.280145    0.132657    6.814491
    0.119403    0.686550   -0.603769   -1.040443   -0.656169        5.538914       -2.943078    1.910795    0.300393    0.132657    6.814491
    0.121891    0.696051   -0.586208   -1.031469   -0.665147        5.538373       -2.943120    1.984427    0.321472    0.132657    6.814491
    0.124378    0.705305   -0.568800   -1.022349   -0.673850        5.537807       -2.943160    2.059058    0.343379    0.132657    6.814491
    0.126866    0.714311   -0.551548   -1.013084   -0.682276        5.537216       -2.943199    2.134661    0.366111    0.132657    6.814491
    0.129353    0.723070   -0.534454   -1.003677   -0.690420        5.536600       -2.943235    2.211211    0.389664    0.132657    6.814491
    0.131841    0.731580   -0.517521   -0.994130   -0.698278        5.535960       -2.943269    2.288680    0.414030    0.132657    6.814491
    0.134328    0.739843   -0.500751   -0.984447   -0.705848        5.535295       -2.943301    2.367042    0.439201    0.132657    6.814491
    0.136816    0.747857   -0.484146   -0.974628   -0.713126        5.534608       -2.943329    2.446271    0.465168    0.132657    6.814491
    0.139303    0.755623   -0.467709   -0.964677   -0.720108        5.533898       -2.943355    2.526341    0.491920    0.132657    6.814491
    0.141791    0.763142   -0.451442   -0.954597   -0.726792        5.533167       -2.943377    2.607224    0.519446    0.132657    6.814491
    0.144279    0.770414   -0.435346   -0.944389   -0.733173        5.532418       -2.943395    2.688895    0.547731    0.132657    6.814491
    0.146766    0.777440   -0.419425   -0.934057   -0.739249        5.531652       -2.943409    2.771328    0.576761    0.132657    6.814491
    0.149254    0.784221   -0.403680   -0.923602   -0.745018        5.530872       -2.943419    2.854495    0.606521    0.132657    6.814491
    0.151741    0.790757   -0.388113   -0.913028   -0.750475        5.530081       -2.943424    2.938372    0.636994    0.132657    6.814491
    0.154229    0.797051   -0.372726   -0.902338   -0.755619        5.529284       -2.943424    3.022933    0.668162    0.132657    6.814491
    0.156716    0.803104   -0.357521   -0.891534   -0.760446        5.528484       -2.943418    3.108150    0.700006    0.132657    6.814491
    0.159204    0.808916   -0.342501   -0.880619   -0.764954        5.527687       -2.943406    3.194000    0.732507    0.132657    6.814491
    0.161692    0.814490   -0.327666   -0.869596   -0.769140        5.526898       -2.943388    3.280456    0.765645    0.132657    6.814491
    0.164179    0.819828   -0.313020   -0.858467   -0.773001        5.526123       -2.943362    3.367493    0.799398    0.132657    6.814491
    0.166667    0.824931   -0.298562   -0.847236   -0.776535        5.525370       -2.943330    3.455086    0.833746    0.132657    6.814491
    0.169154    0.829801   -0.284296   -0.835905   -0.779740        5.524645       -2.943289    3.543210    0.868665    0.132657    6.814491
    0.171642    0.834441   -0.270223   -0.824478   -0.782612        5.523957       -2.943240    3.631841    0.904133    0.132657    6.814491
    0.174129    0.838852   -0.256345   -0.812957   -0.785149        5.523314       -2.943183    3.720954    0.940127    0.132657    6.814491
    0.176617    0.843038   -0.242662   -0.801346   -0.787349        5.522725       -2.943116    3.810524    0.976624    0.132657    6.814491
    0.179104    0.846999   -0.229177   -0.789648   -0.789209        5.522198       -2.943040    3.900528    1.013599    0.132657    6.814491
    0.181592    0.850740   -0.215891   -0.777865   -0.790727        5.521743       -2.942955    3.990943    1.051029    0.132657    6.814491
    0.184080    0.854263   -0.202806   -0.766002   -0.791900        5.521369       -2.942859    4.081744    1.088888    0.132657    6.814491
    0.186567    0.857570   -0.189922   -0.754061   -0.792726        5.521084       -2.942754    4.172909    1.127154    0.132657    6.814491
    0.189055    0.860664   -0.177241   -0.742046   -0.793203        5.520895       -2.942637    4.264415    1.165802    0.132657    6.814491
    0.191542    0.863549   -0.164765   -0.729960   -0.793328        5.520812       -2.942511    4.356239    1.204806    0.132657    6.814491
    0.194030    0.866226   -0.152494   -0.717806   -0.793098        5.520839       -2.942374    4.448359    1.244143    0.132657    6.814491
    0.196517    0.868700   -0.140429   -0.705589   -0.792512        5.520981       -2.942227    4.540754    1.283789    0.132657    6.814491
    0.199005    0.870972   -0.128573   -0.693311   -0.791568        5.521242       -2.942069    4.633401    1.323720    0.132657    6.814491
    0.201493    0.873048   -0.116925   -0.680976   -0.790264        5.521624       -2.941902    4.726280    1.363912    0.132657    6.814491
    0.203980    0.874928   -0.105486   -0.668588   -0.788598        5.522126       -2.941726    4.819369    1.404341    0.132657    6.814491
    0.206468    0.876618   -0.094258   -0.656151   -0.786569        5.522746       -2.941540    4.912649    1.444984    0.132657    6.814491
    0.208955    0.878121   -0.083241   -0.643668   -0.784176        5.523481       -2.941346    5.006098    1.485818    0.132657    6.814491
    0.211443    0.879438   -0.072436   -0.631143   -0.781418        5.524323       -2.941144    5.099698    1.526821    0.132657    6.814491
    0.213930    0.880575   -0.061843   -0.618580   -0.778294        5.525266       -2.940936    5.193429    1.567970    0.132657    6.814491
    0.216418    0.881535   -0.051464   -0.605983   -0.774805        5.526298       -2.940721    5.287271    1.609244    0.132657    6.814491
    0.218905    0.882320   -0.041299   -0.593356   -0.770951        5.527408       -2.940501    5.381206    1.650622    0.132657    6.814491
    0.221393    0.882936   -0.031348   -0.580702   -0.766732        5.528583       -2.940277    5.475215    1.692083    0.132657    6.814491
    0.223881    0.883384   -0.021611   -0.568026   -0.762150        5.529809       -2.940049    5.569281    1.733607    0.132657    6.814491
    0.226368    0.883670   -0.012090   -0.555332   -0.757207        5.531070       -2.939819    5.663386    1.775174    0.132657    6.814491
    0.228856    0.883795   -0.002784   -0.542623   -0.751905        5.532352       -2.939588    5.757514    1.816764    0.132657    6.814491
    0.231343    0.883765    0.006306   -0.529904   -0.746247        5.533638       -2.939356    5.851646    1.858361    0.132657    6.814491
    0.233831    0.883583    0.015181   -0.517179   -0.740237        5.534914       -2.939125    5.945766    1.899945    0.132657    6.814491
    0.236318    0.883252    0.023840   -0.504452   -0.733877        5.536165       -2.938896    6.039860    1.941499    0.132657    6.814491
    0.238806    0.882776    0.032284   -0.491726   -0.727174        5.537376       -2.938669    6.133910    1.983007    0.132657    6.814491
    0.241294    0.882159    0.040511   -0.479006   -0.720130        5.538536       -2.938445    6.227902    2.024453    0.132657    6.814491
    0.243781    0.881404    0.048523   -0.466295   -0.712753        5.539633       -2.938226    6.321821    2.065820    0.132657    6.814491
    0.246269    0.880515    0.056320   -0.453598   -0.705047        5.540656       -2.938012    6.415653    2.107095    0.132657    6.814491
    0.248756    0.879497    0.063902   -0.440919   -0.697019        5.541599       -2.937804    6.509383    2.148262    0.132657    6.814491
    0.251244    0.878352    0.071269   -0.428261   -0.688675        5.542453       -2.937601    6.602997    2.189309    0.132657    6.814491
    0.253731    0.877084    0.078421   -0.415628   -0.680023        5.543214       -2.937405    6.696484    2.230221    0.132657    6.814491
    0.256219    0.875697    0.085360   -0.403024   -0.671070        5.543878       -2.937216    6.789828    2.270988    0.132657    6.814491
    0.258706    0.874195    0.092085   -0.390453   -0.661823        5.544442       -2.937035    6.883019    2.311596    0.132657    6.814491
    0.261194    0.872581    0.098597   -0.377918   -0.652290        5.544907       -2.936862    6.976044    2.352035    0.132657    6.814491
    0.263682    0.870859    0.104898   -0.365423   -0.642480        5.545273       -2.936696    7.068891    2.392295    0.132657    6.814491
    0.266169    0.869032    0.110987   -0.352972   -0.632401        5.545540       -2.936538    7.161549    2.432364    0.132657    6.814491
    0.268657    0.867105    0.116865   -0.340567   -0.622062        5.545711       -2.936388    7.254007    2.472234    0.132657    6.814491
    0.271144    0.865080    0.122533   -0.328214   -0.611472        5.545790       -2.936247    7.346255    2.511896    0.132657    6.814491
    0.273632    0.862962    0.127993   -0.315914   -0.600639        5.545780       -2.936113    7.438282    2.551342    0.132657    6.814491
    0.276119    0.860754    0.133244   -0.303672   -0.589574        5.545686       -2.935988    7.530079    2.590563    0.132657    6.814491
    0.278607    0.858459    0.138288   -0.291491   -0.578285        5.545512       -2.935870    7.621635    2.629552    0.132657    6.814491
    0.281095    0.856082    0.143127   -0.279374   -0.566784        5.545264       -2.935760    7.712943    2.668303    0.132657    6.814491
    0.283582    0.853625    0.147760   -0.267323   -0.555078        5.544946       -2.935657    7.803994    2.706810    0.132657    6.814491
    0.286070    0.851091    0.152190   -0.255344   -0.543180        5.544563       -2.935562    7.894778    2.745066    0.132657    6.814491
    0.288557    0.848486    0.156418   -0.243437   -0.531098        5.544121       -2.935474    7.985289    2.783067    0.132657    6.814491
    0.291045    0.845811    0.160444   -0.231608   -0.518844        5.543625       -2.935393    8.075519    2.820808    0.132657    6.814491
    0.293532    0.843071    0.164270   -0.219858   -0.506428        5.543080       -2.935319    8.165460    2.858284    0.132657    6.814491
    0.296020    0.840268    0.167898   -0.208190   -0.493861        5.542491       -2.935251    8.255107    2.895491    0.132657    6.814491
    0.298507    0.837406    0.171329   -0.196607   -0.481154        5.541862       -2.935189    8.344451    2.932426    0.132657    6.814491
    0.300995    0.834489    0.174564   -0.185113   -0.468319        5.541197       -2.935133    8.433488    2.969086    0.132657    6.814491
    0.303483    0.831519    0.177605   -0.173710   -0.455367        5.540501       -2.935082    8.522211    3.005468    0.132657    6.814491
    0.305970    0.828500    0.180454   -0.162401   -0.442309        5.539777       -2.935037    8.610615    3.041570    0.132657    6.814491
    0.308458    0.825436    0.183112   -0.151187   -0.429158        5.539030       -2.934998    8.698695    3.077389    0.132657    6.814491
    0.310945    0.822328    0.185580   -0.140073   -0.415925        5.538262       -2.934963    8.786446    3.112925    0.132657    6.814491
    0.313433    0.819181    0.187861   -0.129061   -0.402623        5.537476       -2.934932    8.873865    3.148176    0.132657    6.814491
    0.315920    0.815997    0.189956   -0.118152   -0.389265        5.536676       -2.934906    8.960946    3.183141    0.132657    6.814491
    0.318408    0.812781    0.191868   -0.107350   -0.375862        5.535864       -2.934885    9.047686    3.217820    0.132657    6.814491
    0.320896    0.809533    0.193596   -0.096657   -0.362428        5.535042       -2.934867    9.134082    3.252212    0.132657    6.814491
    0.323383    0.806259    0.195145   -0.086076   -0.348975        5.534213       -2.934853    9.220130    3.286316    0.132657    6.814491
    0.325871    0.802960    0.196515   -0.075607   -0.335517        5.533378       -2.934843    9.305829    3.320134    0.132657    6.814491
    0.328358    0.799640    0.197709   -0.065255   -0.322068        5.532539       -2.934836    9.391175    3.353666    0.132657    6.814491
    0.330846    0.796302    0.198728   -0.055021   -0.308640        5.531698       -2.934832    9.476166    3.386912    0.132657    6.814491
    0.333333    0.792948    0.199575   -0.044907   -0.295247        5.530856       -2.934831    9.560801    3.419874    0.132657    6.814491
    0.335821    0.789582    0.200251   -0.034915   -0.281904        5.530015       -2.934833    9.645079    3.452553    0.132657    6.814491
    0.338308    0.786205    0.200760   -0.025047   -0.268623        5.529175       -2.934838    9.728997    3.484950    0.132657    6.814491
    0.340796    0.782822    0.201101   -0.015306   -0.255420        5.528337       -2.934845    9.812555    3.517067    0.132657    6.814491
    0.343284    0.779434    0.201279   -0.005693   -0.242307        5.527503       -2.934855    9.895752    3.548905    0.132657    6.814491
    0.345771    0.776045    0.201295    0.003790   -0.229300        5.526673       -2.934867    9.978588    3.580467    0.132657    6.814491
    0.348259    0.772656    0.201151    0.013142   -0.216413        5.525847       -2.934881   10.061064    3.611755    0.132657    6.814491
    0.350746    0.769272    0.200850    0.022360   -0.203659        5.525027       -2.934897   10.143178    3.642772    0.132657    6.814491
    0.353234    0.765894    0.200394    0.031442   -0.191053        5.524212       -2.934915   10.224933    3.673519    0.132657    6.814491
    0.355721    0.762524    0.199785    0.040388   -0.178610        5.523404       -2.934934   10.306328    3.704000    0.132657    6.814491
    0.358209    0.759166    0.199026    0.049195   -0.166343        5.522602       -2.934956   10.387365    3.734217    0.132657    6.814491
    0.360697    0.755822    0.198118    0.057862   -0.154268        5.521807       -2.934979   10.468045    3.764174    0.132657    6.814491
    0.363184    0.752494    0.197065    0.066388   -0.142397        5.521019       -2.935003   10.548370    3.793873    0.132657    6.814491
    0.365672    0.749185    0.195868    0.074771   -0.130745        5.520238       -2.935029   10.628341    3.823318    0.132657    6.814491
    0.368159    0.745897    0.194531    0.083010   -0.119325        5.519464       -2.935056   10.707961    3.852513    0.132657    6.814491
    0.370647    0.742632    0.193055    0.091103   -0.108153        5.518697       -2.935085   10.787231    3.881460    0.132657    6.814491
    0.373134    0.739393    0.191443    0.099049   -0.097240        5.517938       -2.935115   10.866156    3.910163    0.132657    6.814491
    0.375622    0.736182    0.189697    0.106847   -0.086600        5.517186       -2.935145   10.944737    3.938626    0.132657    6.814491
    0.378109    0.733001    0.187821    0.114496   -0.076246        5.516441       -2.935177   11.022977    3.966853    0.132657    6.814491
    0.380597    0.729852    0.185817    0.121995   -0.066190        5.515704       -2.935210   11.100880    3.994847    0.132657    6.814491
    0.383085    0.726738    0.183686    0.129343   -0.056445        5.514974       -2.935244   11.178450    4.022613    0.132657    6.814491
    0.385572    0.723660    0.181432    0.136539   -0.047023        5.514251       -2.935278   11.255690    4.050155    0.132657    6.814491
    0.388060    0.720621    0.179058    0.143581   -0.037935        5.513535       -2.935314   11.332605    4.077476    0.132657    6.814491
    0.390547    0.717623    0.176565    0.150469   -0.029192        5.512826       -2.935350   11.409197    4.104581    0.132657    6.814491
    0.393035    0.714667    0.173957    0.157203   -0.020804        5.512124       -2.935387   11.485473    4.131475    0.132657    6.814491
    0.395522    0.711755    0.171237    0.163781   -0.012781        5.511429       -2.935424   11.561436    4.158161    0.132657    6.814491
    0.398010    0.708890    0.168406    0.170202   -0.005133        5.510740       -2.935463   11.637092    4.184645    0.132657    6.814491
    0.400498    0.706073    0.165467    0.176467    0.002133        5.510058       -2.935502   11.712445    4.210929    0.132657    6.814491
    0.402985    0.703307    0.162424    0.182574    0.009008        5.509382       -2.935541   11.787500    4.237020    0.132657    6.814491
    0.405473    0.700592    0.159278    0.188522    0.015484        5.508712       -2.935581   11.862264    4.262921    0.132657    6.814491
    0.407960    0.697930    0.156033    0.194312    0.021556        5.508048       -2.935622   11.936741    4.288637    0.132657    6.814491
    0.410448    0.695324    0.152691    0.199943    0.027218        5.507390       -2.935663   12.010938    4.314174    0.132657    6.814491
    0.412935    0.692774    0.149255    0.205414    0.032465        5.506738       -2.935704   12.084860    4.339534    0.132657    6.814491
    0.415423    0.690283    0.145728    0.210724    0.037293        5.506091       -2.935746   12.158513    4.364725    0.132657    6.814491
    0.417910    0.687851    0.142112    0.215875    0.041699        5.505449       -2.935788   12.231905    4.389749    0.132657    6.814491
    0.420398    0.685481    0.138410    0.220864    0.045682        5.504812       -2.935831   12.305041    4.414612    0.132657    6.814491
    0.422886    0.683174    0.134625    0.225692    0.049238        5.504180       -2.935874   12.377927    4.439319    0.132657    6.814491
    0.425373    0.680931    0.130760    0.230359    0.052370        5.503553       -2.935917   12.450572    4.463874    0.132657    6.814491
    0.427861    0.678754    0.126816    0.234865    0.055077        5.502931       -2.935961   12.522980    4.488284    0.132657    6.814491
    0.430348    0.676644    0.122798    0.239208    0.057362        5.502313       -2.936005   12.595161    4.512552    0.132657    6.814491
    0.432836    0.674602    0.118707    0.243390    0.059226        5.501699       -2.936049   12.667121    4.536683    0.132657    6.814491
    0.435323    0.672629    0.114547    0.247409    0.060675        5.501090       -2.936094   12.738866    4.560683    0.132657    6.814491
    0.437811    0.670727    0.110320    0.251267    0.061714        5.500484       -2.936138   12.810405    4.584557    0.132657    6.814491
    0.440299    0.668897    0.106029    0.254962    0.062348        5.499882       -2.936183   12.881746    4.608309    0.132657    6.814491
    0.442786    0.667140    0.101677    0.258495    0.062585        5.499283       -2.936229   12.952895    4.631946    0.132657    6.814491
    0.445274    0.665456    0.097267    0.261865    0.062433        5.498688       -2.936274   13.023862    4.655471    0.132657    6.814491
    0.447761    0.663847    0.092800    0.265073    0.061901        5.498096       -2.936320   13.094653    4.678890    0.132657    6.814491
    0.450249    0.662315    0.088281    0.268119    0.061000        5.497507       -2.936365   13.165276    4.702209    0.132657    6.814491
    0.452736    0.660859    0.083711    0.271003    0.059742        5.496921       -2.936411   13.235740    4.725431    0.132657    6.814491
    0.455224    0.659480    0.079094    0.273724    0.058139        5.496337       -2.936457   13.306054    4.748564    0.132657    6.814491
    0.457711    0.658180    0.074432    0.276284    0.056204        5.495756       -2.936504   13.376225    4.771611    0.132657    6.814491
    0.460199    0.656959    0.069728    0.278681    0.053953        5.495178       -2.936550   13.446261    4.794578    0.132657    6.814491
    0.462687    0.655818    0.064985    0.280916    0.051400        5.494601       -2.936597   13.516172    4.817470    0.132657    6.814491
    0.465174    0.654758    0.060205    0.282990    0.048561        5.494027       -2.936643   13.585966    4.840292    0.132657    6.814491
    0.467662    0.653779    0.055391    0.284901    0.045455        5.493455       -2.936690   13.655650    4.863050    0.132657    6.814491
    0.470149    0.652881    0.050547    0.286651    0.042100        5.492884       -2.936737   13.725235    4.885749    0.132657    6.814491
    0.472637    0.652066    0.045674    0.288239    0.038513        5.492315       -2.936783   13.794729    4.908394    0.132657    6.814491
    0.475124    0.651333    0.040776    0.289666    0.034715        5.491747       -2.936830   13.864140    4.930990    0.132657    6.814491
    0.477612    0.650684    0.035854    0.290932    0.030725        5.491181       -2.936877   13.933478    4.953543    0.132657    6.814491
    0.480100    0.650118    0.030913    0.292037    0.026566        5.490615       -2.936924   14.002751    4.976058    0.132657    6.814491
    0.482587    0.649636    0.025954    0.292980    0.022257        5.490051       -2.936972   14.071968    4.998540    0.132657    6.814491
    0.485075    0.649238    0.020981    0.293763    0.017821        5.489487       -2.937019   14.141139    5.020994    0.132657    6.814491
    0.487562    0.648925    0.015996    0.294385    0.013280        5.488925       -2.937066   14.210271    5.043426    0.132657    6.814491
    0.490050    0.648696    0.011001    0.294847    0.008656        5.488362       -2.937113   14.279375    5.065842    0.132657    6.814491
    0.492537    0.648552    0.006001    0.295148    0.003973        5.487800       -2.937160   14.348458    5.088245    0.132657    6.814491
    0.495025    0.648493    0.000996    0.295288   -0.000747        5.487238       -2.937207   14.417531    5.110642    0.132657    6.814491
    0.497512    0.648518   -0.004010    0.295269   -0.005481        5.486676       -2.937255   14.486602    5.133039    0.132657    6.814491
    0.500000    0.648629   -0.009014    0.295089   -0.010206        5.486114       -2.937302   14.555680    5.155439    0.132657    6.814491
    0.502488    0.648824   -0.014013    0.294749   -0.014898        5.485552       -2.937349   14.624775    5.177849    0.132657    6.814491
    0.504975    0.649104   -0.019006    0.294250   -0.019535        5.484989       -2.937396   14.693895    5.200274    0.132657    6.814491
    0.507463    0.649468   -0.023988    0.293591   -0.024094        5.484426       -2.937443   14.763049    5.222719    0.132657    6.814491
    0.509950    0.649917   -0.028958    0.292772   -0.028553        5.483862       -2.937491   14.832247    5.245189    0.132657    6.814491
    0.512438    0.650450   -0.033913    0.291793   -0.032889        5.483297       -2.937538   14.901496    5.267690    0.132657    6.814491
    0.514925    0.651066   -0.038850    0.290656   -0.037082        5.482731       -2.937585   14.970807    5.290227    0.132657    6.814491
    0.517413    0.651766   -0.043766    0.289359   -0.041109        5.482164       -2.937632   15.040189    5.312806    0.132657    6.814491
    0.519900    0.652549   -0.048659    0.287902   -0.044950        5.481595       -2.937679   15.109649    5.335431    0.132657    6.814491
    0.522388    0.653415   -0.053526    0.286287   -0.048585        5.481025       -2.937725   15.179197    5.358108    0.132657    6.814491
    0.524876    0.654363   -0.058364    0.284513   -0.051996        5.480453       -2.937772   15.248841    5.380842    0.132657    6.814491
    0.527363    0.655393   -0.063171    0.282579   -0.055162        5.479880       -2.937819   15.318591    5.403638    0.132657    6.814491
    0.529851    0.656503   -0.067944    0.280487   -0.058067        5.479304       -2.937865   15.388455    5.426502    0.132657    6.814491
    0.532338    0.657694   -0.072679    0.278237   -0.060694        5.478727       -2.937912   15.458441    5.449439    0.132657    6.814491
    0.534826    0.658965   -0.077376    0.275827   -0.063026        5.478147       -2.937958   15.528558    5.472454    0.132657    6.814491
    0.537313    0.660315   -0.082030    0.273259   -0.065048        5.477564       -2.938004   15.598815    5.495553    0.132657    6.814491
    0.539801    0.661743   -0.086639    0.270533   -0.066746        5.476979       -2.938050   15.669220    5.518739    0.132657    6.814491
    0.542289    0.663248   -0.091201    0.267649   -0.068107        5.476391       -2.938096   15.739782    5.542020    0.132657    6.814491
    0.544776    0.664830   -0.095712    0.264606   -0.069119        5.475800       -2.938142   15.810507    5.565400    0.132657    6.814491
    0.547264    0.666488   -0.100171    0.261406   -0.069771        5.475206       -2.938187   15.881405    5.588883    0.132657    6.814491
    0.549751    0.668220   -0.104574    0.258048   -0.070051        5.474609       -2.938232   15.952484    5.612476    0.132657    6.814491
    0.552239    0.670026   -0.108919    0.254532   -0.069952        5.474008       -2.938277   16.023751    5.636183    0.132657    6.814491
    0.554726    0.671905   -0.113202    0.250859   -0.069465        5.473404       -2.938322   16.095214    5.660010    0.132657    6.814491
    0.557214    0.673855   -0.117423    0.247029   -0.068583        5.472796       -2.938367   16.166882    5.683962    0.132657    6.814491
    0.559701    0.675876   -0.121577    0.243041   -0.067301        5.472183       -2.938411   16.238761    5.708043    0.132657    6.814491
    0.562189    0.677967   -0.125662    0.238898   -0.065614        5.471567       -2.938455   16.310858    5.732259    0.132657    6.814491
    0.564677    0.680125   -0.129675    0.234597   -0.063518        5.470946       -2.938499   16.383182    5.756614    0.132657    6.814491
    0.567164    0.682350   -0.133614    0.230141   -0.061010        5.470321       -2.938543   16.455740    5.781115    0.132657    6.814491
    0.569652    0.684641   -0.137477    0.225529   -0.058089        5.469691       -2.938586   16.528538    5.805765    0.132657    6.814491
    0.572139    0.686996   -0.141259    0.220761   -0.054755        5.469056       -2.938628   16.601583    5.830570    0.132657    6.814491
    0.574627    0.689414   -0.144960    0.215839   -0.051007        5.468416       -2.938671   16.674883    5.855534    0.132657    6.814491
    0.577114    0.691893   -0.148576    0.210762   -0.046847        5.467771       -2.938713   16.748444    5.880663    0.132657    6.814491
    0.579602    0.694432   -0.152105    0.205530   -0.042278        5.467121       -2.938755   16.822271    5.905962    0.132657    6.814491
    0.582090    0.697029   -0.155543    0.200145   -0.037302        5.466465       -2.938796   16.896372    5.931434    0.132657    6.814491
    0.584577    0.699684   -0.158889    0.194607   -0.031925        5.465803       -2.938836   16.970753    5.957086    0.132657    6.814491
    0.587065    0.702393   -0.162140    0.188917   -0.026150        5.465135       -2.938877   17.045420    5.982921    0.132657    6.814491
    0.589552    0.705156   -0.165293    0.183074   -0.019984        5.464461       -2.938916   17.120378    6.008945    0.132657    6.814491
    0.592040    0.707971   -0.168346    0.177080   -0.013433        5.463781       -2.938955   17.195633    6.035162    0.132657    6.814491
    0.594527    0.710836   -0.171296    0.170936   -0.006506        5.463095       -2.938994   17.271191    6.061577    0.132657    6.814491
    0.597015    0.713749   -0.174140    0.164642    0.000791        5.462402       -2.939032   17.347056    6.088194    0.132657    6.814491
    0.599502    0.716709   -0.176877    0.158198    0.008449        5.461702       -2.939069   17.423234    6.115018    0.132657    6.814491
    0.601990    0.719714   -0.179503    0.151607    0.016458        5.460995       -2.939105   17.499730    6.142053    0.132657    6.814491
    0.604478    0.722762   -0.182016    0.144868    0.024807        5.460282       -2.939141   17.576548    6.169303    0.132657    6.814491
    0.606965    0.725850   -0.184414    0.137982    0.033488        5.459561       -2.939176   17.653693    6.196774    0.132657    6.814491
    0.609453    0.728978   -0.186693    0.130951    0.042488        5.458833       -2.939210   17.731169    6.224469    0.132657    6.814491
    0.611940    0.732143   -0.188852    0.123776    0.051796        5.458098       -2.939243   17.808980    6.252392    0.132657    6.814491
    0.614428    0.735342   -0.190889    0.116457    0.061401        5.457356       -2.939275   17.887130    6.280547    0.132657    6.814491
    0.616915    0.738574   -0.192800    0.108996    0.071290        5.456606       -2.939306   17.965623    6.308939    0.132657    6.814491
    0.619403    0.741837   -0.194583    0.101394    0.081450        5.455849       -2.939336   18.044461    6.337572    0.132657    6.814491
    0.621891    0.745129   -0.196237    0.093652    0.091869        5.455084       -2.939365   18.123649    6.366449    0.132657    6.814491
    0.624378    0.748447   -0.197758    0.085771    0.102533        5.454312       -2.939392   18.203188    6.395574    0.132657    6.814491
    0.626866    0.751789   -0.199144    0.077754    0.113429        5.453533       -2.939418   18.283082    6.424951    0.132657    6.814491
    0.629353    0.755153   -0.200393    0.069600    0.124543        5.452746       -2.939443   18.363334    6.454583    0.132657    6.814491
    0.631841    0.758537   -0.201503    0.061312    0.135862        5.451953       -2.939466   18.443945    6.484474    0.132657    6.814491
    0.634328    0.761938   -0.202471    0.052892    0.147372        5.451153       -2.939488   18.524917    6.514627    0.132657    6.814491
    0.636816    0.765354   -0.203295    0.044340    0.159058        5.450346       -2.939508   18.606252    6.545046    0.132657    6.814491
    0.639303    0.768782   -0.203973    0.035659    0.170906        5.449533       -2.939526   18.687952    6.575733    0.132657    6.814491
    0.641791    0.772220   -0.204503    0.026849    0.182903        5.448714       -2.939543   18.770017    6.606692    0.132657    6.814491
    0.644279    0.775666   -0.204883    0.017914    0.195034        5.447890       -2.939557   18.852449    6.637925    0.132657    6.814491
    0.646766    0.779117   -0.205110    0.008854    0.207285        5.447061       -2.939569   18.935249    6.669434    0.132657    6.814491
    0.649254    0.782570   -0.205182   -0.000329    0.219642        5.446228       -2.939579   19.018416    6.701224    0.132657    6.814491
    0.651741    0.786024   -0.205098   -0.009632    0.232091        5.445391       -2.939586   19.101950    6.733295    0.132657    6.814491
    0.654229    0.789474   -0.204855   -0.019054    0.244618        5.444552       -2.939591   19.185853    6.765650    0.132657    6.814491
    0.656716    0.792920   -0.204451   -0.028592    0.257210        5.443711       -2.939593   19.270123    6.798291    0.132657    6.814491
    0.659204    0.796357   -0.203885   -0.038245    0.269852        5.442870       -2.939593   19.354759    6.831221    0.132657    6.814491
    0.661692    0.799783   -0.203154   -0.048010    0.282531        5.442030       -2.939589   19.439761    6.864439    0.132657    6.814491
    0.664179    0.803196   -0.202257   -0.057886    0.295234        5.441192       -2.939581   19.525127    6.897949    0.132657    6.814491
    0.666667    0.806593   -0.201191   -0.067870    0.307947        5.440359       -2.939571   19.610856    6.931751    0.132657    6.814491
    0.669154    0.809970   -0.199955   -0.077959    0.320658        5.439531       -2.939556   19.696946    6.965846    0.132657    6.814491
    0.671642    0.813326   -0.198547   -0.088152    0.333354        5.438712       -2.939538   19.783394    7.000234    0.132657    6.814491
    0.674129    0.816656   -0.196966   -0.098446    0.346023        5.437903       -2.939516   19.870198    7.034917    0.132657    6.814491
    0.676617    0.819959   -0.195209   -0.108838    0.358651        5.437107       -2.939489   19.957356    7.069895    0.132657    6.814491
    0.679104    0.823232   -0.193276   -0.119327    0.371228        5.436327       -2.939457   20.044864    7.105167    0.132657    6.814491
    0.681592    0.826470   -0.191163   -0.129909    0.383741        5.435566       -2.939421   20.132718    7.140733    0.132657    6.814491
    0.684080    0.829672   -0.188871   -0.140582    0.396180        5.434828       -2.939379   20.220916    7.176593    0.132657    6.814491
    0.686567    0.832835   -0.186397   -0.151344    0.408533        5.434117       -2.939332   20.309452    7.212745    0.132657    6.814491
    0.689055    0.835954   -0.183739   -0.162191    0.420789        5.433437       -2.939279   20.398323    7.249189    0.132657    6.814491
    0.691542    0.839028   -0.180897   -0.173122    0.432938        5.432791       -2.939220   20.487524    7.285922    0.132657    6.814491
    0.694030    0.842053   -0.177869   -0.184133    0.444970        5.432187       -2.939154   20.577050    7.322944    0.132657    6.814491
    0.696517    0.845025   -0.174654   -0.195222    0.456875        5.431628       -2.939082   20.666895    7.360251    0.132657    6.814491
    0.699005    0.847943   -0.171250   -0.206385    0.468645        5.431121       -2.939002   20.757054    7.397841    0.132657    6.814491
    0.701493    0.850802   -0.167657   -0.217621    0.480269        5.430671       -2.938915   20.847521    7.435710    0.132657    6.814491
    0.703980    0.853599   -0.163872   -0.228926    0.491739        5.430286       -2.938821   20.938288    7.473857    0.132657    6.814491
    0.706468    0.856332   -0.159895   -0.240297    0.503048        5.429971       -2.938718   21.029351    7.512275    0.132657    6.814491
    0.708955    0.858996   -0.155725   -0.251732    0.514186        5.429736       -2.938607   21.120700    7.550962    0.132657    6.814491
    0.711443    0.861589   -0.151360   -0.263227    0.525148        5.429586       -2.938487   21.212330    7.589913    0.132657    6.814491
    0.713930    0.864107   -0.146800   -0.274781    0.535926        5.429529       -2.938358   21.304232    7.629122    0.132657    6.814491
    0.716418    0.866547   -0.142044   -0.286389    0.546513        5.429575       -2.938219   21.396398    7.668584    0.132657    6.814491
    0.718905    0.868905   -0.137091   -0.298049    0.556903        5.429729       -2.938071   21.488820    7.708293    0.132657    6.814491
    0.721393    0.871179   -0.131939   -0.309759    0.567090        5.430000       -2.937912   21.581488    7.748241    0.132657    6.814491
    0.723881    0.873364   -0.126589   -0.321514    0.577069        5.430397       -2.937744   21.674394    7.788423    0.132657    6.814491
    0.726368    0.875458   -0.121039   -0.333313    0.586836        5.430925       -2.937565   21.767527    7.828830    0.132657    6.814491
    0.728856    0.877457   -0.115288   -0.345152    0.596384        5.431591       -2.937376   21.860879    7.869455    0.132657    6.814491
    0.731343    0.879357   -0.109337   -0.357029    0.605711        5.432402       -2.937177   21.954438    7.910288    0.132657    6.814491
    0.733831    0.881155   -0.103184   -0.368940    0.614811        5.433361       -2.936967   22.048195    7.951320    0.132657    6.814491
    0.736318    0.882848   -0.096828   -0.380883    0.623682        5.434473       -2.936746   22.142137    7.992542    0.132657    6.814491
    0.738806    0.884431   -0.090270   -0.392855    0.632321        5.435741       -2.936516   22.236254    8.033943    0.132657    6.814491
    0.741294    0.885903   -0.083509   -0.404854    0.640723        5.437163       -2.936275   22.330533    8.075512    0.132657    6.814491
    0.743781    0.887258   -0.076545   -0.416875    0.648887        5.438739       -2.936024   22.424963    8.117239    0.132657    6.814491
    0.746269    0.888494   -0.069376   -0.428917    0.656810        5.440465       -2.935765   22.519531    8.159110    0.132657    6.814491
    0.748756    0.889607   -0.062003   -0.440977    0.664489        5.442336       -2.935496   22.614224    8.201113    0.132657    6.814491
    0.751244    0.890594   -0.054425   -0.453053    0.671923        5.444342       -2.935220   22.709029    8.243235    0.132657    6.814491
    0.753731    0.891450   -0.046643   -0.465140    0.679107        5.446473       -2.934937   22.803933    8.285461    0.132657    6.814491
    0.756219    0.892173   -0.038656   -0.477238    0.686042        5.448715       -2.934647   22.898920    8.327779    0.132657    6.814491
    0.758706    0.892759   -0.030463   -0.489342    0.692723        5.451053       -2.934352   22.993977    8.370172    0.132657    6.814491
    0.761194    0.893205   -0.022066   -0.501451    0.699150        5.453469       -2.934052   23.089089    8.412624    0.132657    6.814491
    0.763682    0.893506   -0.013463   -0.513562    0.705318        5.455942       -2.933749   23.184241    8.455120    0.132657    6.814491
    0.766169    0.893660   -0.004654   -0.525672    0.711226        5.458450       -2.933444   23.279417    8.497643    0.132657    6.814491
    0.768657    0.893663    0.004359   -0.537778    0.716870        5.460971       -2.933139   23.374602    8.540174    0.132657    6.814491
    0.771144    0.893511    0.013578   -0.549879    0.722248        5.463480       -2.932834   23.469779    8.582697    0.132657    6.814491
    0.773632    0.893201    0.023002   -0.561971    0.727356        5.465954       -2.932531   23.564931    8.625193    0.132657    6.814491
    0.776119    0.892730    0.032630   -0.574051    0.732191        5.468367       -2.932232   23.660041    8.667643    0.132657    6.814491
    0.778607    0.892094    0.042464   -0.586117    0.736748        5.470697       -2.931937   23.755093    8.710026    0.132657    6.814491
    0.781095    0.891290    0.052501   -0.598167    0.741024        5.472923       -2.931648   23.850068    8.752323    0.132657    6.814491
    0.783582    0.890314    0.062743   -0.610197    0.745015        5.475023       -2.931366   23.944948    8.794513    0.132657    6.814491
    0.786070    0.889163    0.073189   -0.622204    0.748715        5.476981       -2.931093   24.039715    8.836575    0.132657    6.814491
    0.788557    0.887834    0.083838   -0.634187    0.752122        5.478782       -2.930829   24.134350    8.878488    0.132657    6.814491
    0.791045    0.886323    0.094689   -0.646142    0.755230        5.480414       -2.930575   24.228833    8.920228    0.132657    6.814491
    0.793532    0.884627    0.105743   -0.658065    0.758035        5.481868       -2.930332   24.323146    8.961775    0.132657    6.814491
    0.796020    0.882743    0.116999   -0.669955    0.760532        5.483138       -2.930101   24.417269    9.003106    0.132657    6.814491
    0.798507    0.880669    0.128457   -0.681808    0.762716        5.484222       -2.929882   24.511180    9.044196    0.132657    6.814491
    0.800995    0.878399    0.140115   -0.693621    0.764585        5.485120       -2.929676   24.604860    9.085023    0.132657    6.814491
    0.803483    0.875933    0.151972   -0.705391    0.766133        5.485836       -2.929483   24.698288    9.125564    0.132657    6.814491
    0.805970    0.873266    0.164029   -0.717115    0.767357        5.486374       -2.929304   24.791443    9.165794    0.132657    6.814491
    0.808458    0.870396    0.176284   -0.728790    0.768254        5.486743       -2.929137   24.884303    9.205689    0.132657    6.814491
    0.810945    0.867319    0.188737   -0.740412    0.768820        5.486953       -2.928984   24.976846    9.245225    0.132657    6.814491
    0.813433    0.864034    0.201386   -0.751978    0.769052        5.487013       -2.928844   25.069050    9.284379    0.132657    6.814491
    0.815920    0.860537    0.214231   -0.763486    0.768948        5.486937       -2.928717   25.160894    9.323125    0.132657    6.814491
    0.818408    0.856825    0.227270   -0.774931    0.768505        5.486737       -2.928602   25.252353    9.361440    0.132657    6.814491
    0.820896    0.852897    0.240503   -0.786311    0.767723        5.486425       -2.928500   25.343406    9.399300    0.132657    6.814491
    0.823383    0.848749    0.253928   -0.797621    0.766600        5.486015       -2.928409   25.434028    9.436681    0.132657    6.814491
    0.825871    0.844380    0.267544   -0.808860    0.765135        5.485520       -2.928329   25.524197    9.473558    0.132657    6.814491
    0.828358    0.839786    0.281350   -0.820022    0.763327        5.484951       -2.928260   25.613889    9.509910    0.132657    6.814491
    0.830846    0.834966    0.295345   -0.831106    0.761176        5.484321       -2.928201   25.703079    9.545712    0.132657    6.814491
    0.833333    0.829917    0.309527   -0.842108    0.758682        5.483641       -2.928152   25.791744    9.580942    0.132657    6.814491
    0.835821    0.824638    0.323894   -0.853025    0.755847        5.482922       -2.928111   25.879858    9.615578    0.132657    6.814491
    0.838308    0.819126    0.338446   -0.863852    0.752670        5.482172       -2.928079   25.967398    9.649598    0.132657    6.814491
    0.840796    0.813381    0.353181   -0.874587    0.749154        5.481401       -2.928055   26.054339    9.682981    0.132657    6.814491
    0.843284    0.807399    0.368097   -0.885228    0.745298        5.480616       -2.928038   26.140655    9.715707    0.132657    6.814491
    0.845771    0.801181    0.383192   -0.895769    0.741107        5.479824       -2.928028   26.226321    9.747757    0.132657    6.814491
    0.848259    0.794723    0.398466   -0.906209    0.736581        5.479031       -2.928024   26.311313    9.779110    0.132657    6.814491
    0.850746    0.788026    0.413915   -0.916544    0.731722        5.478242       -2.928026   26.395604    9.809750    0.132657    6.814491
    0.853234    0.781087    0.429538   -0.926771    0.726534        5.477462       -2.928033   26.479168    9.839660    0.132657    6.814491
    0.855721    0.773906    0.445334   -0.936887    0.721019        5.476695       -2.928046   26.561981    9.868823    0.132657    6.814491
    0.858209    0.766483    0.461301   -0.946889    0.715180        5.475944       -2.928062   26.644016    9.897225    0.132657    6.814491
    0.860697    0.758816    0.477436   -0.956774    0.709020        5.475211       -2.928083   26.725247    9.924852    0.132657    6.814491
    0.863184    0.750904    0.493738   -0.966539    0.702543        5.474498       -2.928107   26.805649    9.951691    0.132657    6.814491
    0.865672    0.742748    0.510204   -0.976181    0.695751        5.473808       -2.928134   26.885195    9.977732    0.132657    6.814491
    0.868159    0.734347    0.526833   -0.985697    0.688650        5.473141       -2.928165   26.963859   10.002963    0.132657    6.814491
    0.870647    0.725702    0.543621   -0.995084    0.681242        5.472499       -2.928198   27.041616   10.027378    0.132657    6.814491
    0.873134    0.716812    0.560568   -1.004340    0.673532        5.471881       -2.928233   27.118439   10.050967    0.132657    6.814491
    0.875622    0.707677    0.577671   -1.013461    0.665523        5.471289       -2.928271   27.194301   10.073727    0.132657    6.814491
    0.878109    0.698298    0.594927   -1.022446    0.657220        5.470721       -2.928311   27.269178   10.095652    0.132657    6.814491
    0.880597    0.688676    0.612334   -1.031291    0.648627        5.470179       -2.928353   27.343043   10.116739    0.132657    6.814491
    0.883085    0.678812    0.629890   -1.039995    0.639749        5.469661       -2.928396   27.415870   10.136988    0.132657    6.814491
    0.885572    0.668706    0.647592   -1.048554    0.630591        5.469168       -2.928440   27.487634   10.156399    0.132657    6.814491
    0.888060    0.658360    0.665438   -1.056965    0.621156        5.468699       -2.928486   27.558309   10.174974    0.132657    6.814491
    0.890547    0.647775    0.683425   -1.065228    0.611450        5.468253       -2.928533   27.627868   10.192716    0.132657    6.814491
    0.893035    0.636952    0.701551   -1.073338    0.601477        5.467829       -2.928580   27.696288   10.209631    0.132657    6.814491
    0.895522    0.625894    0.719814   -1.081295    0.591243        5.467428       -2.928629   27.763543   10.225725    0.132657    6.814491
    0.898010    0.614603    0.738209   -1.089095    0.580752        5.467047       -2.928678   27.829607   10.241008    0.132657    6.814491
    0.900498    0.603080    0.756736   -1.096736    0.570010        5.466687       -2.928728   27.894456   10.255488    0.132657    6.814491
    0.902985    0.591327    0.775391   -1.104217    0.559022        5.466347       -2.928779   27.958066   10.269177    0.132657    6.814491
    0.905473    0.579348    0.794171   -1.111535    0.547793        5.466026       -2.928830   28.020412   10.282089    0.132657    6.814491
    0.907960    0.567146    0.813074   -1.118688    0.536328        5.465722       -2.928881   28.081470   10.294238    0.132657    6.814491
    0.910448    0.554722    0.832097   -1.125674    0.524633        5.465436       -2.928933   28.141216   10.305640    0.132657    6.814491
    0.912935    0.542081    0.851237   -1.132491    0.512713        5.465166       -2.928985   28.199628   10.316312    0.132657    6.814491
    0.915423    0.529225    0.870491   -1.139138    0.500574        5.464913       -2.929038   28.256682   10.326274    0.132657    6.814491
    0.917910    0.516158    0.889856   -1.145612    0.488221        5.464674       -2.929090   28.312355   10.335544    0.132657    6.814491
    0.920398    0.502884    0.909330   -1.151912    0.475661        5.464449       -2.929143   28.366626   10.344144    0.132657    6.814491
    0.922886    0.489407    0.928909   -1.158035    0.462898        5.464238       -2.929196   28.419472   10.352097    0.132657    6.814491
    0.925373    0.475731    0.948590   -1.163981    0.449939        5.464041       -2.929250   28.470872   10.359426    0.132657    6.814491
    0.927861    0.461859    0.968370   -1.169748    0.436789        5.463855       -2.929303   28.520804   10.366155    0.132657    6.814491
    0.930348    0.447797    0.988246   -1.175334    0.423454        5.463682       -2.929357   28.569249   10.372309    0.132657    6.814491
    0.932836    0.433550    1.008216   -1.180738    0.409940        5.463519       -2.929410   28.616187   10.377913    0.132657    6.814491
    0.935323    0.419121    1.028276   -1.185958    0.396254        5.463367       -2.929464   28.661597   10.382996    0.132657    6.814491
    0.937811    0.404517    1.048423   -1.190992    0.382400        5.463225       -2.929518   28.705461   10.387582    0.132657    6.814491
    0.940299    0.389741    1.068653   -1.195840    0.368385        5.463093       -2.929572   28.747760   10.391701    0.132657    6.814491
    0.942786    0.374801    1.088964   -1.200500    0.354216        5.462970       -2.929626   28.788477   10.395378    0.132657    6.814491
    0.945274    0.359700    1.109352   -1.204971    0.339898        5.462856       -2.929681   28.827594   10.398643    0.132657    6.814491
    0.947761    0.344446    1.129815   -1.209251    0.325437        5.462750       -2.929735   28.865095   10.401523    0.132657    6.814491
    0.950249    0.329043    1.150348   -1.213341    0.310840        5.462651       -2.929790   28.900962   10.404046    0.132657    6.814491
    0.952736    0.313498    1.170950   -1.217237    0.296113        5.462560       -2.929845   28.935182   10.406239    0.132657    6.814491
    0.955224    0.297816    1.191615   -1.220940    0.281262        5.462477       -2.929900   28.967738   10.408130    0.132657    6.814491
    0.957711    0.282005    1.212342   -1.224449    0.266293        5.462399       -2.929956   28.998618   10.409745    0.132657    6.814491
    0.960199    0.266070    1.233127   -1.227762    0.251212        5.462329       -2.930011   29.027806   10.411110    0.132657    6.814491
    0.962687    0.250019    1.253966   -1.230878    0.236027        5.462264       -2.930067   29.055291   10.412251    0.132657    6.814491
    0.965174    0.233857    1.274856   -1.233798    0.220743        5.462205       -2.930123   29.081061   10.413192    0.132657    6.814491
    0.967662    0.217592    1.295794   -1.236519    0.205367        5.462152       -2.930180   29.105103   10.413958    0.132657    6.814491
    0.970149    0.201230    1.316776   -1.239042    0.189905        5.462103       -2.930237   29.127408   10.414569    0.132657    6.814491
    0.972637    0.184779    1.337800   -1.241366    0.174363        5.462060       -2.930294   29.147966   10.415048    0.132657    6.814491
    0.975124    0.168246    1.358861   -1.243489    0.158748        5.462022       -2.930352   29.166767   10.415415    0.132657    6.814491
    0.977612    0.151637    1.379957   -1.245412    0.143066        5.461988       -2.930410   29.183803   10.415689    0.132657    6.814491
    0.980100    0.134961    1.401083   -1.247134    0.127325        5.461958       -2.930469   29.199066   10.415885    0.132657    6.814491
    0.982587    0.118224    1.422237   -1.248655    0.111529        5.461933       -2.930528   29.212550   10.416021    0.132657    6.814491
    0.985075    0.101434    1.443415   -1.249974    0.095686        5.461911       -2.930587   29.224248   10.416110    0.132657    6.814491
    0.987562    0.084598    1.464614   -1.251090    0.079803        5.461894       -2.930648   29.234155   10.416164    0.132657    6.814491
    0.990050    0.067724    1.485830   -1.252004    0.063885        5.461879       -2.930708   29.242268   10.416194    0.132657    6.814491
    0.992537    0.050820    1.507059   -1.252715    0.047939        5.461869       -2.930770   29.248581   10.416208    0.132657    6.814491
    0.995025    0.033893    1.528299   -1.253223    0.031972        5.461861       -2.930832   29.253092   10.416213    0.132657    6.814491
    0.997512    0.016950    1.549546   -1.253528    0.015990        5.461857       -2.930895   29.255800   10.416215    0.132657    6.814491
    1.000000   -0.000000    1.570796   -1.253630    0.000000        5.461855       -2.930959   29.256703   10.416215    0.132657    6.814491
