           t           r         psi          cs          qs               p             sig           A           V          Q2           S
    0.000000    0.000000   -1.570796   -1.023044    0.000000       34.556102      -11.439801    0.000000   -0.000000    0.198066    7.093151
    0.002488    0.017644   -1.552741   -1.023691    0.097661       34.554970      -11.494179    0.000978    0.000000    0.198066    7.093151
    0.004975    0.035282   -1.534663   -1.025620    0.193748       34.551461      -11.547746    0.003912    0.000001    0.198066    7.093151
    0.007463    0.052908   -1.516540   -1.028805    0.288003       34.545443      -11.600529    0.008801    0.000006    0.198066    7.093151
    0.009950    0.070517   -1.498350   -1.033220    0.380168       34.536788      -11.652556    0.015643    0.000020    0.198066    7.093151
    0.012438    0.088103   -1.480072   -1.038834    0.469983       34.525364      -11.703852    0.024435    0.000049    0.198066    7.093151
    0.014925    0.105659   -1.461684   -1.045610    0.557190       34.511031      -11.754438    0.035176    0.000101    0.198066    7.093151
    0.017413    0.123180   -1.443166   -1.053511    0.641530       34.493637      -11.804339    0.047862    0.000187    0.198066    7.093151
    0.019900    0.140659   -1.424500   -1.062495    0.722750       34.473020      -11.853574    0.062488    0.000320    0.198066    7.093151
    0.022388    0.158090   -1.405665   -1.072517    0.800595       34.449006      -11.902163    0.079048    0.000512    0.198066    7.093151
    0.024876    0.175466   -1.386646   -1.083526    0.874818       34.421405      -11.950123    0.097539    0.000781    0.198066    7.093151
    0.027363    0.192781   -1.367423   -1.095471    0.945174       34.390015      -11.997469    0.117952    0.001143    0.198066    7.093151
    0.029851    0.210026   -1.347982   -1.108295    1.011424       34.354617      -12.044215    0.140281    0.001620    0.198066    7.093151
    0.032338    0.227195   -1.328307   -1.121940    1.073335       34.314978      -12.090372    0.164518    0.002231    0.198066    7.093151
    0.034826    0.244280   -1.308385   -1.136342    1.130680       34.270846      -12.135948    0.190654    0.003002    0.198066    7.093151
    0.037313    0.261274   -1.288202   -1.151437    1.183239       34.221954      -12.180950    0.218679    0.003956    0.198066    7.093151
    0.039801    0.278167   -1.267748   -1.167156    1.230801       34.168015      -12.225382    0.248582    0.005121    0.198066    7.093151
    0.042289    0.294952   -1.247011   -1.183428    1.273163       34.108726      -12.269242    0.280353    0.006526    0.198066    7.093151
    0.044776    0.311620   -1.225983   -1.200178    1.310132       34.043762      -12.312529    0.313977    0.008200    0.198066    7.093151
    0.047264    0.328161   -1.204655   -1.217331    1.341523       33.972784      -12.355236    0.349443    0.010176    0.198066    7.093151
    0.049751    0.344567   -1.183022   -1.234806    1.367163       33.895431      -12.397352    0.386735    0.012486    0.198066    7.093151
    0.052239    0.360827   -1.161078   -1.252522    1.386889       33.811324      -12.438863    0.425838    0.015165    0.198066    7.093151
    0.054726    0.376932   -1.138821   -1.270396    1.400549       33.720066      -12.479750    0.466736    0.018248    0.198066    7.093151
    0.057214    0.392871   -1.116247   -1.288342    1.408005       33.621246      -12.519988    0.509409    0.021772    0.198066    7.093151
    0.059701    0.408634   -1.093356   -1.306271    1.409130       33.514434      -12.559549    0.553840    0.025773    0.198066    7.093151
    0.062189    0.424211   -1.070150   -1.324096    1.403812       33.399190      -12.598396    0.600008    0.030291    0.198066    7.093151
    0.064677    0.439589   -1.046631   -1.341725    1.391950       33.275061      -12.636488    0.647893    0.035362    0.198066    7.093151
    0.067164    0.454758   -1.022803   -1.359065    1.373460       33.141589      -12.673778    0.697470    0.041026    0.198066    7.093151
    0.069652    0.469707   -0.998672   -1.376023    1.348272       32.998313      -12.710209    0.748718    0.047320    0.198066    7.093151
    0.072139    0.484424   -0.974247   -1.392505    1.316334       32.844772      -12.745718    0.801610    0.054281    0.198066    7.093151
    0.074627    0.498897   -0.949535   -1.408414    1.277607       32.680516      -12.780234    0.856120    0.061947    0.198066    7.093151
    0.077114    0.513115   -0.924549   -1.423655    1.232075       32.505110      -12.813675    0.912220    0.070354    0.198066    7.093151
    0.079602    0.527067   -0.899300   -1.438132    1.179735       32.318147      -12.845954    0.969883    0.079536    0.198066    7.093151
    0.082090    0.540739   -0.873803   -1.451746    1.120609       32.119251      -12.876968    1.029076    0.089526    0.198066    7.093151
    0.084577    0.554122   -0.848074   -1.464402    1.054736       31.908098      -12.906609    1.089770    0.100355    0.198066    7.093151
    0.087065    0.567203   -0.822132   -1.476003    0.982180       31.684419      -12.934756    1.151930    0.112051    0.198066    7.093151
    0.089552    0.579971   -0.795994   -1.486452    0.903028       31.448027      -12.961276    1.215523    0.124640    0.198066    7.093151
    0.092040    0.592415   -0.769683   -1.495655    0.817393       31.198820      -12.986027    1.280515    0.138146    0.198066    7.093151
    0.094527    0.604526   -0.743221   -1.503516    0.725415       30.936810      -13.008853    1.346867    0.152588    0.198066    7.093151
    0.097015    0.616291   -0.716634   -1.509944    0.627263       30.662135      -13.029590    1.414543    0.167982    0.198066    7.093151
    0.099502    0.627702   -0.689945   -1.514848    0.523139       30.375077      -13.048062    1.483504    0.184342    0.198066    7.093151
    0.101990    0.638750   -0.663185   -1.518138    0.413277       30.076088      -13.064080    1.553709    0.201675    0.198066    7.093151
    0.104478    0.649425   -0.636381   -1.519730    0.297949       29.765799      -13.077451    1.625119    0.219988    0.198066    7.093151
    0.106965    0.659719   -0.609565   -1.519541    0.177464       29.445042      -13.087971    1.697692    0.239280    0.198066    7.093151
    0.109453    0.669626   -0.582769   -1.517492    0.052172       29.114864      -13.095431    1.771384    0.259547    0.198066    7.093151
    0.111940    0.679138   -0.556025   -1.513509   -0.077534       28.776532      -13.099617    1.846153    0.280783    0.198066    7.093151
    0.114428    0.688250   -0.529370   -1.507524   -0.211217       28.431542      -13.100317    1.921954    0.302974    0.198066    7.093151
    0.116915    0.696957   -0.502838   -1.499474   -0.348393       28.081613      -13.097317    1.998743    0.326104    0.198066    7.093151
    0.119403    0.705255   -0.476467   -1.489301   -0.488529       27.728680      -13.090411    2.076475    0.350153    0.198066    7.093151
    0.121891    0.713142   -0.450294   -1.476956   -0.631048       27.374870      -13.079404    2.155103    0.375096    0.198066    7.093151
    0.124378    0.720614   -0.424359   -1.462400   -0.775323       27.022475      -13.064113    2.234584    0.400905    0.198066    7.093151
    0.126866    0.727671   -0.398701   -1.445599   -0.920681       26.673913      -13.044374    2.314869    0.427548    0.198066    7.093151
    0.129353    0.734314   -0.373358   -1.426531   -1.066409       26.331673      -13.020049    2.395914    0.454992    0.198066    7.093151
    0.131841    0.740544   -0.348373   -1.405185   -1.211750       25.998261      -12.991027    2.477673    0.483197    0.198066    7.093151
    0.134328    0.746362   -0.323784   -1.381559   -1.355916       25.676126      -12.957231    2.560099    0.512125    0.198066    7.093151
    0.136816    0.751772   -0.299632   -1.355666   -1.498092       25.367591      -12.918621    2.643148    0.541732    0.198066    7.093151
    0.139303    0.756780   -0.275956   -1.327529   -1.637440       25.074778      -12.875202    2.726774    0.571975    0.198066    7.093151
    0.141791    0.761390   -0.252797   -1.297183   -1.773116       24.799530      -12.827019    2.810934    0.602808    0.198066    7.093151
    0.144279    0.765609   -0.230192   -1.264679   -1.904273       24.543348      -12.774166    2.895582    0.634186    0.198066    7.093151
    0.146766    0.769444   -0.208180   -1.230080   -2.030075       24.307328      -12.716787    2.980677    0.666062    0.198066    7.093151
    0.149254    0.772905   -0.186796   -1.193460   -2.149712       24.092117      -12.655068    3.066177    0.698390    0.198066    7.093151
    0.151741    0.776001   -0.166075   -1.154910   -2.262404       23.897887      -12.589244    3.152040    0.731124    0.198066    7.093151
    0.154229    0.778743   -0.146051   -1.114529   -2.367421       23.724321      -12.519591    3.238226    0.764217    0.198066    7.093151
    0.156716    0.781141   -0.126754   -1.072433   -2.464087       23.570628      -12.446423    3.324697    0.797626    0.198066    7.093151
    0.159204    0.783208   -0.108214   -1.028745   -2.551795       23.435569      -12.370087    3.411415    0.831308    0.198066    7.093151
    0.161692    0.784956   -0.090459   -0.983599   -2.630010       23.317505      -12.290955    3.498345    0.865221    0.198066    7.093151
    0.164179    0.786400   -0.073512   -0.937141   -2.698281       23.214458      -12.209419    3.585452    0.899326    0.198066    7.093151
    0.166667    0.787553   -0.057395   -0.889522   -2.756242       23.124185      -12.125884    3.672702    0.933585    0.198066    7.093151
    0.169154    0.788429   -0.042127   -0.840901   -2.803616       23.044254      -12.040758    3.760065    0.967964    0.198066    7.093151
    0.171642    0.789044   -0.027725   -0.791443   -2.840216       22.972130      -11.954447    3.847511    1.002429    0.198066    7.093151
    0.174129    0.789413   -0.014201   -0.741318   -2.865943       22.905248      -11.867347    3.935010    1.036951    0.198066    7.093151
    0.176617    0.789551   -0.001567   -0.690698   -2.880785       22.841089      -11.779840    4.022538    1.071501    0.198066    7.093151
    0.179104    0.789473    0.010171   -0.639756   -2.884812       22.777245      -11.692285    4.110069    1.106055    0.198066    7.093151
    0.181592    0.789197    0.021009   -0.588668   -2.878169       22.711469      -11.605020    4.197580    1.140589    0.198066    7.093151
    0.184080    0.788737    0.030945   -0.537608   -2.861072       22.641720      -11.518349    4.285050    1.175083    0.198066    7.093151
    0.186567    0.788110    0.039982   -0.486750   -2.833802       22.566189      -11.432551    4.372460    1.209520    0.198066    7.093151
    0.189055    0.787332    0.048124   -0.436264   -2.796693       22.483317      -11.347868    4.459792    1.243883    0.198066    7.093151
    0.191542    0.786418    0.055380   -0.386317   -2.750134       22.391804      -11.264512    4.547030    1.278160    0.198066    7.093151
    0.194030    0.785384    0.061761   -0.337073   -2.694551       22.290605      -11.182660    4.634159    1.312339    0.198066    7.093151
    0.196517    0.784245    0.067280   -0.288691   -2.630410       22.178919      -11.102461    4.721168    1.346411    0.198066    7.093151
    0.199005    0.783016    0.071955   -0.241322   -2.558206       22.056177      -11.024028    4.808046    1.380369    0.198066    7.093151
    0.201493    0.781713    0.075803   -0.195116   -2.478459       21.922017      -10.947450    4.894783    1.414207    0.198066    7.093151
    0.203980    0.780349    0.078848   -0.150211   -2.391709       21.776269      -10.872786    4.981372    1.447920    0.198066    7.093151
    0.206468    0.778938    0.081113   -0.106742   -2.298511       21.618924      -10.800071    5.067808    1.481507    0.198066    7.093151
    0.208955    0.777494    0.082624   -0.064834   -2.199431       21.450118      -10.729319    5.154085    1.514965    0.198066    7.093151
    0.211443    0.776030    0.083410   -0.024605   -2.095047       21.270102      -10.660523    5.240200    1.548295    0.198066    7.093151
    0.213930    0.774558    0.083503    0.013836   -1.985939       21.079228      -10.593657    5.326153    1.581499    0.198066    7.093151
    0.216418    0.773090    0.082933    0.050387   -1.872692       20.877923      -10.528683    5.411942    1.614577    0.198066    7.093151
    0.218905    0.771638    0.081736    0.084958   -1.755891       20.666674      -10.465545    5.497570    1.647532    0.198066    7.093151
    0.221393    0.770212    0.079947    0.117466   -1.636122       20.446015      -10.404178    5.583038    1.680369    0.198066    7.093151
    0.223881    0.768823    0.077604    0.147838   -1.513966       20.216511      -10.344509    5.668350    1.713092    0.198066    7.093151
    0.226368    0.767480    0.074743    0.176014   -1.390001       19.978745      -10.286453    5.753510    1.745705    0.198066    7.093151
    0.228856    0.766191    0.071405    0.201941   -1.264799       19.733314      -10.229920    5.838525    1.778213    0.198066    7.093151
    0.231343    0.764965    0.067630    0.225577   -1.138923       19.480818      -10.174817    5.923400    1.810624    0.198066    7.093151
    0.233831    0.763808    0.063459    0.246893   -1.012928       19.221853      -10.121043    6.008142    1.842942    0.198066    7.093151
    0.236318    0.762729    0.058931    0.265870   -0.887356       18.957010      -10.068495    6.092761    1.875174    0.198066    7.093151
    0.238806    0.761732    0.054090    0.282498   -0.762736       18.686868      -10.017069    6.177265    1.907328    0.198066    7.093151
    0.241294    0.760822    0.048976    0.296780   -0.639584       18.411997       -9.966659    6.261663    1.939410    0.198066    7.093151
    0.243781    0.760005    0.043631    0.308729   -0.518397       18.132949       -9.917155    6.345965    1.971428    0.198066    7.093151
    0.246269    0.759284    0.038095    0.318371   -0.399653       17.850265       -9.868451    6.430182    2.003388    0.198066    7.093151
    0.248756    0.758662    0.032409    0.325739   -0.283808       17.564468       -9.820437    6.514324    2.035299    0.198066    7.093151
    0.251244    0.758142    0.026613    0.330880   -0.171299       17.276069       -9.773005    6.598403    2.067167    0.198066    7.093151
    0.253731    0.757724    0.020745    0.333847   -0.062534       16.985564       -9.726048    6.682430    2.099001    0.198066    7.093151
    0.256219    0.757410    0.014844    0.334707    0.042103       16.693436       -9.679459    6.766416    2.130809    0.198066    7.093151
    0.258706    0.757200    0.008946    0.333532    0.142258       16.400158       -9.633132    6.850374    2.162597    0.198066    7.093151
    0.261194    0.757094    0.003085    0.330405    0.237604       16.106191       -9.586963    6.934314    2.194373    0.198066    7.093151
    0.263682    0.757091   -0.002703    0.325416    0.327847       15.811986       -9.540848    7.018247    2.226145    0.198066    7.093151
    0.266169    0.757189   -0.008388    0.318662    0.412723       15.517988       -9.494685    7.102186    2.257921    0.198066    7.093151
    0.268657    0.757386   -0.013939    0.310246    0.492004       15.224634       -9.448375    7.186142    2.289708    0.198066    7.093151
    0.271144    0.757680   -0.019327    0.300277    0.565491       14.932357       -9.401820    7.270125    2.321513    0.198066    7.093151
    0.273632    0.758067   -0.024527    0.288871    0.633022       14.641586       -9.354922    7.354145    2.353344    0.198066    7.093151
    0.276119    0.758544   -0.029514    0.276143    0.694466       14.352744       -9.307587    7.438213    2.385206    0.198066    7.093151
    0.278607    0.759107   -0.034265    0.262216    0.749728       14.066256       -9.259723    7.522340    2.417108    0.198066    7.093151
    0.281095    0.759751   -0.038761    0.247213    0.798746       13.782542       -9.211239    7.606533    2.449056    0.198066    7.093151
    0.283582    0.760473   -0.042983    0.231258    0.841490       13.502024       -9.162049    7.690801    2.481056    0.198066    7.093151
    0.286070    0.761266   -0.046917    0.214478    0.877961       13.225120       -9.112067    7.775154    2.513114    0.198066    7.093151
    0.288557    0.762126   -0.050548    0.196999    0.908195       12.952248       -9.061210    7.859599    2.545236    0.198066    7.093151
    0.291045    0.763047   -0.053865    0.178943    0.932255       12.683828       -9.009399    7.944142    2.577428    0.198066    7.093151
    0.293532    0.764024   -0.056860    0.160437    0.950235       12.420273       -8.956558    8.028791    2.609694    0.198066    7.093151
    0.296020    0.765051   -0.059525    0.141599    0.962255       12.161997       -8.902615    8.113550    2.642040    0.198066    7.093151
    0.298507    0.766121   -0.061856    0.122549    0.968464       11.909410       -8.847500    8.198427    2.674470    0.198066    7.093151
    0.300995    0.767230   -0.063849    0.103402    0.969033       11.662913       -8.791148    8.283423    2.706988    0.198066    7.093151
    0.303483    0.768371   -0.065505    0.084268    0.964159       11.422904       -8.733500    8.368545    2.739597    0.198066    7.093151
    0.305970    0.769538   -0.066824    0.065255    0.954061       11.189767       -8.674497    8.453795    2.772302    0.198066    7.093151
    0.308458    0.770725   -0.067809    0.046463    0.938976       10.963876       -8.614090    8.539175    2.805105    0.198066    7.093151
    0.310945    0.771927   -0.068465    0.027990    0.919162       10.745591       -8.552233    8.624688    2.838007    0.198066    7.093151
    0.313433    0.773138   -0.068799    0.009926    0.894893       10.535249       -8.488884    8.710334    2.871011    0.198066    7.093151
    0.315920    0.774351   -0.068818   -0.007643    0.866456       10.333170       -8.424010    8.796115    2.904119    0.198066    7.093151
    0.318408    0.775563   -0.068533   -0.024639    0.834155       10.139646       -8.357582    8.882030    2.937331    0.198066    7.093151
    0.320896    0.776766   -0.067953   -0.040988    0.798302        9.954941       -8.289577    8.968080    2.970647    0.198066    7.093151
    0.323383    0.777957   -0.067090   -0.056625    0.759221        9.779285       -8.219980    9.054262    3.004068    0.198066    7.093151
    0.325871    0.779130   -0.065959   -0.071490    0.717241        9.612872       -8.148783    9.140575    3.037593    0.198066    7.093151
    0.328358    0.780281   -0.064572   -0.085529    0.672698        9.455856       -8.075984    9.227017    3.071221    0.198066    7.093151
    0.330846    0.781406   -0.062946   -0.098697    0.625933        9.308349       -8.001588    9.313585    3.104951    0.198066    7.093151
    0.333333    0.782500   -0.061095   -0.110954    0.577285        9.170414       -7.925609    9.400276    3.138780    0.198066    7.093151
    0.335821    0.783560   -0.059036   -0.122266    0.527096        9.042066       -7.848066    9.487087    3.172706    0.198066    7.093151
    0.338308    0.784581   -0.056786   -0.132607    0.475703        8.923269       -7.768987    9.574013    3.206727    0.198066    7.093151
    0.340796    0.785561   -0.054362   -0.141957    0.423442        8.813930       -7.688407    9.661050    3.240840    0.198066    7.093151
    0.343284    0.786498   -0.051782   -0.150303    0.370640        8.713908       -7.606368    9.748193    3.275041    0.198066    7.093151
    0.345771    0.787387   -0.049064   -0.157635    0.317617        8.623000       -7.522918    9.835438    3.309325    0.198066    7.093151
    0.348259    0.788228   -0.046225   -0.163953    0.264684        8.540954       -7.438111    9.922778    3.343690    0.198066    7.093151
    0.350746    0.789017   -0.043284   -0.169261    0.212140        8.467462       -7.352010   10.010209    3.378131    0.198066    7.093151
    0.353234    0.789754   -0.040258   -0.173566    0.160270        8.402164       -7.264681   10.097725    3.412642    0.198066    7.093151
    0.355721    0.790437   -0.037165   -0.176885    0.109347        8.344652       -7.176196   10.185319    3.447221    0.198066    7.093151
    0.358209    0.791065   -0.034022   -0.179236    0.059626        8.294470       -7.086632   10.272986    3.481860    0.198066    7.093151
    0.360697    0.791637   -0.030845   -0.180643    0.011346        8.251121       -6.996071   10.360719    3.516556    0.198066    7.093151
    0.363184    0.792153   -0.027652   -0.181134   -0.035272        8.214072       -6.904597   10.448513    3.551303    0.198066    7.093151
    0.365672    0.792613   -0.024458   -0.180741   -0.080026        8.182755       -6.812298   10.536360    3.586096    0.198066    7.093151
    0.368159    0.793016   -0.021279   -0.179499   -0.122733        8.156577       -6.719264   10.624256    3.620929    0.198066    7.093151
    0.370647    0.793364   -0.018129   -0.177447   -0.163229        8.134922       -6.625585   10.712193    3.655798    0.198066    7.093151
    0.373134    0.793656   -0.015022   -0.174626   -0.201374        8.117159       -6.531354   10.800166    3.690697    0.198066    7.093151
    0.375622    0.793894   -0.011971   -0.171080   -0.237045        8.102650       -6.436664   10.888168    3.725621    0.198066    7.093151
    0.378109    0.794079   -0.008988   -0.166856   -0.270141        8.090752       -6.341606   10.976194    3.760565    0.198066    7.093151
    0.380597    0.794212   -0.006086   -0.162000   -0.300580        8.080826       -6.246271   11.064237    3.795524    0.198066    7.093151
    0.383085    0.794294   -0.003275   -0.156562   -0.328301        8.072240       -6.150748   11.152292    3.830493    0.198066    7.093151
    0.385572    0.794328   -0.000564   -0.150591   -0.353261        8.064379       -6.055123   11.240353    3.865467    0.198066    7.093151
    0.388060    0.794315    0.002037   -0.144140   -0.375439        8.056644       -5.959481   11.328416    3.900442    0.198066    7.093151
    0.390547    0.794257    0.004520   -0.137259   -0.394827        8.048462       -5.863901   11.416475    3.935414    0.198066    7.093151
    0.393035    0.794156    0.006878   -0.129999   -0.411439        8.039286       -5.768461   11.504524    3.970378    0.198066    7.093151
    0.395522    0.794015    0.009105   -0.122411   -0.425303        8.028602       -5.673233   11.592561    4.005332    0.198066    7.093151
    0.398010    0.793836    0.011196   -0.114547   -0.436460        8.015928       -5.578284   11.680579    4.040270    0.198066    7.093151
    0.400498    0.793621    0.013146   -0.106455   -0.444969        8.000819       -5.483678   11.768576    4.075190    0.198066    7.093151
    0.402985    0.793373    0.014952   -0.098186   -0.450898        7.982868       -5.389474   11.856547    4.110089    0.198066    7.093151
    0.405473    0.793094    0.016610   -0.089786   -0.454331        7.961708       -5.295725   11.944489    4.144964    0.198066    7.093151
    0.407960    0.792787    0.018120   -0.081303   -0.455359        7.937010       -5.202478   12.032398    4.179813    0.198066    7.093151
    0.410448    0.792456    0.019479   -0.072780   -0.454083        7.908488       -5.109778   12.120272    4.214632    0.198066    7.093151
    0.412935    0.792101    0.020688   -0.064261   -0.450613        7.875891       -5.017662   12.208108    4.249420    0.198066    7.093151
    0.415423    0.791726    0.021747   -0.055788   -0.445066        7.839011       -4.926163   12.295903    4.284176    0.198066    7.093151
    0.417910    0.791334    0.022658   -0.047398   -0.437564        7.797677       -4.835307   12.383656    4.318897    0.198066    7.093151
    0.420398    0.790928    0.023421   -0.039130   -0.428234        7.751752       -4.745119   12.471365    4.353582    0.198066    7.093151
    0.422886    0.790509    0.024039   -0.031017   -0.417208        7.701138       -4.655616   12.559028    4.388230    0.198066    7.093151
    0.425373    0.790080    0.024516   -0.023093   -0.404619        7.645767       -4.566812   12.646643    4.422841    0.198066    7.093151
    0.427861    0.789645    0.024856   -0.015388   -0.390602        7.585603       -4.478715   12.734211    4.457414    0.198066    7.093151
    0.430348    0.789204    0.025061   -0.007929   -0.375294        7.520640       -4.391330   12.821731    4.491948    0.198066    7.093151
    0.432836    0.788761    0.025137   -0.000742   -0.358831        7.450898       -4.304658   12.909201    4.526444    0.198066    7.093151
    0.435323    0.788318    0.025089    0.006151   -0.341350        7.376422       -4.218697   12.996622    4.560900    0.198066    7.093151
    0.437811    0.787877    0.024922    0.012729   -0.322983        7.297281       -4.133439   13.083994    4.595318    0.198066    7.093151
    0.440299    0.787439    0.024642    0.018974   -0.303864        7.213563       -4.048876   13.171317    4.629698    0.198066    7.093151
    0.442786    0.787008    0.024254    0.024870   -0.284122        7.125374       -3.964995   13.258593    4.664041    0.198066    7.093151
    0.445274    0.786584    0.023766    0.030404   -0.263882        7.032839       -3.881780   13.345820    4.698346    0.198066    7.093151
    0.447761    0.786170    0.023183    0.035566   -0.243268        6.936096       -3.799215   13.433002    4.732615    0.198066    7.093151
    0.450249    0.785766    0.022513    0.040347   -0.222397        6.835296       -3.717278   13.520138    4.766849    0.198066    7.093151
    0.452736    0.785376    0.021762    0.044740   -0.201384        6.730600       -3.635947   13.607229    4.801049    0.198066    7.093151
    0.455224    0.784999    0.020937    0.048741   -0.180336        6.622180       -3.555200   13.694279    4.835216    0.198066    7.093151
    0.457711    0.784637    0.020044    0.052348   -0.159359        6.510215       -3.475010   13.781287    4.869352    0.198066    7.093151
    0.460199    0.784292    0.019092    0.055561   -0.138549        6.394891       -3.395351   13.868256    4.903457    0.198066    7.093151
    0.462687    0.783964    0.018086    0.058381   -0.118001        6.276398       -3.316194   13.955188    4.937534    0.198066    7.093151
    0.465174    0.783654    0.017034    0.060812   -0.097800        6.154930       -3.237512   14.042085    4.971584    0.198066    7.093151
    0.467662    0.783363    0.015942    0.062859   -0.078028        6.030686       -3.159274   14.128948    5.005608    0.198066    7.093151
    0.470149    0.783092    0.014818    0.064530   -0.058760        5.903865       -3.081449   14.215780    5.039609    0.198066    7.093151
    0.472637    0.782840    0.013667    0.065832   -0.040065        5.774665       -3.004008   14.302583    5.073587    0.198066    7.093151
    0.475124    0.782609    0.012497    0.066775   -0.022006        5.643289       -2.926918   14.389359    5.107545    0.198066    7.093151
    0.477612    0.782399    0.011313    0.067370   -0.004641        5.509934       -2.850149   14.476111    5.141485    0.198066    7.093151
    0.480100    0.782210    0.010121    0.067629    0.011981        5.374799       -2.773670   14.562841    5.175407    0.198066    7.093151
    0.482587    0.782042    0.008928    0.067566    0.027813        5.238080       -2.697448   14.649551    5.209315    0.198066    7.093151
    0.485075    0.781895    0.007739    0.067195    0.042816        5.099971       -2.621454   14.736244    5.243209    0.198066    7.093151
    0.487562    0.781769    0.006558    0.066531    0.056957        4.960661       -2.545656   14.822921    5.277092    0.198066    7.093151
    0.490050    0.781664    0.005392    0.065589    0.070207        4.820337       -2.470024   14.909585    5.310964    0.198066    7.093151
    0.492537    0.781579    0.004245    0.064386    0.082544        4.679181       -2.394529   14.996239    5.344829    0.198066    7.093151
    0.495025    0.781514    0.003122    0.062939    0.093951        4.537373       -2.319141   15.082885    5.378688    0.198066    7.093151
    0.497512    0.781468    0.002026    0.061266    0.104416        4.395086       -2.243831   15.169525    5.412542    0.198066    7.093151
    0.500000    0.781442    0.000961    0.059383    0.113930        4.252487       -2.168573   15.256160    5.446392    0.198066    7.093151
    0.502488    0.781434   -0.000069    0.057309    0.122492        4.109741       -2.093339   15.342794    5.480242    0.198066    7.093151
    0.504975    0.781444   -0.001060    0.055062    0.130104        3.967006       -2.018104   15.429428    5.514091    0.198066    7.093151
    0.507463    0.781471   -0.002011    0.052660    0.136772        3.824432       -1.942842   15.516064    5.547942    0.198066    7.093151
    0.509950    0.781515   -0.002918    0.050120    0.142506        3.682165       -1.867529   15.602703    5.581796    0.198066    7.093151
    0.512438    0.781574   -0.003779    0.047462    0.147321        3.540346       -1.792142   15.689349    5.615655    0.198066    7.093151
    0.514925    0.781648   -0.004592    0.044701    0.151233        3.399107       -1.716661   15.776002    5.649519    0.198066    7.093151
    0.517413    0.781736   -0.005356    0.041856    0.154265        3.258574       -1.641063   15.862664    5.683390    0.198066    7.093151
    0.519900    0.781837   -0.006069    0.038943    0.156440        3.118867       -1.565330   15.949336    5.717269    0.198066    7.093151
    0.522388    0.781950   -0.006730    0.035980    0.157786        2.980099       -1.489443   16.036020    5.751157    0.198066    7.093151
    0.524876    0.782074   -0.007338    0.032981    0.158333        2.842375       -1.413385   16.122718    5.785055    0.198066    7.093151
    0.527363    0.782208   -0.007894    0.029963    0.158112        2.705794       -1.337141   16.209429    5.818965    0.198066    7.093151
    0.529851    0.782352   -0.008396    0.026940    0.157157        2.570447       -1.260696   16.296156    5.852886    0.198066    7.093151
    0.532338    0.782504   -0.008845    0.023927    0.155505        2.436418       -1.184036   16.382900    5.886820    0.198066    7.093151
    0.534826    0.782664   -0.009240    0.020938    0.153194        2.303783       -1.107149   16.469661    5.920767    0.198066    7.093151
    0.537313    0.782830   -0.009584    0.017985    0.150262        2.172612       -1.030026   16.556440    5.954729    0.198066    7.093151
    0.539801    0.783002   -0.009875    0.015080    0.146750        2.042965       -0.952655   16.643237    5.988705    0.198066    7.093151
    0.542289    0.783178   -0.010116    0.012234    0.142700        1.914897       -0.875030   16.730054    6.022696    0.198066    7.093151
    0.544776    0.783359   -0.010307    0.009460    0.138153        1.788454       -0.797143   16.816891    6.056702    0.198066    7.093151
    0.547264    0.783542   -0.010450    0.006765    0.133152        1.663676       -0.718989   16.903748    6.090725    0.198066    7.093151
    0.549751    0.783727   -0.010547    0.004160    0.127739        1.540595       -0.640563   16.990625    6.124763    0.198066    7.093151
    0.552239    0.783914   -0.010598    0.001652    0.121958        1.419235       -0.561861   17.077523    6.158817    0.198066    7.093151
    0.554726    0.784101   -0.010606   -0.000751    0.115851        1.299614       -0.482882   17.164442    6.192887    0.198066    7.093151
    0.557214    0.784288   -0.010572   -0.003043    0.109461        1.181743       -0.403625   17.251381    6.226974    0.198066    7.093151
    0.559701    0.784474   -0.010499   -0.005217    0.102830        1.065624       -0.324089   17.338341    6.261077    0.198066    7.093151
    0.562189    0.784658   -0.010389   -0.007269    0.096001        0.951256       -0.244276   17.425322    6.295196    0.198066    7.093151
    0.564677    0.784840   -0.010243   -0.009196    0.089012        0.838629       -0.164188   17.512323    6.329332    0.198066    7.093151
    0.567164    0.785019   -0.010065   -0.010992    0.081905        0.727727       -0.083827   17.599344    6.363483    0.198066    7.093151
    0.569652    0.785195   -0.009856   -0.012657    0.074718        0.618529       -0.003199   17.686385    6.397649    0.198066    7.093151
    0.572139    0.785367   -0.009619   -0.014187    0.067489        0.511009        0.077693   17.773445    6.431831    0.198066    7.093151
    0.574627    0.785534   -0.009356   -0.015582    0.060254        0.405133        0.158842   17.860523    6.466027    0.198066    7.093151
    0.577114    0.785697   -0.009070   -0.016842    0.053049        0.300866        0.240243   17.947620    6.500238    0.198066    7.093151
    0.579602    0.785854   -0.008763   -0.017966    0.045907        0.198163        0.321887   18.034735    6.534463    0.198066    7.093151
    0.582090    0.786006   -0.008437   -0.018956    0.038860        0.096981        0.403769   18.121867    6.568702    0.198066    7.093151
    0.584577    0.786152   -0.008094   -0.019813    0.031939       -0.002733        0.485878   18.209016    6.602953    0.198066    7.093151
    0.587065    0.786292   -0.007738   -0.020539    0.025173       -0.101030        0.568207   18.296180    6.637217    0.198066    7.093151
    0.589552    0.786425   -0.007370   -0.021136    0.018589       -0.197969        0.650747   18.383359    6.671494    0.198066    7.093151
    0.592040    0.786552   -0.006993   -0.021609    0.012213       -0.293609        0.733487   18.470553    6.705781    0.198066    7.093151
    0.594527    0.786672   -0.006609   -0.021961    0.006068       -0.388012        0.816418   18.557760    6.740080    0.198066    7.093151
    0.597015    0.786785   -0.006219   -0.022195    0.000176       -0.481242        0.899529   18.644981    6.774388    0.198066    7.093151
    0.599502    0.786891   -0.005826   -0.022317   -0.005441       -0.573364        0.982811   18.732213    6.808707    0.198066    7.093151
    0.601990    0.786990   -0.005432   -0.022331   -0.010766       -0.664445        1.066253   18.819457    6.843034    0.198066    7.093151
    0.604478    0.787083   -0.005038   -0.022243   -0.015780       -0.754554        1.149845   18.906712    6.877370    0.198066    7.093151
    0.606965    0.787168   -0.004648   -0.022058   -0.020470       -0.843757        1.233575   18.993976    6.911714    0.198066    7.093151
    0.609453    0.787247   -0.004261   -0.021783   -0.024821       -0.932123        1.317433   19.081250    6.946064    0.198066    7.093151
    0.611940    0.787319   -0.003879   -0.021423   -0.028821       -1.019721        1.401408   19.168532    6.980422    0.198066    7.093151
    0.614428    0.787384   -0.003505   -0.020985   -0.032458       -1.106617        1.485491   19.255821    7.014785    0.198066    7.093151
    0.616915    0.787442   -0.003139   -0.020476   -0.035725       -1.192877        1.569671   19.343118    7.049154    0.198066    7.093151
    0.619403    0.787495   -0.002783   -0.019902   -0.038613       -1.278568        1.653938   19.430420    7.083528    0.198066    7.093151
    0.621891    0.787541   -0.002437   -0.019271   -0.041115       -1.363753        1.738281   19.517728    7.117906    0.198066    7.093151
    0.624378    0.787581   -0.002103   -0.018590   -0.043226       -1.448494        1.822693   19.605041    7.152288    0.198066    7.093151
    0.626866    0.787615   -0.001781   -0.017866   -0.044943       -1.532852        1.907163   19.692357    7.186674    0.198066    7.093151
    0.629353    0.787644   -0.001473   -0.017107   -0.046260       -1.616884        1.991682   19.779678    7.221062    0.198066    7.093151
    0.631841    0.787667   -0.001178   -0.016319   -0.047177       -1.700648        2.076242   19.867001    7.255452    0.198066    7.093151
    0.634328    0.787685   -0.000897   -0.015511   -0.047692       -1.784196        2.160835   19.954326    7.289844    0.198066    7.093151
    0.636816    0.787699   -0.000631   -0.014689   -0.047805       -1.867580        2.245453   20.041654    7.324237    0.198066    7.093151
    0.639303    0.787708   -0.000379   -0.013862   -0.047515       -1.950849        2.330089   20.128982    7.358632    0.198066    7.093151
    0.641791    0.787712   -0.000141   -0.013036   -0.046823       -2.034048        2.414735   20.216311    7.393027    0.198066    7.093151
    0.644279    0.787713    0.000081   -0.012220   -0.045731       -2.117221        2.499385   20.303641    7.427422    0.198066    7.093151
    0.646766    0.787709    0.000290   -0.011420   -0.044239       -2.200409        2.584033   20.390970    7.461817    0.198066    7.093151
    0.649254    0.787703    0.000485   -0.010645   -0.042350       -2.283649        2.668672   20.478299    7.496212    0.198066    7.093151
    0.651741    0.787692    0.000666   -0.009901   -0.040066       -2.366978        2.753299   20.565627    7.530606    0.198066    7.093151
    0.654229    0.787679    0.000834   -0.009196   -0.037388       -2.450429        2.837907   20.652953    7.564999    0.198066    7.093151
    0.656716    0.787663    0.000990   -0.008537   -0.034319       -2.534031        2.922491   20.740278    7.599391    0.198066    7.093151
    0.659204    0.787644    0.001136   -0.007931   -0.030862       -2.617815        3.007048   20.827601    7.633781    0.198066    7.093151
    0.661692    0.787623    0.001271   -0.007386   -0.027017       -2.701805        3.091574   20.914922    7.668169    0.198066    7.093151
    0.664179    0.787599    0.001397   -0.006908   -0.022787       -2.786028        3.176065   21.002240    7.702555    0.198066    7.093151
    0.666667    0.787574    0.001515   -0.006505   -0.018173       -2.870504        3.260516   21.089556    7.736940    0.198066    7.093151
    0.669154    0.787546    0.001627   -0.006183   -0.013175       -2.955257        3.344926   21.176868    7.771322    0.198066    7.093151
    0.671642    0.787516    0.001734   -0.005950   -0.007796       -3.040306        3.429291   21.264178    7.805701    0.198066    7.093151
    0.674129    0.787485    0.001837   -0.005812   -0.002034       -3.125670        3.513607   21.351483    7.840078    0.198066    7.093151
    0.676617    0.787452    0.001939   -0.005776    0.004111       -3.211368        3.597873   21.438786    7.874452    0.198066    7.093151
    0.679104    0.787416    0.002042   -0.005850    0.010640       -3.297418        3.682085   21.526084    7.908822    0.198066    7.093151
    0.681592    0.787379    0.002146   -0.006039    0.017554       -3.383838        3.766240   21.613379    7.943190    0.198066    7.093151
    0.684080    0.787341    0.002256   -0.006350    0.024856       -3.470647        3.850336   21.700669    7.977555    0.198066    7.093151
    0.686567    0.787300    0.002371   -0.006790    0.032549       -3.557865        3.934370   21.787955    8.011916    0.198066    7.093151
    0.689055    0.787257    0.002496   -0.007366    0.040637       -3.645511        4.018338   21.875237    8.046273    0.198066    7.093151
    0.691542    0.787212    0.002632   -0.008085    0.049125       -3.733608        4.102238   21.962513    8.080626    0.198066    7.093151
    0.694030    0.787164    0.002782   -0.008953    0.058017       -3.822180        4.186064   22.049785    8.114976    0.198066    7.093151
    0.696517    0.787113    0.002949   -0.009977    0.067321       -3.911254        4.269814   22.137050    8.149321    0.198066    7.093151
    0.699005    0.787060    0.003135   -0.011165    0.077042       -4.000858        4.353483   22.224311    8.183661    0.198066    7.093151
    0.701493    0.787003    0.003344   -0.012521    0.087189       -4.091024        4.437065   22.311565    8.217997    0.198066    7.093151
    0.703980    0.786942    0.003578   -0.014055    0.097769       -4.181791        4.520556   22.398812    8.252327    0.198066    7.093151
    0.706468    0.786876    0.003841   -0.015772    0.108793       -4.273199        4.603948   22.486052    8.286652    0.198066    7.093151
    0.708955    0.786806    0.004136   -0.017680    0.120269       -4.365292        4.687234   22.573285    8.320971    0.198066    7.093151
    0.711443    0.786730    0.004466   -0.019787    0.132209       -4.458124        4.770407   22.660510    8.355284    0.198066    7.093151
    0.713930    0.786648    0.004835   -0.022098    0.144622       -4.551750        4.853458   22.747726    8.389589    0.198066    7.093151
    0.716418    0.786559    0.005247   -0.024622    0.157521       -4.646234        4.936377   22.834933    8.423887    0.198066    7.093151
    0.718905    0.786463    0.005706   -0.027366    0.170917       -4.741648        5.019152   22.922129    8.458177    0.198066    7.093151
    0.721393    0.786358    0.006214   -0.030337    0.184823       -4.838069        5.101772   23.009314    8.492458    0.198066    7.093151
    0.723881    0.786243    0.006777   -0.033544    0.199251       -4.935585        5.184222   23.096487    8.526730    0.198066    7.093151
    0.726368    0.786118    0.007399   -0.036995    0.214214       -5.034289        5.266488   23.183647    8.560990    0.198066    7.093151
    0.728856    0.785981    0.008084   -0.040696    0.229723       -5.134287        5.348553   23.270792    8.595240    0.198066    7.093151
    0.731343    0.785832    0.008837   -0.044657    0.245793       -5.235693        5.430400   23.357921    8.629476    0.198066    7.093151
    0.733831    0.785669    0.009662   -0.048886    0.262435       -5.338631        5.512008   23.445034    8.663699    0.198066    7.093151
    0.736318    0.785491    0.010564   -0.053390    0.279662       -5.443237        5.593356   23.532127    8.697907    0.198066    7.093151
    0.738806    0.785296    0.011548   -0.058179    0.297484       -5.549656        5.674419   23.619199    8.732098    0.198066    7.093151
    0.741294    0.785083    0.012619   -0.063260    0.315914       -5.658046        5.755174   23.706249    8.766271    0.198066    7.093151
    0.743781    0.784850    0.013782   -0.068643    0.334960       -5.768577        5.835592   23.793274    8.800424    0.198066    7.093151
    0.746269    0.784596    0.015043   -0.074337    0.354632       -5.881431        5.915644   23.880273    8.834555    0.198066    7.093151
    0.748756    0.784319    0.016407   -0.080349    0.374939       -5.996800        5.995297   23.967241    8.868663    0.198066    7.093151
    0.751244    0.784016    0.017880   -0.086689    0.395885       -6.114891        6.074518   24.054178    8.902744    0.198066    7.093151
    0.753731    0.783687    0.019468   -0.093366    0.417477       -6.235923        6.153270   24.141080    8.936797    0.198066    7.093151
    0.756219    0.783329    0.021177   -0.100388    0.439717       -6.360127        6.231513   24.227943    8.970820    0.198066    7.093151
    0.758706    0.782939    0.023013   -0.107765    0.462607       -6.487743        6.309207   24.314766    9.004808    0.198066    7.093151
    0.761194    0.782516    0.024982   -0.115504    0.486145       -6.619028        6.386307   24.401543    9.038760    0.198066    7.093151
    0.763682    0.782057    0.027091   -0.123614    0.510328       -6.754245        6.462767   24.488271    9.072672    0.198066    7.093151
    0.766169    0.781559    0.029347   -0.132104    0.535149       -6.893669        6.538537   24.574946    9.106540    0.198066    7.093151
    0.768657    0.781020    0.031755   -0.140982    0.560600       -7.037585        6.613567   24.661564    9.140361    0.198066    7.093151
    0.771144    0.780438    0.034324   -0.150256    0.586668       -7.186286        6.687801   24.748120    9.174131    0.198066    7.093151
    0.773632    0.779808    0.037060   -0.159934    0.613338       -7.340070        6.761184   24.834608    9.207846    0.198066    7.093151
    0.776119    0.779129    0.039971   -0.170023    0.640591       -7.499243        6.833657   24.921024    9.241500    0.198066    7.093151
    0.778607    0.778397    0.043063   -0.180529    0.668404       -7.664111        6.905157   25.007362    9.275090    0.198066    7.093151
    0.781095    0.777609    0.046344   -0.191459    0.696751       -7.834986        6.975623   25.093615    9.308609    0.198066    7.093151
    0.783582    0.776761    0.049822   -0.202820    0.725601       -8.012174        7.044987   25.179778    9.342053    0.198066    7.093151
    0.786070    0.775850    0.053504   -0.214617    0.754920       -8.195982        7.113184   25.265844    9.375415    0.198066    7.093151
    0.788557    0.774873    0.057398   -0.226854    0.784669       -8.386708        7.180144   25.351805    9.408690    0.198066    7.093151
    0.791045    0.773825    0.061512   -0.239535    0.814805       -8.584642        7.245796   25.437653    9.441869    0.198066    7.093151
    0.793532    0.772702    0.065854   -0.252664    0.845282       -8.790062        7.310069   25.523381    9.474948    0.198066    7.093151
    0.796020    0.771501    0.070431   -0.266244    0.876046       -9.003230        7.372891   25.608981    9.507917    0.198066    7.093151
    0.798507    0.770217    0.075252   -0.280275    0.907044       -9.224390        7.434188   25.694443    9.540770    0.198066    7.093151
    0.800995    0.768846    0.080324   -0.294758    0.938214       -9.453761        7.493887   25.779757    9.573497    0.198066    7.093151
    0.803483    0.767384    0.085656   -0.309694    0.969492       -9.691538        7.551916   25.864915    9.606090    0.198066    7.093151
    0.805970    0.765826    0.091256   -0.325081    1.000810       -9.937884        7.608200   25.949905    9.638540    0.198066    7.093151
    0.808458    0.764167    0.097131   -0.340916    1.032098      -10.192929        7.662669   26.034717    9.670837    0.198066    7.093151
    0.810945    0.762402    0.103289   -0.357195    1.063279      -10.456766        7.715251   26.119339    9.702971    0.198066    7.093151
    0.813433    0.760526    0.109739   -0.373915    1.094276      -10.729447        7.765880   26.203760    9.734931    0.198066    7.093151
    0.815920    0.758535    0.116487   -0.391068    1.125008      -11.010978        7.814487   26.287966    9.766706    0.198066    7.093151
    0.818408    0.756423    0.123542   -0.408647    1.155391      -11.301319        7.861010   26.371945    9.798283    0.198066    7.093151
    0.820896    0.754185    0.130910   -0.426645    1.185341      -11.600382        7.905388   26.455683    9.829652    0.198066    7.093151
    0.823383    0.751815    0.138600   -0.445050    1.214771      -11.908023        7.947565   26.539165    9.860799    0.198066    7.093151
    0.825871    0.749308    0.146618   -0.463852    1.243594      -12.224048        7.987487   26.622377    9.891710    0.198066    7.093151
    0.828358    0.746657    0.154971   -0.483039    1.271722      -12.548207        8.025107   26.705303    9.922372    0.198066    7.093151
    0.830846    0.743859    0.163666   -0.502596    1.299067      -12.880193        8.060381   26.787927    9.952771    0.198066    7.093151
    0.833333    0.740906    0.172710   -0.522509    1.325544      -13.219645        8.093272   26.870233    9.982892    0.198066    7.093151
    0.835821    0.737792    0.182107   -0.542762    1.351068      -13.566147        8.123746   26.952202   10.012719    0.198066    7.093151
    0.838308    0.734513    0.191865   -0.563336    1.375554      -13.919231        8.151777   27.033817   10.042236    0.198066    7.093151
    0.840796    0.731061    0.201989   -0.584215    1.398924      -14.278376        8.177346   27.115058   10.071428    0.198066    7.093151
    0.843284    0.727431    0.212483   -0.605377    1.421100      -14.643014        8.200437   27.195908   10.100278    0.198066    7.093151
    0.845771    0.723617    0.223354   -0.626803    1.442008      -15.012534        8.221044   27.276344   10.128768    0.198066    7.093151
    0.848259    0.719612    0.234604   -0.648471    1.461581      -15.386281        8.239166   27.356348   10.156881    0.198066    7.093151
    0.850746    0.715411    0.246239   -0.670358    1.479753      -15.763567        8.254807   27.435896   10.184600    0.198066    7.093151
    0.853234    0.711008    0.258262   -0.692443    1.496467      -16.143672        8.267981   27.514968   10.211905    0.198066    7.093151
    0.855721    0.706396    0.270676   -0.714700    1.511668      -16.525853        8.278705   27.593540   10.238780    0.198066    7.093151
    0.858209    0.701570    0.283484   -0.737106    1.525309      -16.909346        8.287004   27.671589   10.265206    0.198066    7.093151
    0.860697    0.696524    0.296689   -0.759636    1.537349      -17.293376        8.292910   27.749090   10.291164    0.198066    7.093151
    0.863184    0.691251    0.310292   -0.782265    1.547754      -17.677161        8.296458   27.826020   10.316635    0.198066    7.093151
    0.865672    0.685747    0.324295   -0.804967    1.556494      -18.059919        8.297691   27.902352   10.341602    0.198066    7.093151
    0.868159    0.680005    0.338699   -0.827718    1.563548      -18.440875        8.296656   27.978061   10.366046    0.198066    7.093151
    0.870647    0.674020    0.353504   -0.850491    1.568901      -18.819265        8.293405   28.053120   10.389948    0.198066    7.093151
    0.873134    0.667787    0.368712   -0.873262    1.572542      -19.194346        8.287993   28.127502   10.413292    0.198066    7.093151
    0.875622    0.661300    0.384321   -0.896004    1.574470      -19.565395        8.280480   28.201179   10.436059    0.198066    7.093151
    0.878109    0.654554    0.400331   -0.918694    1.574687      -19.931722        8.270930   28.274122   10.458233    0.198066    7.093151
    0.880597    0.647545    0.416741   -0.941307    1.573202      -20.292667        8.259408   28.346303   10.479797    0.198066    7.093151
    0.883085    0.640268    0.433548   -0.963818    1.570029      -20.647609        8.245981   28.417692   10.500736    0.198066    7.093151
    0.885572    0.632719    0.450752   -0.986203    1.565187      -20.995967        8.230720   28.488259   10.521035    0.198066    7.093151
    0.888060    0.624893    0.468350   -1.008440    1.558698      -21.337204        8.213697   28.557974   10.540681    0.198066    7.093151
    0.890547    0.616787    0.486339   -1.030507    1.550592      -21.670829        8.194981   28.626806   10.559661    0.198066    7.093151
    0.893035    0.608398    0.504715   -1.052381    1.540898      -21.996398        8.174646   28.694723   10.577963    0.198066    7.093151
    0.895522    0.599722    0.523475   -1.074041    1.529651      -22.313513        8.152764   28.761695   10.595578    0.198066    7.093151
    0.898010    0.590756    0.542616   -1.095468    1.516887      -22.621828        8.129405   28.827688   10.612495    0.198066    7.093151
    0.900498    0.581499    0.562132   -1.116641    1.502646      -22.921043        8.104641   28.892672   10.628709    0.198066    7.093151
    0.902985    0.571947    0.582019   -1.137542    1.486967      -23.210906        8.078539   28.956613   10.644213    0.198066    7.093151
    0.905473    0.562099    0.602273   -1.158154    1.469893      -23.491213        8.051167   29.019478   10.659003    0.198066    7.093151
    0.907960    0.551954    0.622888   -1.178459    1.451464      -23.761804        8.022591   29.081236   10.673077    0.198066    7.093151
    0.910448    0.541512    0.643858   -1.198440    1.431724      -24.022561        7.992873   29.141852   10.686436    0.198066    7.093151
    0.912935    0.530771    0.665178   -1.218083    1.410714      -24.273409        7.962074   29.201294   10.699079    0.198066    7.093151
    0.915423    0.519731    0.686842   -1.237373    1.388474      -24.514312        7.930251   29.259528   10.711011    0.198066    7.093151
    0.917910    0.508394    0.708842   -1.256295    1.365044      -24.745269        7.897459   29.316522   10.722237    0.198066    7.093151
    0.920398    0.496760    0.731173   -1.274837    1.340463      -24.966312        7.863749   29.372243   10.732766    0.198066    7.093151
    0.922886    0.484830    0.753828   -1.292985    1.314767      -25.177506        7.829171   29.426657   10.742606    0.198066    7.093151
    0.925373    0.472607    0.776799   -1.310729    1.287989      -25.378941        7.793769   29.479733   10.751770    0.198066    7.093151
    0.927861    0.460093    0.800080   -1.328056    1.260160      -25.570735        7.757585   29.531438   10.760271    0.198066    7.093151
    0.930348    0.447292    0.823663   -1.344956    1.231310      -25.753028        7.720658   29.581739   10.768125    0.198066    7.093151
    0.932836    0.434205    0.847540   -1.361418    1.201463      -25.925978        7.683023   29.630605   10.775350    0.198066    7.093151
    0.935323    0.420838    0.871704   -1.377432    1.170641      -26.089762        7.644711   29.678004   10.781965    0.198066    7.093151
    0.937811    0.407195    0.896146   -1.392988    1.138862      -26.244571        7.605751   29.723907   10.787992    0.198066    7.093151
    0.940299    0.393282    0.920859   -1.408077    1.106142      -26.390608        7.566168   29.768281   10.793455    0.198066    7.093151
    0.942786    0.379103    0.945833   -1.422690    1.072490      -26.528088        7.525984   29.811099   10.798378    0.198066    7.093151
    0.945274    0.364665    0.971062   -1.436817    1.037914      -26.657231        7.485216   29.852330   10.802786    0.198066    7.093151
    0.947761    0.349974    0.996535   -1.450449    1.002417      -26.778267        7.443881   29.891946   10.806708    0.198066    7.093151
    0.950249    0.335038    1.022244   -1.463578    0.965996      -26.891426        7.401990   29.929920   10.810172    0.198066    7.093151
    0.952736    0.319865    1.048180   -1.476193    0.928645      -26.996944        7.359552   29.966225   10.813207    0.198066    7.093151
    0.955224    0.304463    1.074335   -1.488286    0.890354      -27.095058        7.316574   30.000835   10.815844    0.198066    7.093151
    0.957711    0.288839    1.100698   -1.499847    0.851108      -27.186004        7.273058   30.033726   10.818113    0.198066    7.093151
    0.960199    0.273004    1.127260   -1.510867    0.810887      -27.270016        7.229006   30.064872   10.820044    0.198066    7.093151
    0.962687    0.256968    1.154012   -1.521333    0.769666      -27.347330        7.184416   30.094251   10.821669    0.198066    7.093151
    0.965174    0.240739    1.180944   -1.531237    0.727418      -27.418173        7.139282   30.121842   10.823018    0.198066    7.093151
    0.967662    0.224330    1.208045   -1.540566    0.684107      -27.482774        7.093597   30.147623   10.824121    0.198066    7.093151
    0.970149    0.207750    1.235306   -1.549308    0.639695      -27.541353        7.047353   30.171576   10.825007    0.198066    7.093151
    0.972637    0.191012    1.262715   -1.557451    0.594138      -27.594128        7.000538   30.193682   10.825705    0.198066    7.093151
    0.975124    0.174127    1.290263   -1.564981    0.547389      -27.641310        6.953137   30.213924   10.826242    0.198066    7.093151
    0.977612    0.157106    1.317939   -1.571883    0.499393      -27.683106        6.905136   30.232286   10.826644    0.198066    7.093151
    0.980100    0.139964    1.345730   -1.578143    0.450092      -27.719717        6.856517   30.248754   10.826935    0.198066    7.093151
    0.982587    0.122711    1.373626   -1.583743    0.399423      -27.751336        6.807260   30.263316   10.827136    0.198066    7.093151
    0.985075    0.105362    1.401616   -1.588666    0.347317      -27.778153        6.757345   30.275959   10.827268    0.198066    7.093151
    0.987562    0.087930    1.429685   -1.592894    0.293700      -27.800352        6.706749   30.286675   10.827349    0.198066    7.093151
    0.990050    0.070428    1.457823   -1.596405    0.238493      -27.818112        6.655449   30.295454   10.827393    0.198066    7.093151
    0.992537    0.052871    1.486017   -1.599179    0.181612      -27.831607        6.603419   30.302289   10.827414    0.198066    7.093151
    0.995025    0.035271    1.514253   -1.601191    0.122967      -27.841013        6.550634   30.307175   10.827422    0.198066    7.093151
    0.997512    0.017642    1.542517   -1.602419    0.062463      -27.846505        6.497067   30.310108   10.827424    0.198066    7.093151
    1.000000   -0.000000    1.570796   -1.602834    0.000000      -27.848279        6.442689   30.311086   10.827424    0.198066    7.093151
