           t           r         psi          cs          qs               p             sig           A           V          Q2           S
    0.000000    0.000000   -1.570796   -0.947590    0.000000     -202.826336      107.815305   -0.000000   -0.000000    0.056986    6.515129
    0.009804    0.063835   -1.510248   -0.948570    0.038489     -202.844049      107.529602    0.012813    0.000012    0.056986    6.515129
    0.019608    0.127435   -1.449588   -0.951028    0.064751     -202.902773      107.252702    0.051206    0.000197    0.056986    6.515129
    0.029412    0.190567   -1.388734   -0.954556    0.085675     -203.011671      106.981844    0.115038    0.000994    0.056986    6.515129
    0.039216    0.252993   -1.327625   -0.959029    0.105500     -203.182589      106.714286    0.204073    0.003119    0.056986    6.515129
    0.049020    0.314477   -1.266199   -0.964501    0.127192     -203.431338      106.447290    0.317980    0.007542    0.056986    6.515129
    0.058824    0.374780   -1.204387   -0.971169    0.153244     -203.779298      106.178092    0.456333    0.015452    0.056986    6.515129
    0.068627    0.433664   -1.142102   -0.979363    0.186193     -204.255712      105.903881    0.618612    0.028219    0.056986    6.515129
    0.078431    0.490887   -1.079233   -0.989565    0.228997     -204.901085      105.621770    0.804197    0.047343    0.056986    6.515129
    0.088235    0.546204   -1.015631   -1.002446    0.285331     -205.772284      105.328777    1.012373    0.074398    0.056986    6.515129
    0.098039    0.599364   -0.951097   -1.018922    0.359781     -206.950342      105.021857    1.242326    0.110980    0.056986    6.515129
    0.107843    0.650109   -0.885364   -1.040209    0.457805     -208.552466      104.698009    1.493137    0.158635    0.056986    6.515129
    0.117647    0.698166   -0.818077   -1.067867    0.585104     -210.750575      104.354580    1.763784    0.218805    0.056986    6.515129
    0.127451    0.743242   -0.748771   -1.103779    0.745667     -213.799457      103.989975    2.053130    0.292753    0.056986    6.515129
    0.137255    0.785016   -0.676854   -1.149931    0.937023     -218.077171      103.605252    2.359914    0.381494    0.056986    6.515129
    0.147059    0.823129   -0.601620   -1.207771    1.140184     -224.133465      103.207576    2.682742    0.485715    0.056986    6.515129
    0.156863    0.857175   -0.522324   -1.276694    1.300835     -232.711000      102.817585    3.020065    0.605672    0.056986    6.515129
    0.166667    0.886705   -0.438403   -1.351037    1.300348     -244.595762      102.484418    3.370160    0.741069    0.056986    6.515129
    0.176471    0.911248   -0.349939   -1.415159    0.929405     -259.855388      102.313228    3.731122    0.890912    0.056986    6.515129
    0.186275    0.930381   -0.258484   -1.438123   -0.078096     -275.575730      102.501665    4.100860    1.053366    0.056986    6.515129
    0.196078    0.943875   -0.168053   -1.375265   -1.830107     -282.168364      103.339534    4.477147    1.225738    0.056986    6.515129
    0.205882    0.951885   -0.085444   -1.189784   -3.885315     -264.852557      105.055693    4.857736    1.404725    0.056986    6.515129
    0.215686    0.955101   -0.018510   -0.891452   -5.256749     -219.929488      107.516882    5.240546    1.587031    0.056986    6.515129
    0.225490    0.954698    0.027451   -0.547233   -5.288092     -165.780306      110.198042    5.623874    1.770078    0.056986    6.515129
    0.235294    0.952051    0.052145   -0.236798   -4.252925     -123.242398      112.601241    6.006546    1.952356    0.056986    6.515129
    0.245098    0.948411    0.059432   -0.006269   -2.841692      -98.508431      114.538299    6.387918    2.133265    0.056986    6.515129
    0.254902    0.944716    0.054819    0.136994   -1.550067      -88.031608      116.048320    6.767793    2.312747    0.056986    6.515129
    0.264706    0.941553    0.043495    0.207011   -0.568476      -86.657272      117.242832    7.146278    2.490997    0.056986    6.515129
    0.274510    0.939217    0.029506    0.223779    0.093842      -90.535513      118.229261    7.523654    2.668302    0.056986    6.515129
    0.284314    0.937781    0.015645    0.205756    0.493880      -97.223933      119.091975    7.900273    2.844970    0.056986    6.515129
    0.294118    0.937178    0.003646    0.167640    0.697139     -105.203294      119.893790    8.276487    3.021296    0.056986    6.515129
    0.303922    0.937256   -0.005579    0.120428    0.758181     -113.478842      120.681189    8.652602    3.197537    0.056986    6.515129
    0.313725    0.937825   -0.011717    0.072117    0.718659     -121.347422      121.488383    9.028853    3.373898    0.056986    6.515129
    0.323529    0.938689   -0.014889    0.028336    0.611067     -128.289313      122.339530    9.405398    3.550527    0.056986    6.515129
    0.333333    0.939672   -0.015513   -0.007234    0.462842     -133.939097      123.249621    9.782319    3.727504    0.056986    6.515129
    0.343137    0.940629   -0.014183   -0.032638    0.298645     -138.097481      124.224820   10.159633    3.904852    0.056986    6.515129
    0.352941    0.941457   -0.011569   -0.047475    0.140386     -140.749576      125.263052   10.537309    4.082544    0.056986    6.515129
    0.362745    0.942094   -0.008324   -0.052660    0.005643     -142.061161      126.355385   10.915279    4.260520    0.056986    6.515129
    0.372549    0.942519   -0.005008   -0.050082   -0.094240     -142.339172      127.488291   11.293463    4.438702    0.056986    6.515129
    0.382353    0.942741   -0.002040   -0.042151   -0.155099     -141.963052      128.646403   11.671776    4.617008    0.056986    6.515129
    0.392157    0.942793    0.000316   -0.031346   -0.179355     -141.308766      129.815127   12.050143    4.795366    0.056986    6.515129
    0.401961    0.942716    0.001950   -0.019840   -0.174100     -140.688666      130.982550   12.428503    4.973718    0.056986    6.515129
    0.411765    0.942559    0.002871   -0.009276   -0.148654     -140.319841      132.140387   12.806814    5.152024    0.056986    6.515129
    0.421569    0.942363    0.003177   -0.000685   -0.112371     -140.320239      133.284045   13.185054    5.330261    0.056986    6.515129
    0.431373    0.942163    0.003011    0.005464   -0.073166     -140.723603      134.412104   13.563213    5.508423    0.056986    6.515129
    0.441176    0.941985    0.002532    0.009152   -0.036816     -141.502711      135.525495   13.941295    5.686512    0.056986    6.515129
    0.450980    0.941843    0.001888    0.010669   -0.006884     -142.593116      136.626639   14.319313    5.864541    0.056986    6.515129
    0.460784    0.941744    0.001205    0.010477    0.014998     -143.913202      137.718692   14.697282    6.042525    0.056986    6.515129
    0.470588    0.941688    0.000575    0.009105    0.028673     -145.379180      138.804946   15.075221    6.220480    0.056986    6.515129
    0.480392    0.941668    0.000056    0.007058    0.034999     -146.915207      139.888408   15.453145    6.398420    0.056986    6.515129
    0.490196    0.941678   -0.000322    0.004771    0.035420     -148.459390      140.971544   15.831066    6.576359    0.056986    6.515129
    0.500000    0.941706   -0.000555    0.002579    0.031627     -149.966517      142.056158   16.208996    6.754306    0.056986    6.515129
    0.509804    0.941746   -0.000658    0.000708    0.025300     -151.408313      143.143375   16.586940    6.932265    0.056986    6.515129
    0.519608    0.941788   -0.000655   -0.000723    0.017923     -152.771878      144.233703   16.964900    7.110240    0.056986    6.515129
    0.529412    0.941828   -0.000576   -0.001678    0.010684     -154.056939      145.327147   17.342877    7.288231    0.056986    6.515129
    0.539216    0.941861   -0.000450   -0.002190    0.004427     -155.272497      146.423346   17.720869    7.466236    0.056986    6.515129
    0.549020    0.941885   -0.000304   -0.002339   -0.000338     -156.433379      147.521708   18.098872    7.644252    0.056986    6.515129
    0.558824    0.941900   -0.000157   -0.002228   -0.003386     -157.557129      148.621538   18.476883    7.822275    0.056986    6.515129
    0.568627    0.941905   -0.000022   -0.001966   -0.004707     -158.661540      149.722132   18.854898    8.000301    0.056986    6.515129
    0.578431    0.941903    0.000093   -0.001664   -0.004418     -159.763005      150.822843   19.232913    8.178329    0.056986    6.515129
    0.588235    0.941894    0.000191   -0.001420   -0.002680     -160.875721      151.923109   19.610926    8.356354    0.056986    6.515129
    0.598039    0.941879    0.000278   -0.001323    0.000387     -162.011727      153.022454   19.988935    8.534374    0.056986    6.515129
    0.607843    0.941858    0.000365   -0.001457    0.004777     -163.181685      154.120458   20.366936    8.712388    0.056986    6.515129
    0.617647    0.941832    0.000471   -0.001912    0.010675     -164.396345      155.216692   20.744928    8.890393    0.056986    6.515129
    0.627451    0.941797    0.000619   -0.002794    0.018521     -165.668660      156.310642   21.122907    9.068386    0.056986    6.515129
    0.637255    0.941751    0.000840   -0.004245    0.029091     -167.016619      157.401589   21.500871    9.246365    0.056986    6.515129
    0.647059    0.941687    0.001177   -0.006470    0.043589     -168.466940      158.488466   21.878813    9.424323    0.056986    6.515129
    0.656863    0.941597    0.001689   -0.009761    0.063742     -170.059884      159.569655   22.256724    9.602251    0.056986    6.515129
    0.666667    0.941466    0.002456   -0.014536    0.091911     -171.855512      160.642726   22.634592    9.780139    0.056986    6.515129
    0.676471    0.941275    0.003590   -0.021380    0.131168     -173.941684      161.704091   23.012395    9.957966    0.056986    6.515129
    0.686275    0.940997    0.005248   -0.031090    0.185300     -176.443848      162.748548   23.390106   10.135704    0.056986    6.515129
    0.696078    0.940589    0.007645   -0.044710    0.258626     -179.535951      163.768715   23.767680   10.313313    0.056986    6.515129
    0.705882    0.939998    0.011070   -0.063552    0.355491     -183.450327      164.754381   24.145057   10.490731    0.056986    6.515129
    0.715686    0.939145    0.015907   -0.089167    0.479267     -188.481777      165.691858   24.522146   10.667871    0.056986    6.515129
    0.725490    0.937926    0.022641   -0.123229    0.630759     -194.977359      166.563556   24.898824   10.844608    0.056986    6.515129
    0.735294    0.936200    0.031863   -0.167316    0.806158     -203.300052      167.348136   25.274916   11.020764    0.056986    6.515129
    0.745098    0.933789    0.044254   -0.222559    0.995123     -213.755386      168.021714   25.650185   11.196087    0.056986    6.515129
    0.754902    0.930466    0.060538   -0.289205    1.180144     -226.481721      168.560559   26.024311   11.370232    0.056986    6.515129
    0.764706    0.925962    0.081421   -0.366230    1.338472     -241.330802      168.945246   26.396877   11.542730    0.056986    6.515129
    0.774510    0.919967    0.107493   -0.451169    1.447127     -257.795384      169.165403   26.767347   11.712962    0.056986    6.515129
    0.784314    0.912141    0.139147   -0.540333    1.489628     -275.046053      169.223343   27.135055   11.880139    0.056986    6.515129
    0.794118    0.902131    0.176517   -0.629409    1.461367     -292.093882      169.134752   27.499195   12.043290    0.056986    6.515129
    0.803922    0.889597    0.219462   -0.714268    1.370737     -308.018528      168.925818   27.858823   12.201279    0.056986    6.515129
    0.813725    0.874222    0.267603   -0.791667    1.235539     -322.157435      168.627915   28.212861   12.352840    0.056986    6.515129
    0.823529    0.855737    0.320394   -0.859634    1.076898     -334.182862      168.272012   28.560112   12.496636    0.056986    6.515129
    0.833333    0.833928    0.377203   -0.917465    0.913776     -344.066692      167.884643   28.899283   12.631342    0.056986    6.515129
    0.843137    0.808645    0.437388   -0.965462    0.759900     -351.984333      167.486058   29.229009   12.755731    0.056986    6.515129
    0.852941    0.779798    0.500349   -1.004570    0.623201     -358.212771      167.090187   29.547875   12.868760    0.056986    6.515129
    0.862745    0.747360    0.565557   -1.036035    0.506830     -363.053736      166.705616   29.854443   12.969646    0.056986    6.515129
    0.872549    0.711358    0.632565   -1.061164    0.410701     -366.788473      166.336899   30.147275   13.057919    0.056986    6.515129
    0.882353    0.671867    0.701009   -1.081174    0.332927     -369.657631      165.985783   30.424956   13.133457    0.056986    6.515129
    0.892157    0.629009    0.770596   -1.097119    0.270867     -371.856807      165.652185   30.686107   13.196501    0.056986    6.515129
    0.901961    0.582942    0.841096   -1.109876    0.221762     -373.540021      165.334891   30.929408   13.247637    0.056986    6.515129
    0.911765    0.533858    0.912327   -1.120150    0.183079     -374.826247      165.032030   31.153608   13.287767    0.056986    6.515129
    0.921569    0.481981    0.984151   -1.128498    0.152637     -375.806378      164.741362   31.357541   13.318053    0.056986    6.515129
    0.931373    0.427556    1.056459   -1.135354    0.128614     -376.549462      164.460458   31.540135   13.339855    0.056986    6.515129
    0.941176    0.370854    1.129165   -1.141052    0.109492     -377.107850      164.186790   31.700420   13.354649    0.056986    6.515129
    0.950980    0.312164    1.202206   -1.145844    0.093942     -377.521245      163.917779   31.837540   13.363948    0.056986    6.515129
    0.960784    0.251791    1.275529   -1.149910    0.080656     -377.819808      163.650808   31.950757   13.369210    0.056986    6.515129
    0.970588    0.190053    1.349091   -1.153357    0.068066     -378.026516      163.383227   32.039460   13.371764    0.056986    6.515129
    0.980392    0.127282    1.422855   -1.156194    0.053828     -378.158937      163.112347   32.103167   13.372730    0.056986    6.515129
    0.990196    0.063815    1.496776   -1.158275    0.033811     -378.230603      162.835439   32.141531   13.372955    0.056986    6.515129
    1.000000   -0.000000    1.570796   -1.159153    0.000000     -378.252259      162.549735   32.154343   13.372970    0.056986    6.515129
