           t           r         psi          cs          qs               p             sig           A           V          Q2           S
    0.000000    0.000000   -1.570796   -0.870787    0.000000      -60.945732       36.729761    0.000000    0.000000    0.075807    7.840961
    0.002488    0.019504   -1.553810   -0.870998    0.028556      -60.947123       36.645189    0.001195    0.000000    0.075807    7.840961
    0.004975    0.039002   -1.536816   -0.871613    0.055470      -60.951470       36.561617    0.004780    0.000002    0.075807    7.840961
    0.007463    0.058489   -1.519806   -0.872608    0.081001      -60.958980       36.478971    0.010754    0.000008    0.075807    7.840961
    0.009950    0.077959   -1.502774   -0.873964    0.105387      -60.969854       36.397177    0.019116    0.000025    0.075807    7.840961
    0.012438    0.097407   -1.485711   -0.875667    0.128848      -60.984301       36.316162    0.029862    0.000062    0.075807    7.840961
    0.014925    0.116826   -1.468612   -0.877703    0.151583      -61.002544       36.235855    0.042989    0.000128    0.075807    7.840961
    0.017413    0.136211   -1.451470   -0.880065    0.173781      -61.024826       36.156184    0.058495    0.000237    0.075807    7.840961
    0.019900    0.155557   -1.434279   -0.882745    0.195614      -61.051408       36.077077    0.076374    0.000404    0.075807    7.840961
    0.022388    0.174856   -1.417032   -0.885742    0.217245      -61.082576       35.998464    0.096621    0.000647    0.075807    7.840961
    0.024876    0.194104   -1.399724   -0.889053    0.238827      -61.118645       35.920273    0.119230    0.000985    0.075807    7.840961
    0.027363    0.213294   -1.382348   -0.892682    0.260503      -61.159957       35.842436    0.144195    0.001441    0.075807    7.840961
    0.029851    0.232421   -1.364899   -0.896632    0.282411      -61.206888       35.764883    0.171507    0.002038    0.075807    7.840961
    0.032338    0.251478   -1.347369   -0.900909    0.304682      -61.259849       35.687544    0.201159    0.002803    0.075807    7.840961
    0.034826    0.270459   -1.329752   -0.905522    0.327440      -61.319295       35.610351    0.233143    0.003765    0.075807    7.840961
    0.037313    0.289358   -1.312042   -0.910480    0.350807      -61.385724       35.533234    0.267447    0.004954    0.075807    7.840961
    0.039801    0.308168   -1.294232   -0.915797    0.374899      -61.459683       35.456127    0.304062    0.006402    0.075807    7.840961
    0.042289    0.326883   -1.276315   -0.921487    0.399827      -61.541778       35.378960    0.342977    0.008143    0.075807    7.840961
    0.044776    0.345496   -1.258283   -0.927566    0.425701      -61.632674       35.301667    0.384179    0.010215    0.075807    7.840961
    0.047264    0.364001   -1.240128   -0.934051    0.452624      -61.733107       35.224180    0.427656    0.012654    0.075807    7.840961
    0.049751    0.382391   -1.221843   -0.940963    0.480697      -61.843890       35.146432    0.473393    0.015500    0.075807    7.840961
    0.052239    0.400658   -1.203419   -0.948323    0.510017      -61.965924       35.068358    0.521377    0.018795    0.075807    7.840961
    0.054726    0.418795   -1.184846   -0.956153    0.540674      -62.100204       34.989891    0.571591    0.022581    0.075807    7.840961
    0.057214    0.436795   -1.166116   -0.964479    0.572754      -62.247834       34.910967    0.624020    0.026901    0.075807    7.840961
    0.059701    0.454651   -1.147219   -0.973326    0.606334      -62.410042       34.831521    0.678646    0.031802    0.075807    7.840961
    0.062189    0.472355   -1.128143   -0.982722    0.641484      -62.588191       34.751490    0.735451    0.037329    0.075807    7.840961
    0.064677    0.489898   -1.108879   -0.992695    0.678263      -62.783796       34.670813    0.794416    0.043530    0.075807    7.840961
    0.067164    0.507274   -1.089415   -1.003275    0.716714      -62.998545       34.589431    0.855521    0.050454    0.075807    7.840961
    0.069652    0.524472   -1.069737   -1.014493    0.756869      -63.234321       34.507285    0.918745    0.058148    0.075807    7.840961
    0.072139    0.541485   -1.049835   -1.026378    0.798735      -63.493225       34.424322    0.984065    0.066663    0.075807    7.840961
    0.074627    0.558304   -1.029694   -1.038962    0.842298      -63.777600       34.340491    1.051458    0.076049    0.075807    7.840961
    0.077114    0.574919   -1.009301   -1.052276    0.887515      -64.090069       34.255746    1.120900    0.086356    0.075807    7.840961
    0.079602    0.591321   -0.988640   -1.066349    0.934307      -64.433561       34.170048    1.192365    0.097635    0.075807    7.840961
    0.082090    0.607500   -0.967698   -1.081209    0.982553      -64.811355       34.083366    1.265827    0.109934    0.075807    7.840961
    0.084577    0.623445   -0.946457   -1.096883    1.032083      -65.227121       33.995677    1.341257    0.123305    0.075807    7.840961
    0.087065    0.639147   -0.924903   -1.113393    1.082665      -65.684960       33.906971    1.418627    0.137795    0.075807    7.840961
    0.089552    0.654593   -0.903018   -1.130756    1.133999      -66.189463       33.817253    1.497905    0.153455    0.075807    7.840961
    0.092040    0.669773   -0.880787   -1.148987    1.185699      -66.745756       33.726549    1.579060    0.170329    0.075807    7.840961
    0.094527    0.684675   -0.858191   -1.168090    1.237282      -67.359558       33.634906    1.662059    0.188465    0.075807    7.840961
    0.097015    0.699286   -0.835214   -1.188060    1.288150      -68.037233       33.542401    1.746866    0.207905    0.075807    7.840961
    0.099502    0.713594   -0.811840   -1.208882    1.337574      -68.785844       33.449147    1.833445    0.228691    0.075807    7.840961
    0.101990    0.727585   -0.788051   -1.230527    1.384668      -69.613193       33.355303    1.921759    0.250863    0.075807    7.840961
    0.104478    0.741247   -0.763832   -1.252948    1.428373      -70.527850       33.261082    2.011767    0.274456    0.075807    7.840961
    0.106965    0.754563   -0.739169   -1.276078    1.467429      -71.539155       33.166767    2.103428    0.299503    0.075807    7.840961
    0.109453    0.767521   -0.714048   -1.299825    1.500349      -72.657175       33.072721    2.196700    0.326032    0.075807    7.840961
    0.111940    0.780106   -0.688460   -1.324069    1.525396      -73.892609       32.979412    2.291537    0.354069    0.075807    7.840961
    0.114428    0.792301   -0.662395   -1.348656    1.540556      -75.256596       32.887433    2.387892    0.383631    0.075807    7.840961
    0.116915    0.804092   -0.635848   -1.373392    1.543516      -76.760399       32.797526    2.485718    0.414734    0.075807    7.840961
    0.119403    0.815462   -0.608819   -1.398040    1.531649      -78.414916       32.710617    2.584962    0.447385    0.075807    7.840961
    0.121891    0.826396   -0.581313   -1.422309    1.502008      -80.229944       32.627850    2.685574    0.481586    0.075807    7.840961
    0.124378    0.836878   -0.553340   -1.445854    1.451331      -82.213141       32.550628    2.787498    0.517330    0.075807    7.840961
    0.126866    0.846892   -0.524918   -1.468262    1.376078      -84.368584       32.480660    2.890678    0.554603    0.075807    7.840961
    0.129353    0.856422   -0.496074   -1.489057    1.272487      -86.694831       32.420004    2.995056    0.593385    0.075807    7.840961
    0.131841    0.865455   -0.466845   -1.507686    1.136685      -89.182431       32.371117    3.100572    0.633644    0.075807    7.840961
    0.134328    0.873975   -0.437278   -1.523524    0.964835      -91.810817       32.336892    3.207163    0.675341    0.075807    7.840961
    0.136816    0.881970   -0.407435   -1.535875    0.753370      -94.544658       32.320690    3.314767    0.718428    0.075807    7.840961
    0.139303    0.889429   -0.377391   -1.543976    0.499278      -97.329849       32.326335    3.423317    0.762847    0.075807    7.840961
    0.141791    0.896342   -0.347238   -1.547012    0.200487     -100.089566       32.358087    3.532748    0.808532    0.075807    7.840961
    0.144279    0.902702   -0.317081   -1.544137   -0.143697     -102.721118       32.420549    3.642993    0.855407    0.075807    7.840961
    0.146766    0.908504   -0.287045   -1.534504   -0.532096     -105.094634       32.518506    3.753983    0.903389    0.075807    7.840961
    0.149254    0.913747   -0.257270   -1.517300   -0.961167     -107.054931       32.656688    3.865650    0.952390    0.075807    7.840961
    0.151741    0.918431   -0.227910   -1.491801   -1.424590     -108.427949       32.839437    3.977925    1.002312    0.075807    7.840961
    0.154229    0.922563   -0.199133   -1.457424   -1.913022     -109.032748       33.070302    4.090740    1.053058    0.075807    7.840961
    0.156716    0.926152   -0.171116   -1.413782   -2.414123     -108.699136       33.351600    4.204028    1.104524    0.075807    7.840961
    0.159204    0.929211   -0.144043   -1.360744   -2.912956     -107.289401       33.683982    4.317723    1.156609    0.075807    7.840961
    0.161692    0.931758   -0.118094   -1.298474   -3.392782     -104.720845       34.066097    4.431762    1.209211    0.075807    7.840961
    0.164179    0.933815   -0.093446   -1.227462   -3.836233     -100.984420       34.494426    4.546082    1.262233    0.075807    7.840961
    0.166667    0.935407   -0.070263   -1.148518   -4.226715      -96.154578       34.963340    4.660626    1.315583    0.075807    7.840961
    0.169154    0.936564   -0.048687   -1.062753   -4.549855      -90.386944       35.465410    4.775338    1.369173    0.075807    7.840961
    0.171642    0.937317   -0.028841   -0.971523   -4.794729      -83.903362       35.991925    4.890166    1.422928    0.075807    7.840961
    0.174129    0.937701   -0.010814   -0.876357   -4.954695      -76.967183       36.533553    5.005064    1.476778    0.075807    7.840961
    0.176617    0.937751    0.005331   -0.778873   -5.027697      -69.854143       37.081022    5.119988    1.530662    0.075807    7.840961
    0.179104    0.937505    0.019565   -0.680698   -5.016042      -62.824777       37.625728    5.234900    1.584531    0.075807    7.840961
    0.181592    0.937000    0.031890   -0.583384   -4.925748      -56.103091       38.160201    5.349765    1.638343    0.075807    7.840961
    0.184080    0.936274    0.042338   -0.488350   -4.765633      -49.863886       38.678377    5.464555    1.692064    0.075807    7.840961
    0.186567    0.935361    0.050964   -0.396838   -4.546299      -44.228713       39.175692    5.579244    1.745670    0.075807    7.840961
    0.189055    0.934298    0.057848   -0.309885   -4.279177      -39.268729       39.649038    5.693811    1.799141    0.075807    7.840961
    0.191542    0.933116    0.063087   -0.228316   -3.975721      -35.011990       40.096605    5.808240    1.852465    0.075807    7.840961
    0.194030    0.931848    0.066793   -0.152748   -3.646791      -31.452766       40.517675    5.922519    1.905634    0.075807    7.840961
    0.196517    0.930522    0.069088   -0.083601   -3.302246      -28.561026       40.912402    6.036639    1.958645    0.075807    7.840961
    0.199005    0.929164    0.070098   -0.021123   -2.950707      -26.290928       41.281587    6.150594    2.011496    0.075807    7.840961
    0.201493    0.927797    0.069956    0.034591   -2.599473      -24.587747       41.626497    6.264382    2.064192    0.075807    7.840961
    0.203980    0.926443    0.068793    0.083573   -2.254532      -23.393109       41.948698    6.378003    2.116735    0.075807    7.840961
    0.206468    0.925121    0.066738    0.125959   -1.920643      -22.648698       42.249934    6.491460    2.169132    0.075807    7.840961
    0.208955    0.923847    0.063920    0.161969   -1.601464      -22.298660       42.532031    6.604757    2.221390    0.075807    7.840961
    0.211443    0.922634    0.060460    0.191886   -1.299688      -22.291034       42.796824    6.717902    2.273519    0.075807    7.840961
    0.213930    0.921493    0.056472    0.216041   -1.017192      -22.578455       43.046117    6.830903    2.325526    0.075807    7.840961
    0.216418    0.920435    0.052067    0.234797   -0.755174      -23.118365       43.281641    6.943769    2.377422    0.075807    7.840961
    0.218905    0.919465    0.047346    0.248542   -0.514279      -23.872899       43.505046    7.056510    2.429216    0.075807    7.840961
    0.221393    0.918590    0.042402    0.257674   -0.294713      -24.808588       43.717882    7.169139    2.480917    0.075807    7.840961
    0.223881    0.917812    0.037321    0.262595   -0.096335      -25.895949       43.921602    7.281666    2.532537    0.075807    7.840961
    0.226368    0.917135    0.032183    0.263708    0.081258      -27.109045       44.117558    7.394104    2.584085    0.075807    7.840961
    0.228856    0.916557    0.027056    0.261408    0.238665      -28.425030       44.307007    7.506465    2.635570    0.075807    7.840961
    0.231343    0.916079    0.022005    0.256081    0.376628      -29.823735       44.491118    7.618761    2.687004    0.075807    7.840961
    0.233831    0.915698    0.017084    0.248100    0.495989      -31.287266       44.670971    7.731005    2.738395    0.075807    7.840961
    0.236318    0.915411    0.012341    0.237825    0.597653      -32.799662       44.847569    7.843207    2.789753    0.075807    7.840961
    0.238806    0.915215    0.007819    0.225597    0.682563      -34.346593       45.021843    7.955381    2.841087    0.075807    7.840961
    0.241294    0.915105    0.003551    0.211743    0.751685      -35.915090       45.194655    8.067535    2.892405    0.075807    7.840961
    0.243781    0.915075   -0.000433    0.196571    0.805987      -37.493334       45.366803    8.179681    2.943717    0.075807    7.840961
    0.246269    0.915120   -0.004110    0.180372    0.846433      -39.070472       45.539026    8.291828    2.995029    0.075807    7.840961
    0.248756    0.915233   -0.007464    0.163417    0.873980      -40.636472       45.712008    8.403985    3.046349    0.075807    7.840961
    0.251244    0.915409   -0.010482    0.145960    0.889568      -42.182013       45.886378    8.516159    3.097685    0.075807    7.840961
    0.253731    0.915640   -0.013156    0.128237    0.894124      -43.698403       46.062712    8.628359    3.149041    0.075807    7.840961
    0.256219    0.915919   -0.015484    0.110466    0.888561      -45.177525       46.241538    8.740590    3.200425    0.075807    7.840961
    0.258706    0.916241   -0.017466    0.092846    0.873776      -46.611810       46.423331    8.852857    3.251841    0.075807    7.840961
    0.261194    0.916599   -0.019108    0.075557    0.850657      -47.994229       46.608517    8.965167    3.303294    0.075807    7.840961
    0.263682    0.916985   -0.020417    0.058765    0.820078      -49.318302       46.797471    9.077522    3.354787    0.075807    7.840961
    0.266169    0.917393   -0.021405    0.042614    0.782905      -50.578129       46.990518    9.189926    3.406323    0.075807    7.840961
    0.268657    0.917817   -0.022084    0.027233    0.739994      -51.768426       47.187931    9.302381    3.457905    0.075807    7.840961
    0.271144    0.918252   -0.022473    0.012733    0.692191      -52.884578       47.389931    9.414888    3.509535    0.075807    7.840961
    0.273632    0.918692   -0.022587   -0.000792    0.640331      -53.922687       47.596686    9.527450    3.561214    0.075807    7.840961
    0.276119    0.919132   -0.022449   -0.013266    0.585238      -54.879626       47.808310    9.640065    3.612943    0.075807    7.840961
    0.278607    0.919566   -0.022077   -0.024628    0.527716      -55.753095       48.024867    9.752734    3.664721    0.075807    7.840961
    0.281095    0.919992   -0.021495   -0.034835    0.468551      -56.541657       48.246367    9.865455    3.716548    0.075807    7.840961
    0.283582    0.920404   -0.020726   -0.043858    0.408504      -57.244776       48.472769    9.978228    3.768424    0.075807    7.840961
    0.286070    0.920799   -0.019792   -0.051685    0.348302      -57.862834       48.703984   10.091051    3.820345    0.075807    7.840961
    0.288557    0.921175   -0.018717   -0.058315    0.288637      -58.397131       48.939875   10.203920    3.872311    0.075807    7.840961
    0.291045    0.921528   -0.017525   -0.063765    0.230158      -58.849871       49.180263   10.316835    3.924320    0.075807    7.840961
    0.293532    0.921858   -0.016238   -0.068062    0.173464      -59.224122       49.424926   10.429791    3.976368    0.075807    7.840961
    0.296020    0.922161   -0.014877   -0.071246    0.119098      -59.523766       49.673609   10.542786    4.028453    0.075807    7.840961
    0.298507    0.922438   -0.013465   -0.073364    0.067545      -59.753419       49.926026   10.655817    4.080572    0.075807    7.840961
    0.300995    0.922686   -0.012022   -0.074477    0.019223      -59.918347       50.181864   10.768880    4.132722    0.075807    7.840961
    0.303483    0.922907   -0.010566   -0.074650   -0.025516      -60.024356       50.440791   10.881971    4.184899    0.075807    7.840961
    0.305970    0.923099   -0.009115   -0.073957   -0.066389      -60.077683       50.702461   10.995088    4.237100    0.075807    7.840961
    0.308458    0.923262   -0.007686   -0.072476   -0.103185      -60.084870       50.966517   11.108227    4.289322    0.075807    7.840961
    0.310945    0.923399   -0.006293   -0.070288   -0.135761      -60.052647       51.232600   11.221384    4.341561    0.075807    7.840961
    0.313433    0.923508   -0.004948   -0.067477   -0.164043      -59.987807       51.500354   11.334556    4.393815    0.075807    7.840961
    0.315920    0.923592   -0.003664   -0.064129   -0.188019      -59.897090       51.769429   11.447739    4.446080    0.075807    7.840961
    0.318408    0.923652   -0.002449   -0.060329   -0.207739      -59.787075       52.039486   11.560932    4.498354    0.075807    7.840961
    0.320896    0.923688   -0.001313   -0.056159   -0.223307      -59.664086       52.310202   11.674131    4.550633    0.075807    7.840961
    0.323383    0.923703   -0.000261   -0.051701   -0.234877      -59.534103       52.581273   11.787332    4.602915    0.075807    7.840961
    0.325871    0.923699    0.000703   -0.047033   -0.242644      -59.402700       52.852416   11.900535    4.655198    0.075807    7.840961
    0.328358    0.923676    0.001573   -0.042229   -0.246841      -59.274981       53.123372   12.013735    4.707479    0.075807    7.840961
    0.330846    0.923638    0.002350   -0.037357   -0.247727      -59.155549       53.393908   12.126932    4.759756    0.075807    7.840961
    0.333333    0.923585    0.003031   -0.032481   -0.245587      -59.048477       53.663815   12.240123    4.812028    0.075807    7.840961
    0.335821    0.923520    0.003617   -0.027660   -0.240719      -58.957296       53.932914   12.353308    4.864294    0.075807    7.840961
    0.338308    0.923445    0.004110   -0.022946   -0.233431      -58.884994       54.201049   12.466483    4.916551    0.075807    7.840961
    0.340796    0.923361    0.004513   -0.018385   -0.224034      -58.834028       54.468093   12.579649    4.968800    0.075807    7.840961
    0.343284    0.923269    0.004829   -0.014016   -0.212839      -58.806344       54.733944   12.692804    5.021038    0.075807    7.840961
    0.345771    0.923173    0.005061   -0.009874   -0.200151      -58.803398       54.998523   12.805947    5.073266    0.075807    7.840961
    0.348259    0.923073    0.005216   -0.005987   -0.186265      -58.826193       55.261773   12.919078    5.125482    0.075807    7.840961
    0.350746    0.922970    0.005297   -0.002377   -0.171460      -58.875313       55.523661   13.032197    5.177687    0.075807    7.840961
    0.353234    0.922866    0.005310    0.000939   -0.156003      -58.950959       55.784172   13.145303    5.229880    0.075807    7.840961
    0.355721    0.922763    0.005262    0.003949   -0.140141      -59.052990       56.043308   13.258397    5.282061    0.075807    7.840961
    0.358209    0.922661    0.005158    0.006646   -0.124101      -59.180960       56.301088   13.371478    5.334231    0.075807    7.840961
    0.360697    0.922562    0.005005    0.009028   -0.108092      -59.334162       56.557544   13.484546    5.386390    0.075807    7.840961
    0.363184    0.922466    0.004808    0.011095   -0.092299      -59.511660       56.812722   13.597603    5.438537    0.075807    7.840961
    0.365672    0.922375    0.004574    0.012853   -0.076887      -59.712328       57.066676   13.710648    5.490674    0.075807    7.840961
    0.368159    0.922288    0.004309    0.014310   -0.062000      -59.934885       57.319472   13.823682    5.542801    0.075807    7.840961
    0.370647    0.922207    0.004018    0.015476   -0.047761      -60.177925       57.571180   13.936706    5.594919    0.075807    7.840961
    0.373134    0.922132    0.003707    0.016365   -0.034273      -60.439947       57.821877   14.049720    5.647027    0.075807    7.840961
    0.375622    0.922063    0.003381    0.016991   -0.021622      -60.719381       58.071646   14.162726    5.699128    0.075807    7.840961
    0.378109    0.922000    0.003046    0.017371   -0.009871      -61.014614       58.320569   14.275723    5.751221    0.075807    7.840961
    0.380597    0.921944    0.002705    0.017524    0.000928      -61.324011       58.568732   14.388713    5.803308    0.075807    7.840961
    0.383085    0.921894    0.002363    0.017468    0.010743      -61.645934       58.816223   14.501697    5.855389    0.075807    7.840961
    0.385572    0.921852    0.002025    0.017222    0.019554      -61.978762       59.063128   14.614675    5.907464    0.075807    7.840961
    0.388060    0.921815    0.001693    0.016806    0.027356      -62.320901       59.309531   14.727648    5.959535    0.075807    7.840961
    0.390547    0.921785    0.001370    0.016240    0.034155      -62.670806       59.555515   14.840617    6.011603    0.075807    7.840961
    0.393035    0.921762    0.001060    0.015544    0.039966      -63.026983       59.801160   14.953583    6.063667    0.075807    7.840961
    0.395522    0.921744    0.000764    0.014737    0.044817      -63.388005       60.046544   15.066547    6.115729    0.075807    7.840961
    0.398010    0.921732    0.000486    0.013837    0.048740      -63.752519       60.291738   15.179508    6.167790    0.075807    7.840961
    0.400498    0.921725    0.000225    0.012864    0.051778      -64.119252       60.536813   15.292468    6.219849    0.075807    7.840961
    0.402985    0.921723   -0.000016    0.011834    0.053975      -64.487018       60.781832   15.405428    6.271908    0.075807    7.840961
    0.405473    0.921725   -0.000236    0.010763    0.055385      -64.854719       61.026855   15.518388    6.323967    0.075807    7.840961
    0.407960    0.921732   -0.000436    0.009667    0.056063      -65.221352       61.271935   15.631348    6.376026    0.075807    7.840961
    0.410448    0.921742   -0.000613    0.008560    0.056067      -65.586009       61.517122   15.744310    6.428086    0.075807    7.840961
    0.412935    0.921756   -0.000770    0.007456    0.055456      -65.947878       61.762460   15.857273    6.480148    0.075807    7.840961
    0.415423    0.921772   -0.000904    0.006365    0.054293      -66.306244       62.007987   15.970237    6.532211    0.075807    7.840961
    0.417910    0.921791   -0.001018    0.005299    0.052639      -66.660485       62.253737   16.083204    6.584277    0.075807    7.840961
    0.420398    0.921812   -0.001111    0.004268    0.050556      -67.010076       62.499738   16.196173    6.636344    0.075807    7.840961
    0.422886    0.921834   -0.001185    0.003278    0.048105      -67.354580       62.746013   16.309145    6.688414    0.075807    7.840961
    0.425373    0.921858   -0.001239    0.002339    0.045344      -67.693653       62.992581   16.422120    6.740487    0.075807    7.840961
    0.427861    0.921882   -0.001276    0.001454    0.042331      -68.027031       63.239456   16.535098    6.792562    0.075807    7.840961
    0.430348    0.921908   -0.001297    0.000630    0.039122      -68.354533       63.486647   16.648079    6.844640    0.075807    7.840961
    0.432836    0.921933   -0.001301   -0.000130    0.035767      -68.676054       63.734160   16.761062    6.896721    0.075807    7.840961
    0.435323    0.921958   -0.001292   -0.000824    0.032317      -68.991560       63.981996   16.874049    6.948805    0.075807    7.840961
    0.437811    0.921983   -0.001270   -0.001450    0.028818      -69.301083       64.230153   16.987040    7.000892    0.075807    7.840961
    0.440299    0.922008   -0.001236   -0.002006    0.025311      -69.604713       64.478626   17.100033    7.052982    0.075807    7.840961
    0.442786    0.922031   -0.001192   -0.002494    0.021835      -69.902596       64.727407   17.213029    7.105074    0.075807    7.840961
    0.445274    0.922054   -0.001139   -0.002913    0.018426      -70.194927       64.976485   17.326028    7.157169    0.075807    7.840961
    0.447761    0.922076   -0.001079   -0.003265    0.015114      -70.481941       65.225848   17.439029    7.209266    0.075807    7.840961
    0.450249    0.922096   -0.001012   -0.003553    0.011927      -70.763913       65.475481   17.552033    7.261366    0.075807    7.840961
    0.452736    0.922115   -0.000940   -0.003778    0.008889      -71.041145       65.725367   17.665040    7.313468    0.075807    7.840961
    0.455224    0.922133   -0.000865   -0.003944    0.006019      -71.313965       65.975489   17.778049    7.365572    0.075807    7.840961
    0.457711    0.922149   -0.000787   -0.004053    0.003334      -71.582723       66.225827   17.891060    7.417678    0.075807    7.840961
    0.460199    0.922163   -0.000707   -0.004111    0.000847      -71.847779       66.476363   18.004073    7.469786    0.075807    7.840961
    0.462687    0.922176   -0.000627   -0.004120   -0.001434      -72.109505       66.727076   18.117087    7.521895    0.075807    7.840961
    0.465174    0.922188   -0.000547   -0.004085   -0.003500      -72.368275       66.977947   18.230103    7.574006    0.075807    7.840961
    0.467662    0.922198   -0.000468   -0.004010   -0.005350      -72.624465       67.228956   18.343120    7.626117    0.075807    7.840961
    0.470149    0.922206   -0.000391   -0.003899   -0.006982      -72.878445       67.480082   18.456139    7.678230    0.075807    7.840961
    0.472637    0.922213   -0.000316   -0.003757   -0.008397      -73.130578       67.731306   18.569158    7.730344    0.075807    7.840961
    0.475124    0.922218   -0.000244   -0.003587   -0.009600      -73.381217       67.982610   18.682178    7.782459    0.075807    7.840961
    0.477612    0.922223   -0.000176   -0.003395   -0.010597      -73.630700       68.233976   18.795199    7.834574    0.075807    7.840961
    0.480100    0.922225   -0.000112   -0.003183   -0.011394      -73.879348       68.485386   18.908220    7.886689    0.075807    7.840961
    0.482587    0.922227   -0.000052   -0.002957   -0.012001      -74.127464       68.736824   19.021241    7.938805    0.075807    7.840961
    0.485075    0.922227    0.000003   -0.002719   -0.012428      -74.375333       68.988276   19.134263    7.990920    0.075807    7.840961
    0.487562    0.922227    0.000054   -0.002473   -0.012687      -74.623216       69.239726   19.247284    8.043036    0.075807    7.840961
    0.490050    0.922225    0.000100   -0.002223   -0.012789      -74.871353       69.491164   19.360306    8.095152    0.075807    7.840961
    0.492537    0.922223    0.000141   -0.001970   -0.012748      -75.119960       69.742576   19.473327    8.147267    0.075807    7.840961
    0.495025    0.922220    0.000177   -0.001720   -0.012577      -75.369232       69.993953   19.586348    8.199382    0.075807    7.840961
    0.497512    0.922216    0.000208   -0.001473   -0.012288      -75.619337       70.245285   19.699368    8.251497    0.075807    7.840961
    0.500000    0.922212    0.000234   -0.001232   -0.011896      -75.870423       70.496565   19.812388    8.303611    0.075807    7.840961
    0.502488    0.922207    0.000256   -0.000998   -0.011413      -76.122615       70.747787   19.925407    8.355725    0.075807    7.840961
    0.504975    0.922202    0.000273   -0.000775   -0.010854      -76.376015       70.998944   20.038426    8.407838    0.075807    7.840961
    0.507463    0.922196    0.000286   -0.000563   -0.010229      -76.630703       71.250032   20.151444    8.459951    0.075807    7.840961
    0.509950    0.922191    0.000295   -0.000363   -0.009553      -76.886742       71.501049   20.264461    8.512063    0.075807    7.840961
    0.512438    0.922185    0.000300   -0.000177   -0.008836      -77.144172       71.751991   20.377478    8.564174    0.075807    7.840961
    0.514925    0.922179    0.000302   -0.000005   -0.008090      -77.403019       72.002858   20.490494    8.616285    0.075807    7.840961
    0.517413    0.922173    0.000301    0.000152   -0.007325      -77.663290       72.253649   20.603509    8.668395    0.075807    7.840961
    0.519900    0.922167    0.000296    0.000294   -0.006551      -77.924977       72.504364   20.716524    8.720504    0.075807    7.840961
    0.522388    0.922162    0.000289    0.000421   -0.005777      -78.188060       72.755005   20.829538    8.772613    0.075807    7.840961
    0.524876    0.922156    0.000280    0.000533   -0.005010      -78.452505       73.005574   20.942551    8.824721    0.075807    7.840961
    0.527363    0.922151    0.000269    0.000630   -0.004258      -78.718268       73.256072   21.055563    8.876828    0.075807    7.840961
    0.529851    0.922146    0.000256    0.000712   -0.003527      -78.985294       73.506503   21.168575    8.928935    0.075807    7.840961
    0.532338    0.922141    0.000241    0.000779   -0.002824      -79.253522       73.756870   21.281586    8.981041    0.075807    7.840961
    0.534826    0.922136    0.000225    0.000833   -0.002152      -79.522882       74.007176   21.394597    9.033147    0.075807    7.840961
    0.537313    0.922132    0.000209    0.000874   -0.001516      -79.793302       74.257426   21.507607    9.085252    0.075807    7.840961
    0.539801    0.922128    0.000191    0.000902   -0.000919      -80.064701       74.507623   21.620616    9.137357    0.075807    7.840961
    0.542289    0.922124    0.000174    0.000919   -0.000365      -80.336998       74.757773   21.733626    9.189461    0.075807    7.840961
    0.544776    0.922121    0.000156    0.000925    0.000147      -80.610110       75.007879   21.846634    9.241565    0.075807    7.840961
    0.547264    0.922118    0.000138    0.000920    0.000613      -80.883952       75.257946   21.959643    9.293669    0.075807    7.840961
    0.549751    0.922116    0.000120    0.000907    0.001033      -81.158440       75.507978   22.072651    9.345772    0.075807    7.840961
    0.552239    0.922114    0.000102    0.000886    0.001408      -81.433489       75.757981   22.185658    9.397875    0.075807    7.840961
    0.554726    0.922112    0.000085    0.000857    0.001738      -81.709018       76.007958   22.298666    9.449978    0.075807    7.840961
    0.557214    0.922110    0.000069    0.000822    0.002022      -81.984946       76.257913   22.411673    9.502080    0.075807    7.840961
    0.559701    0.922109    0.000053    0.000782    0.002264      -82.261198       76.507852   22.524680    9.554183    0.075807    7.840961
    0.562189    0.922108    0.000038    0.000737    0.002464      -82.537699       76.757777   22.637687    9.606285    0.075807    7.840961
    0.564677    0.922108    0.000024    0.000688    0.002624      -82.814380       77.007692   22.750694    9.658388    0.075807    7.840961
    0.567164    0.922107    0.000011    0.000636    0.002747      -83.091175       77.257601   22.863701    9.710490    0.075807    7.840961
    0.569652    0.922107   -0.000000    0.000581    0.002834      -83.368025       77.507508   22.976708    9.762592    0.075807    7.840961
    0.572139    0.922107   -0.000011    0.000525    0.002889      -83.644874       77.757414   23.089715    9.814694    0.075807    7.840961
    0.574627    0.922108   -0.000021    0.000468    0.002914      -83.921670       78.007323   23.202721    9.866796    0.075807    7.840961
    0.577114    0.922108   -0.000029    0.000411    0.002912      -84.198369       78.257238   23.315728    9.918899    0.075807    7.840961
    0.579602    0.922109   -0.000037    0.000354    0.002886      -84.474931       78.507160   23.428735    9.971001    0.075807    7.840961
    0.582090    0.922110   -0.000043    0.000297    0.002839      -84.751319       78.757091   23.541742   10.023103    0.075807    7.840961
    0.584577    0.922111   -0.000048    0.000241    0.002774      -85.027506       79.007032   23.654749   10.075206    0.075807    7.840961
    0.587065    0.922112   -0.000053    0.000187    0.002694      -85.303465       79.256986   23.767757   10.127309    0.075807    7.840961
    0.589552    0.922113   -0.000056    0.000134    0.002602      -85.579178       79.506953   23.880764   10.179411    0.075807    7.840961
    0.592040    0.922114   -0.000058    0.000083    0.002501      -85.854629       79.756935   23.993772   10.231514    0.075807    7.840961
    0.594527    0.922115   -0.000059    0.000033    0.002393      -86.129809       80.006930   24.106779   10.283617    0.075807    7.840961
    0.597015    0.922116   -0.000059   -0.000014    0.002283      -86.404713       80.256940   24.219787   10.335720    0.075807    7.840961
    0.599502    0.922117   -0.000058   -0.000058    0.002172      -86.679339       80.506966   24.332795   10.387824    0.075807    7.840961
    0.601990    0.922118   -0.000057   -0.000101    0.002064      -86.953692       80.757005   24.445803   10.439927    0.075807    7.840961
    0.604478    0.922119   -0.000055   -0.000141    0.001960      -87.227777       81.007059   24.558811   10.492030    0.075807    7.840961
    0.606965    0.922120   -0.000051   -0.000180    0.001864      -87.501606       81.257127   24.671820   10.544134    0.075807    7.840961
    0.609453    0.922121   -0.000048   -0.000217    0.001778      -87.775194       81.507208   24.784828   10.596238    0.075807    7.840961
    0.611940    0.922122   -0.000043   -0.000252    0.001704      -88.048559       81.757300   24.897837   10.648342    0.075807    7.840961
    0.614428    0.922123   -0.000038   -0.000285    0.001645      -88.321723       82.007403   25.010845   10.700446    0.075807    7.840961
    0.616915    0.922124   -0.000032   -0.000318    0.001604      -88.594710       82.257516   25.123854   10.752550    0.075807    7.840961
    0.619403    0.922124   -0.000025   -0.000349    0.001582      -88.867547       82.507637   25.236863   10.804654    0.075807    7.840961
    0.621891    0.922125   -0.000018   -0.000381    0.001582      -89.140265       82.757764   25.349872   10.856758    0.075807    7.840961
    0.624378    0.922125   -0.000011   -0.000412    0.001606      -89.412898       83.007895   25.462881   10.908862    0.075807    7.840961
    0.626866    0.922125   -0.000002   -0.000444    0.001657      -89.685481       83.258030   25.575890   10.960966    0.075807    7.840961
    0.629353    0.922125    0.000007   -0.000477    0.001738      -89.958055       83.508164   25.688899   11.013070    0.075807    7.840961
    0.631841    0.922125    0.000016   -0.000512    0.001851      -90.230661       83.758297   25.801908   11.065175    0.075807    7.840961
    0.634328    0.922124    0.000027   -0.000549    0.001999      -90.503344       84.008426   25.914917   11.117279    0.075807    7.840961
    0.636816    0.922124    0.000038   -0.000589    0.002185      -90.776153       84.258548   26.027925   11.169383    0.075807    7.840961
    0.639303    0.922123    0.000050   -0.000632    0.002412      -91.049141       84.508661   26.140934   11.221487    0.075807    7.840961
    0.641791    0.922122    0.000063   -0.000681    0.002683      -91.322362       84.758761   26.253943   11.273591    0.075807    7.840961
    0.644279    0.922120    0.000076   -0.000734    0.003004      -91.595877       85.008846   26.366951   11.325695    0.075807    7.840961
    0.646766    0.922119    0.000091   -0.000795    0.003377      -91.869752       85.258911   26.479960   11.377798    0.075807    7.840961
    0.649254    0.922117    0.000107   -0.000862    0.003808      -92.144055       85.508953   26.592968   11.429902    0.075807    7.840961
    0.651741    0.922115    0.000125   -0.000939    0.004301      -92.418862       85.758969   26.705976   11.482005    0.075807    7.840961
    0.654229    0.922112    0.000144   -0.001025    0.004862      -92.694257       86.008953   26.818983   11.534108    0.075807    7.840961
    0.656716    0.922109    0.000165   -0.001122    0.005499      -92.970328       86.258901   26.931990   11.586210    0.075807    7.840961
    0.659204    0.922106    0.000188   -0.001232    0.006217      -93.247174       86.508808   27.044997   11.638312    0.075807    7.840961
    0.661692    0.922102    0.000213   -0.001357    0.007024      -93.524902       86.758667   27.158004   11.690414    0.075807    7.840961
    0.664179    0.922097    0.000241   -0.001497    0.007930      -93.803630       87.008473   27.271009   11.742515    0.075807    7.840961
    0.666667    0.922092    0.000272   -0.001656    0.008943      -94.083488       87.258219   27.384015   11.794616    0.075807    7.840961
    0.669154    0.922087    0.000306   -0.001834    0.010075      -94.364620       87.507896   27.497019   11.846716    0.075807    7.840961
    0.671642    0.922080    0.000343   -0.002036    0.011337      -94.647185       87.757497   27.610023   11.898816    0.075807    7.840961
    0.674129    0.922073    0.000385   -0.002262    0.012742      -94.931359       88.007012   27.723026   11.950915    0.075807    7.840961
    0.676617    0.922065    0.000432   -0.002516    0.014305      -95.217336       88.256431   27.836028   12.003013    0.075807    7.840961
    0.679104    0.922056    0.000484   -0.002801    0.016042      -95.505334       88.505741   27.949030   12.055110    0.075807    7.840961
    0.681592    0.922046    0.000541   -0.003121    0.017969      -95.795592       88.754931   28.062029   12.107205    0.075807    7.840961
    0.684080    0.922035    0.000606   -0.003479    0.020107      -96.088380       89.003985   28.175028   12.159300    0.075807    7.840961
    0.686567    0.922023    0.000677   -0.003879    0.022476      -96.383995       89.252887   28.288025   12.211393    0.075807    7.840961
    0.689055    0.922009    0.000757   -0.004326    0.025100      -96.682768       89.501621   28.401021   12.263485    0.075807    7.840961
    0.691542    0.921993    0.000846   -0.004825    0.028004      -96.985069       89.750165   28.514015   12.315575    0.075807    7.840961
    0.694030    0.921976    0.000946   -0.005382    0.031216      -97.291308       89.998498   28.627006   12.367664    0.075807    7.840961
    0.696517    0.921956    0.001057   -0.006002    0.034765      -97.601941       90.246596   28.739996   12.419750    0.075807    7.840961
    0.699005    0.921934    0.001180   -0.006692    0.038686      -97.917477       90.494430   28.852983   12.471834    0.075807    7.840961
    0.701493    0.921910    0.001318   -0.007460    0.043014      -98.238480       90.741971   28.965967   12.523915    0.075807    7.840961
    0.703980    0.921883    0.001472   -0.008313    0.047786      -98.565578       90.989184   29.078948   12.575993    0.075807    7.840961
    0.706468    0.921852    0.001643   -0.009260    0.053046      -98.899465       91.236031   29.191926   12.628069    0.075807    7.840961
    0.708955    0.921819    0.001834   -0.010311    0.058838      -99.240914       91.482471   29.304899   12.680140    0.075807    7.840961
    0.711443    0.921781    0.002046   -0.011475    0.065210      -99.590781       91.728457   29.417868   12.732207    0.075807    7.840961
    0.713930    0.921739    0.002282   -0.012765    0.072213      -99.950012       91.973937   29.530832   12.784270    0.075807    7.840961
    0.716418    0.921692    0.002545   -0.014193    0.079905     -100.319653       92.218855   29.643791   12.836328    0.075807    7.840961
    0.718905    0.921639    0.002837   -0.015772    0.088341     -100.700861       92.463146   29.756744   12.888380    0.075807    7.840961
    0.721393    0.921581    0.003161   -0.017516    0.097586     -101.094909       92.706740   29.869690   12.940426    0.075807    7.840961
    0.723881    0.921516    0.003521   -0.019441    0.107705     -101.503201       92.949560   29.982628   12.992465    0.075807    7.840961
    0.726368    0.921443    0.003921   -0.021564    0.118765     -101.927279       93.191519   30.095558   13.044496    0.075807    7.840961
    0.728856    0.921362    0.004364   -0.023904    0.130839     -102.368836       93.432524   30.208479   13.096518    0.075807    7.840961
    0.731343    0.921272    0.004855   -0.026479    0.144001     -102.829723       93.672471   30.321389   13.148530    0.075807    7.840961
    0.733831    0.921173    0.005399   -0.029311    0.158328     -103.311967       93.911244   30.434287   13.200532    0.075807    7.840961
    0.736318    0.921062    0.006000   -0.032421    0.173896     -103.817773       94.148719   30.547173   13.252522    0.075807    7.840961
    0.738806    0.920938    0.006665   -0.035835    0.190786     -104.349543       94.384757   30.660044   13.304498    0.075807    7.840961
    0.741294    0.920801    0.007400   -0.039576    0.209076     -104.909877       94.619209   30.772899   13.356459    0.075807    7.840961
    0.743781    0.920649    0.008212   -0.043672    0.228843     -105.501589       94.851909   30.885737   13.408404    0.075807    7.840961
    0.746269    0.920480    0.009106   -0.048150    0.250164     -106.127708       95.082679   30.998555   13.460330    0.075807    7.840961
    0.748756    0.920293    0.010093   -0.053040    0.273109     -106.791484       95.311324   31.111351   13.512236    0.075807    7.840961
    0.751244    0.920086    0.011178   -0.058372    0.297745     -107.496390       95.537633   31.224123   13.564119    0.075807    7.840961
    0.753731    0.919856    0.012373   -0.064178    0.324132     -108.246120       95.761379   31.336868   13.615976    0.075807    7.840961
    0.756219    0.919602    0.013685   -0.070491    0.352318     -109.044583       95.982315   31.449584   13.667806    0.075807    7.840961
    0.758706    0.919322    0.015126   -0.077343    0.382341     -109.895887       96.200179   31.562267   13.719605    0.075807    7.840961
    0.761194    0.919011    0.016706   -0.084769    0.414227     -110.804328       96.414686   31.674913   13.771369    0.075807    7.840961
    0.763682    0.918669    0.018437   -0.092802    0.447982     -111.774360       96.625537   31.787520   13.823095    0.075807    7.840961
    0.766169    0.918291    0.020330   -0.101476    0.483594     -112.810564       96.832412   31.900083   13.874779    0.075807    7.840961
    0.768657    0.917875    0.022400   -0.110825    0.521030     -113.917602       97.034972   32.012597   13.926416    0.075807    7.840961
    0.771144    0.917416    0.024658   -0.120881    0.560230     -115.100172       97.232863   32.125057   13.978001    0.075807    7.840961
    0.773632    0.916912    0.027120   -0.131674    0.601110     -116.362937       97.425714   32.237459   14.029529    0.075807    7.840961
    0.776119    0.916357    0.029800   -0.143233    0.643552     -117.710460       97.613138   32.349795   14.080994    0.075807    7.840961
    0.778607    0.915748    0.032713   -0.155585    0.687409     -119.147110       97.794738   32.462061   14.132390    0.075807    7.840961
    0.781095    0.915080    0.035874   -0.168752    0.732500     -120.676976       97.970105   32.574248   14.183709    0.075807    7.840961
    0.783582    0.914347    0.039301   -0.182754    0.778609     -122.303755       98.138825   32.686349   14.234943    0.075807    7.840961
    0.786070    0.913545    0.043009   -0.197604    0.825486     -124.030643       98.300481   32.798356   14.286085    0.075807    7.840961
    0.788557    0.912668    0.047015   -0.213313    0.872844     -125.860217       98.454657   32.910261   14.337124    0.075807    7.840961
    0.791045    0.911710    0.051336   -0.229883    0.920368     -127.794308       98.600946   33.022053   14.388050    0.075807    7.840961
    0.793532    0.910664    0.055988   -0.247314    0.967707     -129.833886       98.738950   33.133722   14.438853    0.075807    7.840961
    0.796020    0.909524    0.060989   -0.265594    1.014489     -131.978941       98.868290   33.245258   14.489521    0.075807    7.840961
    0.798507    0.908284    0.066355   -0.284707    1.060316     -134.228380       98.988611   33.356648   14.540040    0.075807    7.840961
    0.800995    0.906935    0.072101   -0.304629    1.104777     -136.579933       99.099589   33.467879   14.590397    0.075807    7.840961
    0.803483    0.905471    0.078243   -0.325329    1.147451     -139.030089       99.200934   33.578938   14.640577    0.075807    7.840961
    0.805970    0.903884    0.084797   -0.346765    1.187916     -141.574047       99.292401   33.689810   14.690563    0.075807    7.840961
    0.808458    0.902164    0.091775   -0.368890    1.225758     -144.205710       99.373790   33.800479   14.740337    0.075807    7.840961
    0.810945    0.900306    0.099191   -0.391649    1.260579     -146.917699       99.444958   33.910930   14.789882    0.075807    7.840961
    0.813433    0.898299    0.107057   -0.414981    1.292006     -149.701418       99.505816   34.021143   14.839177    0.075807    7.840961
    0.815920    0.896134    0.115383   -0.438816    1.319701     -152.547141       99.556338   34.131101   14.888201    0.075807    7.840961
    0.818408    0.893804    0.124178   -0.463080    1.343368     -155.444151       99.596558   34.240784   14.936932    0.075807    7.840961
    0.820896    0.891300    0.133450   -0.487695    1.362760     -158.380898       99.626576   34.350171   14.985345    0.075807    7.840961
    0.823383    0.888611    0.143204   -0.512578    1.377687     -161.345190       99.646555   34.459239   15.033415    0.075807    7.840961
    0.825871    0.885729    0.153446   -0.537643    1.388016     -164.324410       99.656719   34.567966   15.081117    0.075807    7.840961
    0.828358    0.882646    0.164178   -0.562803    1.393678     -167.305737       99.657350   34.676328   15.128421    0.075807    7.840961
    0.830846    0.879351    0.175401   -0.587972    1.394670     -170.276382       99.648785   34.784299   15.175299    0.075807    7.840961
    0.833333    0.875835    0.187114   -0.613064    1.391048     -173.223813       99.631410   34.891853   15.221722    0.075807    7.840961
    0.835821    0.872091    0.199316   -0.637994    1.382930     -176.135972       99.605654   34.998962   15.267657    0.075807    7.840961
    0.838308    0.868109    0.212001   -0.662681    1.370491     -179.001469       99.571981   35.105597   15.313072    0.075807    7.840961
    0.840796    0.863880    0.225165   -0.687049    1.353954     -181.809756       99.530885   35.211730   15.357935    0.075807    7.840961
    0.843284    0.859396    0.238800   -0.711026    1.333588     -184.551262       99.482881   35.317328   15.402212    0.075807    7.840961
    0.845771    0.854650    0.252899   -0.734546    1.309697     -187.217505       99.428496   35.422362   15.445868    0.075807    7.840961
    0.848259    0.849633    0.267451   -0.757550    1.282613     -189.801155       99.368265   35.526797   15.488868    0.075807    7.840961
    0.850746    0.844338    0.282447   -0.779983    1.252691     -192.296081       99.302723   35.630600   15.531179    0.075807    7.840961
    0.853234    0.838758    0.297874   -0.801800    1.220295     -194.697347       99.232397   35.733737   15.572764    0.075807    7.840961
    0.855721    0.832887    0.313720   -0.822962    1.185794     -197.001194       99.157804   35.836172   15.613588    0.075807    7.840961
    0.858209    0.826718    0.329973   -0.843436    1.149557     -199.204992       99.079442   35.937870   15.653618    0.075807    7.840961
    0.860697    0.820245    0.346618   -0.863198    1.111943     -201.307165       98.997789   36.038793   15.692818    0.075807    7.840961
    0.863184    0.813464    0.363641   -0.882228    1.073296     -203.307115       98.913298   36.138904   15.731157    0.075807    7.840961
    0.865672    0.806369    0.381029   -0.900514    1.033943     -205.205120       98.826397   36.238165   15.768601    0.075807    7.840961
    0.868159    0.798956    0.398765   -0.918051    0.994190     -207.002238       98.737484   36.336537   15.805119    0.075807    7.840961
    0.870647    0.791221    0.416837   -0.934836    0.954317     -208.700198       98.646927   36.433980   15.840683    0.075807    7.840961
    0.873134    0.783161    0.435228   -0.950873    0.914578     -210.301301       98.555066   36.530456   15.875263    0.075807    7.840961
    0.875622    0.774773    0.453925   -0.966170    0.875201     -211.808320       98.462210   36.625924   15.908833    0.075807    7.840961
    0.878109    0.766055    0.472913   -0.980739    0.836386     -213.224401       98.368637   36.720344   15.941370    0.075807    7.840961
    0.880597    0.757004    0.492179   -0.994596    0.798307     -214.552983       98.274600   36.813675   15.972852    0.075807    7.840961
    0.883085    0.747620    0.511708   -1.007757    0.761111     -215.797714       98.180320   36.905876   16.003258    0.075807    7.840961
    0.885572    0.737902    0.531487   -1.020244    0.724922     -216.962384       98.085996   36.996907   16.032572    0.075807    7.840961
    0.888060    0.727850    0.551503   -1.032078    0.689839     -218.050861       97.991800   37.086726   16.060778    0.075807    7.840961
    0.890547    0.717462    0.571744   -1.043284    0.655940     -219.067041       97.897882   37.175293   16.087867    0.075807    7.840961
    0.893035    0.706742    0.592197   -1.053884    0.623284     -220.014798       97.804369   37.262567   16.113827    0.075807    7.840961
    0.895522    0.695688    0.612852   -1.063905    0.591912     -220.897953       97.711369   37.348506   16.138655    0.075807    7.840961
    0.898010    0.684304    0.633697   -1.073373    0.561849     -221.720241       97.618974   37.433070   16.162346    0.075807    7.840961
    0.900498    0.672590    0.654721   -1.082313    0.533107     -222.485286       97.527255   37.516219   16.184901    0.075807    7.840961
    0.902985    0.660550    0.675914   -1.090751    0.505686     -223.196585       97.436272   37.597912   16.206323    0.075807    7.840961
    0.905473    0.648186    0.697267   -1.098712    0.479574     -223.857495       97.346068   37.678110   16.226620    0.075807    7.840961
    0.907960    0.635502    0.718772   -1.106222    0.454752     -224.471221       97.256677   37.756773   16.245799    0.075807    7.840961
    0.910448    0.622501    0.740418   -1.113305    0.431192     -225.040811       97.168119   37.833863   16.263875    0.075807    7.840961
    0.912935    0.609188    0.762199   -1.119984    0.408863     -225.569158       97.080406   37.909339   16.280862    0.075807    7.840961
    0.915423    0.595566    0.784106   -1.126283    0.387725     -226.058991       96.993540   37.983165   16.296778    0.075807    7.840961
    0.917910    0.581641    0.806132   -1.132224    0.367738     -226.512884       96.907516   38.055303   16.311646    0.075807    7.840961
    0.920398    0.567418    0.828272   -1.137828    0.348856     -226.933258       96.822320   38.125717   16.325490    0.075807    7.840961
    0.922886    0.552902    0.850517   -1.143114    0.331034     -227.322382       96.737935   38.194369   16.338335    0.075807    7.840961
    0.925373    0.538099    0.872862   -1.148104    0.314223     -227.682380       96.654335   38.261224   16.350211    0.075807    7.840961
    0.927861    0.523016    0.895302   -1.152814    0.298373     -228.015239       96.571491   38.326248   16.361150    0.075807    7.840961
    0.930348    0.507658    0.917831   -1.157262    0.283436     -228.322814       96.489370   38.389407   16.371184    0.075807    7.840961
    0.932836    0.492033    0.940445   -1.161465    0.269361     -228.606832       96.407935   38.450667   16.380351    0.075807    7.840961
    0.935323    0.476148    0.963138   -1.165438    0.256099     -228.868903       96.327143   38.509996   16.388685    0.075807    7.840961
    0.937811    0.460009    0.985907   -1.169196    0.243599     -229.110523       96.246951   38.567363   16.396227    0.075807    7.840961
    0.940299    0.443625    1.008747   -1.172753    0.231813     -229.333085       96.167312   38.622737   16.403017    0.075807    7.840961
    0.942786    0.427003    1.031655   -1.176120    0.220691     -229.537880       96.088178   38.676089   16.409095    0.075807    7.840961
    0.945274    0.410152    1.054626   -1.179311    0.210184     -229.726109       96.009496   38.727389   16.414503    0.075807    7.840961
    0.947761    0.393079    1.077658   -1.182335    0.200242     -229.898884       95.931212   38.776610   16.419284    0.075807    7.840961
    0.950249    0.375793    1.100748   -1.185204    0.190817     -230.057238       95.853272   38.823726   16.423481    0.075807    7.840961
    0.952736    0.358303    1.123892   -1.187925    0.181859     -230.202128       95.775619   38.868710   16.427137    0.075807    7.840961
    0.955224    0.340617    1.147088   -1.190509    0.173315     -230.334439       95.698195   38.911540   16.430295    0.075807    7.840961
    0.957711    0.322745    1.170332   -1.192961    0.165133     -230.454994       95.620938   38.952190   16.432997    0.075807    7.840961
    0.960199    0.304697    1.193624   -1.195289    0.157259     -230.564554       95.543789   38.990639   16.435286    0.075807    7.840961
    0.962687    0.286481    1.216960   -1.197499    0.149634     -230.663822       95.466685   39.026866   16.437201    0.075807    7.840961
    0.965174    0.268107    1.240337   -1.199594    0.142196     -230.753452       95.389562   39.060851   16.438784    0.075807    7.840961
    0.967662    0.249585    1.263755   -1.201580    0.134879     -230.834047       95.312356   39.092574   16.440072    0.075807    7.840961
    0.970149    0.230925    1.287210   -1.203458    0.127609     -230.906167       95.235001   39.122020   16.441103    0.075807    7.840961
    0.972637    0.212137    1.310701   -1.205229    0.120308     -230.970331       95.157431   39.149170   16.441912    0.075807    7.840961
    0.975124    0.193231    1.334225   -1.206894    0.112883     -231.027017       95.079577   39.174011   16.442532    0.075807    7.840961
    0.977612    0.174217    1.357781   -1.208452    0.105236     -231.076670       95.001372   39.196528   16.442995    0.075807    7.840961
    0.980100    0.155106    1.381366   -1.209899    0.097250     -231.119702       94.922746   39.216708   16.443328    0.075807    7.840961
    0.982587    0.135909    1.404978   -1.211229    0.088794     -231.156496       94.843628   39.234542   16.443558    0.075807    7.840961
    0.985075    0.116635    1.428615   -1.212436    0.079717     -231.187406       94.763950   39.250017   16.443709    0.075807    7.840961
    0.987562    0.097296    1.452274   -1.213510    0.069842     -231.212763       94.683637   39.263127   16.443801    0.075807    7.840961
    0.990050    0.077903    1.475952   -1.214438    0.058966     -231.232875       94.602620   39.273863   16.443851    0.075807    7.840961
    0.992537    0.058465    1.499648   -1.215202    0.046850     -231.248033       94.520824   39.282219   16.443875    0.075807    7.840961
    0.995025    0.038995    1.523356   -1.215784    0.033213     -231.258511       94.438177   39.288192   16.443884    0.075807    7.840961
    0.997512    0.019503    1.547074   -1.216156    0.017726     -231.264580       94.354605   39.291776   16.443886    0.075807    7.840961
    1.000000   -0.000000    1.570796   -1.216289    0.000000     -231.266523       94.270033   39.292972   16.443887    0.075807    7.840961
