           t           r         psi          cs          qs               p             sig           A           V          Q2           S
    0.000000    0.000000   -1.570796   -0.891394    0.000000    -8328.404621     4730.901462    0.000000   -0.000000    0.251870    2.473641
    0.009804    0.024249   -1.549111   -0.898981    0.706709    -8330.140885     4669.782855    0.001848    0.000000    0.251870    2.473641
    0.019608    0.048487   -1.527142   -0.913318    0.921501    -8335.561670     4610.173434    0.007389    0.000004    0.251870    2.473641
    0.029412    0.072702   -1.504796   -0.929794    1.016134    -8344.955076     4552.036131    0.016623    0.000020    0.251870    2.473641
    0.039216    0.096880   -1.482035   -0.947413    1.079889    -8358.619628     4495.339693    0.029544    0.000063    0.251870    2.473641
    0.049020    0.121009   -1.458836   -0.965991    1.136455    -8376.875510     4440.059310    0.046145    0.000155    0.251870    2.473641
    0.058824    0.145075   -1.435174   -0.985544    1.193058    -8400.069353     4386.177313    0.066418    0.000323    0.251870    2.473641
    0.068627    0.169061   -1.411026   -1.006142    1.252350    -8428.577750     4333.683971    0.090353    0.000601    0.251870    2.473641
    0.078431    0.192954   -1.386365   -1.027875    1.315546    -8462.810151     4282.578397    0.117935    0.001030    0.251870    2.473641
    0.088235    0.216736   -1.361161   -1.050845    1.383326    -8503.211342     4232.869579    0.149150    0.001658    0.251870    2.473641
    0.098039    0.240389   -1.335385   -1.075159    1.456131    -8550.263485     4184.577549    0.183979    0.002539    0.251870    2.473641
    0.107843    0.263894   -1.309001   -1.100931    1.534253    -8604.487631     4137.734719    0.222402    0.003733    0.251870    2.473641
    0.117647    0.287232   -1.281974   -1.128279    1.617862    -8666.444492     4092.387397    0.264393    0.005309    0.251870    2.473641
    0.127451    0.310381   -1.254263   -1.157321    1.706988    -8736.734165     4048.597501    0.309927    0.007340    0.251870    2.473641
    0.137255    0.333317   -1.225826   -1.188176    1.801498    -8815.994397     4006.444505    0.358972    0.009906    0.251870    2.473641
    0.147059    0.356018   -1.196618   -1.220959    1.901042    -8904.896831     3966.027621    0.411494    0.013094    0.251870    2.473641
    0.156863    0.378455   -1.166590   -1.255775    2.004991    -9004.140523     3927.468243    0.467455    0.016997    0.251870    2.473641
    0.166667    0.400602   -1.135692   -1.292713    2.112355    -9114.441810     3890.912646    0.526814    0.021711    0.251870    2.473641
    0.176471    0.422428   -1.103872   -1.331837    2.221682    -9236.519407     3856.534944    0.589523    0.027339    0.251870    2.473641
    0.186275    0.443902   -1.071076   -1.373177    2.330943    -9371.073361     3824.540274    0.655532    0.033987    0.251870    2.473641
    0.196078    0.464988   -1.037251   -1.416711    2.437395    -9518.756261     3795.168147    0.724784    0.041763    0.251870    2.473641
    0.205882    0.485651   -1.002345   -1.462351    2.537442    -9680.134909     3768.695857    0.797216    0.050780    0.251870    2.473641
    0.215686    0.505850   -0.966307   -1.509924    2.626486    -9855.640585     3745.441802    0.872763    0.061147    0.251870    2.473641
    0.225490    0.525544   -0.929096   -1.559144    2.698804   -10045.506147     3725.768459    0.951349    0.072976    0.251870    2.473641
    0.235294    0.544689   -0.890675   -1.609590    2.747468   -10249.688730     3710.084679    1.032896    0.086373    0.251870    2.473641
    0.245098    0.563239   -0.851021   -1.660677    2.764348   -10467.777809     3698.846847    1.117314    0.101439    0.251870    2.473641
    0.254902    0.581145   -0.810128   -1.711629    2.740249   -10698.890230     3692.558285    1.204511    0.118268    0.251870    2.473641
    0.264706    0.598356   -0.768011   -1.761460    2.665240   -10941.556609     3691.766187    1.294384    0.136943    0.251870    2.473641
    0.274510    0.614823   -0.724711   -1.808962    2.529234   -11193.607437     3697.055187    1.386823    0.157530    0.251870    2.473641
    0.284314    0.630493   -0.680302   -1.852705    2.322843   -11452.072176     3709.036657    1.481712    0.180080    0.251870    2.473641
    0.294118    0.645316   -0.634893   -1.891070    2.038538   -11713.110122     3728.332839    1.578924    0.204624    0.251870    2.473641
    0.303922    0.659244   -0.588638   -1.922297    1.672025   -11971.996707     3755.555143    1.678327    0.231167    0.251870    2.473641
    0.313725    0.672232   -0.541729   -1.944577    1.223697   -12223.191428     3791.276403    1.779782    0.259690    0.251870    2.473641
    0.323529    0.684240   -0.494407   -1.956168    0.699938   -12460.511432     3835.997595    1.883141    0.290146    0.251870    2.473641
    0.333333    0.695237   -0.446948   -1.955540    0.113934   -12677.425694     3890.110512    1.988254    0.322458    0.251870    2.473641
    0.343137    0.705197   -0.399666   -1.941527   -0.514282   -12867.467595     3953.859009    2.094964    0.356524    0.251870    2.473641
    0.352941    0.714107   -0.352893   -1.913475   -1.158808   -13024.739843     4027.302481    2.203111    0.392216    0.251870    2.473641
    0.362745    0.721961   -0.306971   -1.871352   -1.789896   -13144.459558     4110.285943    2.312535    0.429387    0.251870    2.473641
    0.372549    0.728767   -0.262236   -1.815805   -2.376813   -13223.470373     4202.421117    2.423077    0.467869    0.251870    2.473641
    0.382353    0.734543   -0.218997   -1.748150   -2.891066   -13260.640597     4303.082103    2.534576    0.507487    0.251870    2.473641
    0.392157    0.739315   -0.177528   -1.670283   -3.309426   -13257.077281     4411.417562    2.646879    0.548059    0.251870    2.473641
    0.401961    0.743122   -0.138048   -1.584541   -3.616154   -13216.114966     4526.379096    2.759835    0.589405    0.251870    2.473641
    0.411765    0.746005   -0.100716   -1.493516   -3.804082   -13143.078163     4646.763228    2.873300    0.631348    0.251870    2.473641
    0.421569    0.748015   -0.065629   -1.399864   -3.874438   -13044.856880     4771.262527    2.987137    0.673722    0.251870    2.473641
    0.431373    0.749204   -0.032820   -1.306128   -3.835617   -12929.363747     4898.520443    3.101217    0.716374    0.251870    2.473641
    0.441176    0.749625   -0.002261   -1.214595   -3.701282   -12804.952939     5027.184465    3.215419    0.759162    0.251870    2.473641
    0.450980    0.749331    0.026125   -1.127206   -3.488226   -12679.874752     5155.953119    3.329630    0.801960    0.251870    2.473641
    0.460784    0.748375    0.052458   -1.045504   -3.214375   -12561.820464     5283.613803    3.443746    0.844656    0.251870    2.473641
    0.470588    0.746804    0.076890   -0.970634   -2.897171   -12457.587399     5409.070032    3.557668    0.887152    0.251870    2.473641
    0.480392    0.744663    0.099598   -0.903362   -2.552447   -12372.870714     5531.358154    3.671306    0.929360    0.251870    2.473641
    0.490196    0.741994    0.120771   -0.844125   -2.193781   -12312.170728     5649.654617    3.784578    0.971205    0.251870    2.473641
    0.500000    0.738831    0.140607   -0.793082   -1.832249   -12278.794120     5763.275513    3.897405    1.012619    0.251870    2.473641
    0.509804    0.735206    0.159303   -0.750171   -1.476470   -12274.923431     5871.670341    4.009715    1.053543    0.251870    2.473641
    0.519608    0.731145    0.177056   -0.715167   -1.132828   -12301.730225     5974.411884    4.121438    1.093923    0.251870    2.473641
    0.529412    0.726669    0.194052   -0.687720   -0.805796   -12359.511052     6071.183829    4.232511    1.133710    0.251870    2.473641
    0.539216    0.721797    0.210470   -0.667402   -0.498280   -12447.830239     6161.767442    4.342872    1.172860    0.251870    2.473641
    0.549020    0.716540    0.226477   -0.653736   -0.211956   -12565.658455     6246.028260    4.452461    1.211331    0.251870    2.473641
    0.558824    0.710908    0.242228   -0.646217    0.052433   -12711.500200     6323.903458    4.561220    1.249084    0.251870    2.473641
    0.568627    0.704907    0.257866   -0.644336    0.294824   -12883.506690     6395.390273    4.669093    1.286080    0.251870    2.473641
    0.578431    0.698539    0.273521   -0.647587    0.515637   -13079.572950     6460.535702    4.776023    1.322283    0.251870    2.473641
    0.588235    0.691805    0.289313   -0.655479    0.715611   -13297.419488     6519.427503    4.881955    1.357657    0.251870    2.473641
    0.598039    0.684700    0.305347   -0.667543    0.895688   -13534.659833     6572.186471    4.986833    1.392167    0.251870    2.473641
    0.607843    0.677222    0.321721   -0.683330    1.056924   -13788.855653     6618.959891    5.090600    1.425777    0.251870    2.473641
    0.617647    0.669361    0.338518   -0.702421    1.200429   -14057.561296     6659.916013    5.193198    1.458454    0.251870    2.473641
    0.627451    0.661111    0.355813   -0.724420    1.327324   -14338.359538     6695.239436    5.294569    1.490162    0.251870    2.473641
    0.637255    0.652462    0.373674   -0.748959    1.438715   -14628.890117     6725.127231    5.394653    1.520870    0.251870    2.473641
    0.647059    0.643402    0.392158   -0.775695    1.535674   -14926.872419     6749.785691    5.493387    1.550543    0.251870    2.473641
    0.656863    0.633921    0.411313   -0.804311    1.619235   -15230.123424     6769.427582    5.590709    1.579149    0.251870    2.473641
    0.666667    0.624006    0.431182   -0.834512    1.690386   -15536.571783     6784.269800    5.686554    1.606659    0.251870    2.473641
    0.676471    0.613645    0.451800   -0.866027    1.750073   -15844.268719     6794.531343    5.780854    1.633042    0.251870    2.473641
    0.686275    0.602826    0.473195   -0.898609    1.799199   -16151.396251     6800.431546    5.873540    1.658272    0.251870    2.473641
    0.696078    0.591537    0.495392   -0.932028    1.838629   -16456.273108     6802.188516    5.964542    1.682323    0.251870    2.473641
    0.705882    0.579766    0.518406   -0.966078    1.869192   -16757.358610     6800.017729    6.053788    1.705174    0.251870    2.473641
    0.715686    0.567500    0.542253   -1.000571    1.891684   -17053.254719     6794.130775    6.141202    1.726805    0.251870    2.473641
    0.725490    0.554732    0.566939   -1.035337    1.906873   -17342.706407     6784.734209    6.226709    1.747203    0.251870    2.473641
    0.735294    0.541449    0.592470   -1.070224    1.915498   -17624.600468     6772.028525    6.310231    1.766357    0.251870    2.473641
    0.745098    0.527644    0.618848   -1.105097    1.918272   -17897.962916     6756.207213    6.391690    1.784260    0.251870    2.473641
    0.754902    0.513310    0.646069   -1.139838    1.915883   -18161.955058     6737.455930    6.471005    1.800913    0.251870    2.473641
    0.764706    0.498441    0.674131   -1.174344    1.908991   -18415.868403     6715.951756    6.548095    1.816320    0.251870    2.473641
    0.774510    0.483033    0.703026   -1.208528    1.898234   -18659.118525     6691.862551    6.622878    1.830493    0.251870    2.473641
    0.784314    0.467082    0.732745   -1.242316    1.884223   -18891.238056     6665.346405    6.695273    1.843450    0.251870    2.473641
    0.794118    0.450589    0.763278   -1.275649    1.867543   -19111.868945     6636.551182    6.765195    1.855214    0.251870    2.473641
    0.803922    0.433553    0.794613   -1.308478    1.848751   -19320.754172     6605.614167    6.832563    1.865815    0.251870    2.473641
    0.813725    0.415979    0.826738   -1.340770    1.828379   -19517.729072     6572.661788    6.897294    1.875293    0.251870    2.473641
    0.823529    0.397871    0.859640   -1.372500    1.806929   -19702.712440     6537.809446    6.959306    1.883689    0.251870    2.473641
    0.833333    0.379236    0.893304   -1.403656    1.784878   -19875.697570     6501.161412    7.018519    1.891055    0.251870    2.473641
    0.843137    0.360083    0.927716   -1.434234    1.762674   -20036.743369     6462.810816    7.074853    1.897446    0.251870    2.473641
    0.852941    0.340426    0.962863   -1.464242    1.740735   -20185.965684     6422.839702    7.128229    1.902923    0.251870    2.473641
    0.862745    0.320276    0.998732   -1.493694    1.719455   -20323.528944     6381.319158    7.178573    1.907555    0.251870    2.473641
    0.872549    0.299651    1.035307   -1.522613    1.699195   -20449.638212     6338.309506    7.225810    1.911409    0.251870    2.473641
    0.882353    0.278569    1.072578   -1.551030    1.680291   -20564.531739     6293.860548    7.269869    1.914561    0.251870    2.473641
    0.892157    0.257052    1.110533   -1.578984    1.663041   -20668.474048     6248.011867    7.310682    1.917085    0.251870    2.473641
    0.901961    0.235122    1.149160   -1.606517    1.647708   -20761.749628     6200.793181    7.348185    1.919059    0.251870    2.473641
    0.911765    0.212806    1.188450   -1.633682    1.634498   -20844.657245     6152.224733    7.382317    1.920558    0.251870    2.473641
    0.921569    0.190131    1.228396   -1.660535    1.623535   -20917.504908     6102.317732    7.413020    1.921658    0.251870    2.473641
    0.931373    0.167129    1.268989   -1.687136    1.614798   -20980.605524     6051.074832    7.440243    1.922431    0.251870    2.473641
    0.941176    0.143832    1.310225   -1.713551    1.607956   -21034.273266     5998.490654    7.463938    1.922945    0.251870    2.473641
    0.950980    0.120276    1.352100   -1.739846    1.601945   -21078.820761     5944.552343    7.484063    1.923263    0.251870    2.473641
    0.960784    0.096498    1.394612   -1.766075    1.593614   -21114.557246     5889.240173    7.500581    1.923441    0.251870    2.473641
    0.970588    0.072538    1.437759   -1.792235    1.572812   -21141.788138     5832.528194    7.513461    1.923526    0.251870    2.473641
    0.980392    0.048438    1.481537   -1.818043    1.502018   -21160.817180     5774.384921    7.522680    1.923558    0.251870    2.473641
    0.990196    0.024243    1.525924   -1.841875    1.223066   -21171.955174     5714.774074    7.528218    1.923566    0.251870    2.473641
    1.000000   -0.000000    1.570796   -1.855303    0.000000   -21175.557138     5653.655370    7.530066    1.923566    0.251870    2.473641
