           t           r         psi          cs          qs               p             sig           A           V          Q2           S
    0.000000   -0.000000   -1.570796   -1.184125    0.000000        4.409503       -2.541020    0.000000    0.000000    0.066210    9.607671
    0.009804    0.093998   -1.459344   -1.181451   -0.075609        4.409503       -2.541024    0.027844    0.000073    0.066210    9.607671
    0.019608    0.186833   -1.348395   -1.173446   -0.150411        4.409501       -2.541028    0.111032    0.001150    0.066210    9.607671
    0.029412    0.277377   -1.238450   -1.160161   -0.223601        4.409498       -2.541032    0.248539    0.005688    0.066210    9.607671
    0.039216    0.364571   -1.130001   -1.141681   -0.294388        4.409492       -2.541036    0.438691    0.017413    0.066210    9.607671
    0.049020    0.447454   -1.023533   -1.118125   -0.361995        4.409484       -2.541040    0.679217    0.040822    0.066210    9.607671
    0.058824    0.525186   -0.919516   -1.089648   -0.425667        4.409471       -2.541044    0.967309    0.080611    0.066210    9.607671
    0.068627    0.597071   -0.818407   -1.056438   -0.484679        4.409452       -2.541048    1.299705    0.141105    0.066210    9.607671
    0.078431    0.662564   -0.720640   -1.018720   -0.538346        4.409424       -2.541053    1.672777    0.225765    0.066210    9.607671
    0.088235    0.721278   -0.626628   -0.976752   -0.586024        4.409384       -2.541057    2.082619    0.336847    0.066210    9.607671
    0.098039    0.772986   -0.536758   -0.930828   -0.627128        4.409324       -2.541062    2.525144    0.475215    0.066210    9.607671
    0.107843    0.817608   -0.451388   -0.881273   -0.661136        4.409238       -2.541068    2.996174    0.640340    0.066210    9.607671
    0.117647    0.855204   -0.370842   -0.828447   -0.687597        4.409118       -2.541072    3.491528    0.830434    0.066210    9.607671
    0.127451    0.885959   -0.295411   -0.772740   -0.706146        4.408958       -2.541075    4.007097    1.042691    0.066210    9.607671
    0.137255    0.910162   -0.225346   -0.714574   -0.716506        4.408776       -2.541075    4.538911    1.273593    0.066210    9.607671
    0.147059    0.928191   -0.160858   -0.654395   -0.718494        4.408638       -2.541069    5.083203    1.519224    0.066210    9.607671
    0.156863    0.940494   -0.102116   -0.592680   -0.712026        4.408687       -2.541052    5.636446    1.775566    0.066210    9.607671
    0.166667    0.947568   -0.049239   -0.529927   -0.697114        4.409075       -2.541024    6.195398    2.038742    0.066210    9.607671
    0.176471    0.949948   -0.002301   -0.466661   -0.673889        4.409771       -2.540987    6.757120    2.305205    0.066210    9.607671
    0.186275    0.948188    0.038675   -0.403428   -0.642627        4.410489       -2.540950    7.318999    2.571861    0.066210    9.607671
    0.196078    0.942852    0.073718   -0.340793   -0.603770        4.410950       -2.540919    7.878749    2.836128    0.066210    9.607671
    0.205882    0.934499    0.102912   -0.279330   -0.557924        4.411105       -2.540899    8.434422    3.095955    0.066210    9.607671
    0.215686    0.923680    0.126395   -0.219625   -0.505844        4.411050       -2.540887    8.984394    3.349799    0.066210    9.607671
    0.225490    0.910925    0.144360   -0.162268   -0.448428        4.410896       -2.540882    9.527365    3.596579    0.066210    9.607671
    0.235294    0.896744    0.157056   -0.107852   -0.386723        4.410710       -2.540880   10.062341    3.835619    0.066210    9.607671
    0.245098    0.881614    0.164788   -0.056961   -0.321923        4.410525       -2.540882   10.588620    4.066580    0.066210    9.607671
    0.254902    0.865983    0.167915   -0.010167   -0.255351        4.410356       -2.540885   11.105775    4.289405    0.066210    9.607671
    0.264706    0.850260    0.166849    0.031994   -0.188439        4.410204       -2.540889   11.613633    4.504253    0.066210    9.607671
    0.274510    0.834812    0.162049    0.069033   -0.122683        4.410069       -2.540894   12.112250    4.711456    0.066210    9.607671
    0.284314    0.819966    0.154018    0.100537   -0.059582        4.409948       -2.540899   12.601888    4.911474    0.066210    9.607671
    0.294118    0.805996    0.143293    0.126191   -0.000576        4.409840       -2.540904   13.082986    5.104856    0.066210    9.607671
    0.303922    0.793131    0.130435    0.145805    0.053040        4.409742       -2.540909   13.556133    5.292217    0.066210    9.607671
    0.313725    0.781543    0.116017    0.159336    0.100188        4.409651       -2.540914   14.022037    5.474211    0.066210    9.607671
    0.323529    0.771355    0.100606    0.166907    0.140071        4.409567       -2.540919   14.481493    5.651509    0.066210    9.607671
    0.333333    0.762637    0.084752    0.168807    0.172222        4.409488       -2.540924   14.935352    5.824787    0.066210    9.607671
    0.343137    0.755407    0.068969    0.165489    0.196510        4.409412       -2.540929   15.384491    5.994709    0.066210    9.607671
    0.352941    0.749638    0.053722    0.157547    0.213131        4.409340       -2.540934   15.829787    6.161914    0.066210    9.607671
    0.362745    0.745262    0.039413    0.145689    0.222555        4.409269       -2.540939   16.272085    6.327008    0.066210    9.607671
    0.372549    0.742175    0.026374    0.130695    0.225464        4.409200       -2.540944   16.712180    6.490550    0.066210    9.607671
    0.382353    0.740246    0.014864    0.113379    0.222676        4.409133       -2.540949   17.150798    6.653050    0.066210    9.607671
    0.392157    0.739322    0.005063    0.094549    0.215065        4.409065       -2.540954   17.588580    6.814956    0.066210    9.607671
    0.401961    0.739235   -0.002924    0.074978    0.203498        4.408998       -2.540960   18.026071    6.976656    0.066210    9.607671
    0.411765    0.739814   -0.009061    0.055373    0.188788        4.408931       -2.540965   18.463716    7.138467    0.066210    9.607671
    0.421569    0.740885   -0.013374    0.036362    0.171653        4.408864       -2.540970   18.901858    7.300638    0.066210    9.607671
    0.431373    0.742279   -0.015947    0.018489    0.152707        4.408796       -2.540975   19.340738    7.463348    0.066210    9.607671
    0.441176    0.743838   -0.016907    0.002205    0.132447        4.408727       -2.540980   19.780498    7.626709    0.066210    9.607671
    0.450980    0.745419   -0.016424   -0.012118    0.111267        4.408658       -2.540985   20.221195    7.790764    0.066210    9.607671
    0.460784    0.746893   -0.014695   -0.024187    0.089465        4.408588       -2.540990   20.662801    7.955500    0.066210    9.607671
    0.470588    0.748155   -0.011945   -0.033780    0.067258        4.408517       -2.540995   21.105222    8.120850    0.066210    9.607671
    0.480392    0.749119   -0.008415   -0.040731    0.044803        4.408446       -2.541000   21.548305    8.286702    0.066210    9.607671
    0.490196    0.749724   -0.004359   -0.044929    0.022207        4.408375       -2.541005   21.991855    8.452908    0.066210    9.607671
    0.500000    0.749932   -0.000039   -0.046312   -0.000451        4.408304       -2.541010   22.435646    8.619299    0.066210    9.607671
    0.509804    0.749731    0.004277   -0.044857   -0.023108        4.408232       -2.541015   22.879440    8.785691    0.066210    9.607671
    0.519608    0.749135    0.008323   -0.040588   -0.045701        4.408161       -2.541020   23.322997    8.951903    0.066210    9.607671
    0.529412    0.748180    0.011837   -0.033569   -0.068150        4.408090       -2.541025   23.766092    9.117763    0.066210    9.607671
    0.539216    0.746929    0.014564   -0.023912   -0.090345        4.408019       -2.541030   24.208530    9.283127    0.066210    9.607671
    0.549020    0.745469    0.016264   -0.011784   -0.112131        4.407949       -2.541035   24.650162    9.447883    0.066210    9.607671
    0.558824    0.743905    0.016713    0.002589   -0.133285        4.407880       -2.541041   25.090893    9.611964    0.066210    9.607671
    0.568627    0.742366    0.015715    0.018913   -0.153508        4.407811       -2.541046   25.530699    9.775359    0.066210    9.607671
    0.578431    0.740996    0.013101    0.036816   -0.172403        4.407743       -2.541051   25.969637    9.938113    0.066210    9.607671
    0.588235    0.739953    0.008744    0.055842   -0.189469        4.407676       -2.541056   26.407852   10.100339    0.066210    9.607671
    0.598039    0.739406    0.002562    0.075446   -0.204091        4.407609       -2.541061   26.845589   10.262217    0.066210    9.607671
    0.607843    0.739528   -0.005468    0.094998   -0.215545        4.407541       -2.541066   27.283191   10.423999    0.066210    9.607671
    0.617647    0.740493   -0.015310    0.113788   -0.223022        4.407474       -2.541071   27.721106   10.586004    0.066210    9.607671
    0.627451    0.742466   -0.026856    0.131044   -0.225653        4.407406       -2.541076   28.159883   10.748620    0.066210    9.607671
    0.637255    0.745599   -0.039923    0.145959   -0.222565        4.407337       -2.541081   28.600164   10.912297    0.066210    9.607671
    0.647059    0.750024   -0.054253    0.157718   -0.212947        4.407267       -2.541086   29.042676   11.077546    0.066210    9.607671
    0.656863    0.755843   -0.069511    0.165544   -0.196125        4.407194       -2.541091   29.488214   11.244929    0.066210    9.607671
    0.666667    0.763124   -0.085294    0.168734   -0.171636        4.407118       -2.541096   29.937627   11.415051    0.066210    9.607671
    0.676471    0.771893   -0.101134    0.166697   -0.139297        4.407039       -2.541101   30.391790   11.588552    0.066210    9.607671
    0.686275    0.782129   -0.116519    0.158986   -0.099248        4.406954       -2.541106   30.851578   11.766097    0.066210    9.607671
    0.696078    0.793762   -0.130898    0.145316   -0.051968        4.406863       -2.541112   31.317843   11.948362    0.066210    9.607671
    0.705882    0.806668   -0.143703    0.125571    0.001737        4.406764       -2.541117   31.791376   12.136017    0.066210    9.607671
    0.715686    0.820673   -0.154364    0.099798    0.060782        4.406656       -2.541122   32.272882   12.329717    0.066210    9.607671
    0.725490    0.835549   -0.162321    0.068191    0.123864        4.406534       -2.541127   32.762948   12.530074    0.066210    9.607671
    0.735294    0.851017   -0.167037    0.031069    0.189543        4.406399       -2.541131   33.262007   12.737638    0.066210    9.607671
    0.745098    0.866754   -0.168013   -0.011152    0.256315        4.406246       -2.541135   33.770318   12.952864    0.066210    9.607671
    0.754902    0.882390   -0.164791   -0.057981    0.322685        4.406076       -2.541138   34.287932   13.176081    0.066210    9.607671
    0.764706    0.897515   -0.156963   -0.108878    0.387226        4.405891       -2.541140   34.814669   13.407447    0.066210    9.607671
    0.774510    0.911684   -0.144171   -0.163271    0.448616        4.405705       -2.541138   35.350098   13.646897    0.066210    9.607671
    0.784314    0.924416   -0.126114   -0.220572    0.505671        4.405554       -2.541133   35.893512   13.894087    0.066210    9.607671
    0.794118    0.935205   -0.102545   -0.280189    0.557365        4.405510       -2.541120   36.443911   14.148335    0.066210    9.607671
    0.803922    0.943520   -0.073276   -0.341532    0.602835        4.405688       -2.541099   36.999991   14.408553    0.066210    9.607671
    0.813725    0.948812   -0.038170   -0.404022    0.641386        4.406191       -2.541067   37.560124   14.673188    0.066210    9.607671
    0.823529    0.950522    0.002854   -0.467092    0.672475        4.406961       -2.541028   38.122357   14.940183    0.066210    9.607671
    0.833333    0.948088    0.049825   -0.530195    0.695688        4.407705       -2.540990   38.684403   15.206950    0.066210    9.607671
    0.843137    0.940957    0.102720   -0.592797    0.710714        4.408121       -2.540961   39.243646   15.470388    0.066210    9.607671
    0.852941    0.928598    0.161467   -0.654381    0.717354        4.408180       -2.540944   39.797147   15.726948    0.066210    9.607671
    0.862745    0.910513    0.225948   -0.714450    0.715539        4.408044       -2.540938   40.341663   15.972752    0.066210    9.607671
    0.872549    0.886256    0.295997   -0.772526    0.705329        4.407862       -2.540938   40.873669   16.203784    0.066210    9.607671
    0.882353    0.855450    0.371404   -0.828159    0.686902        4.407702       -2.540941   41.389397   16.416132    0.066210    9.607671
    0.892157    0.817806    0.451920   -0.880924    0.660541        4.407581       -2.540945   41.884883   16.606281    0.066210    9.607671
    0.901961    0.773141    0.537255   -0.930429    0.626617        4.407495       -2.540951   42.356018   16.771434    0.066210    9.607671
    0.911765    0.721396    0.627086   -0.976312    0.585584        4.407436       -2.540956   42.798623   16.909809    0.066210    9.607671
    0.921569    0.662650    0.721055   -1.018245    0.537969        4.407395       -2.540960   43.208525   17.020885    0.066210    9.607671
    0.931373    0.597131    0.818775   -1.055935    0.484360        4.407367       -2.540965   43.581640   17.105533    0.066210    9.607671
    0.941176    0.525225    0.919836   -1.089121    0.425400        4.407348       -2.540969   43.914065   17.166012    0.066210    9.607671
    0.950980    0.447477    1.023802   -1.117580    0.361777        4.407336       -2.540973   44.202175   17.205789    0.066210    9.607671
    0.960784    0.364583    1.130218   -1.141121    0.294218        4.407327       -2.540977   44.442710   17.229189    0.066210    9.607671
    0.970588    0.277382    1.238613   -1.159590    0.223476        4.407322       -2.540981   44.632868   17.240909    0.066210    9.607671
    0.980392    0.186834    1.348505   -1.172868    0.150329        4.407318       -2.540985   44.770376   17.245446    0.066210    9.607671
    0.990196    0.093998    1.459399   -1.180869    0.075569        4.407317       -2.540989   44.853564   17.246522    0.066210    9.607671
    1.000000   -0.000000    1.570796   -1.183541    0.000000        4.407316       -2.540993   44.881409   17.246595    0.066210    9.607671
