           t           r         psi          cs          qs               p             sig           A           V          Q2           S
    0.000000   -0.000000   -1.570796   -0.467018    0.000000    -7786.511002     8407.803096   -0.000000   -0.000000    0.100221    8.273975
    0.002488    0.020582   -1.561159   -0.470288    0.352148    -7787.319280     8323.755506    0.001331    0.000000    0.100221    8.273975
    0.004975    0.041161   -1.551421   -0.476194    0.443244    -7789.855491     8240.813857    0.005323    0.000001    0.100221    8.273975
    0.007463    0.061737   -1.541552   -0.482811    0.480176    -7794.263997     8158.900681    0.011977    0.000005    0.100221    8.273975
    0.009950    0.082307   -1.531544   -0.489794    0.504965    -7800.690787     8077.939575    0.021291    0.000017    0.100221    8.273975
    0.012438    0.102869   -1.521388   -0.497094    0.527389    -7809.291633     7997.855170    0.033264    0.000042    0.100221    8.273975
    0.014925    0.123420   -1.511079   -0.504723    0.550228    -7820.235744     7918.573105    0.047897    0.000087    0.100221    8.273975
    0.017413    0.143959   -1.500609   -0.512711    0.574532    -7833.708616     7840.020005    0.065185    0.000163    0.100221    8.273975
    0.019900    0.164482   -1.489971   -0.521094    0.600856    -7849.914722     7762.123454    0.085130    0.000279    0.100221    8.273975
    0.022388    0.184988   -1.479156   -0.529916    0.629604    -7869.080313     7684.811986    0.107727    0.000450    0.100221    8.273975
    0.024876    0.205473   -1.468154   -0.539223    0.661137    -7891.456480     7608.015079    0.132974    0.000690    0.100221    8.273975
    0.027363    0.225934   -1.456956   -0.549067    0.695822    -7917.322582     7531.663158    0.160869    0.001015    0.100221    8.273975
    0.029851    0.246369   -1.445548   -0.559508    0.734051    -7946.990142     7455.687613    0.191409    0.001446    0.100221    8.273975
    0.032338    0.266775   -1.433920   -0.570610    0.776260    -7980.807323     7380.020837    0.224589    0.002003    0.100221    8.273975
    0.034826    0.287147   -1.422055   -0.582449    0.822940    -8019.164090     7304.596285    0.260406    0.002710    0.100221    8.273975
    0.037313    0.307483   -1.409938   -0.595107    0.874649    -8062.498200     7229.348566    0.298856    0.003593    0.100221    8.273975
    0.039801    0.327778   -1.397551   -0.608679    0.932023    -8111.302168     7154.213565    0.339932    0.004678    0.100221    8.273975
    0.042289    0.348029   -1.384875   -0.623271    0.995798    -8166.131417     7079.128623    0.383631    0.005998    0.100221    8.273975
    0.044776    0.368231   -1.371887   -0.639004    1.066819    -8227.613820     7004.032772    0.429945    0.007585    0.100221    8.273975
    0.047264    0.388380   -1.358563   -0.656015    1.146069    -8296.460910     6928.867049    0.478868    0.009476    0.100221    8.273975
    0.049751    0.408470   -1.344873   -0.674461    1.234687    -8373.481103     6853.574917    0.530394    0.011708    0.100221    8.273975
    0.052239    0.428496   -1.330788   -0.694523    1.334003    -8459.595309     6778.102802    0.584513    0.014323    0.100221    8.273975
    0.054726    0.448452   -1.316271   -0.716406    1.445567    -8555.855427     6702.400805    0.641218    0.017368    0.100221    8.273975
    0.057214    0.468332   -1.301284   -0.740348    1.571199    -8663.466299     6626.423618    0.700498    0.020888    0.100221    8.273975
    0.059701    0.488128   -1.285780   -0.766625    1.713031    -8783.811817     6550.131709    0.762344    0.024938    0.100221    8.273975
    0.062189    0.507832   -1.269708   -0.795553    1.873575    -8918.486013     6473.492866    0.826744    0.029571    0.100221    8.273975
    0.064677    0.527437   -1.253011   -0.827502    2.055784    -9069.330120     6396.484177    0.893686    0.034849    0.100221    8.273975
    0.067164    0.546932   -1.235621   -0.862903    2.263138    -9238.476749     6319.094605    0.963156    0.040835    0.100221    8.273975
    0.069652    0.566307   -1.217463   -0.902257    2.499735    -9428.402479     6241.328330    1.035140    0.047597    0.100221    8.273975
    0.072139    0.585549   -1.198449   -0.946152    2.770394    -9641.990306     6163.209074    1.109621    0.055211    0.100221    8.273975
    0.074627    0.604645   -1.178480   -0.995273    3.080754    -9882.603401     6084.785750    1.186581    0.063756    0.100221    8.273975
    0.077114    0.623580   -1.157438   -1.050425    3.437377   -10154.171475     6006.139818    1.266000    0.073317    0.100221    8.273975
    0.079602    0.642336   -1.135192   -1.112548    3.847810   -10461.290491     5927.394919    1.347857    0.083987    0.100221    8.273975
    0.082090    0.660893   -1.111586   -1.182737    4.320583   -10809.335192     5848.729493    1.432126    0.095866    0.100221    8.273975
    0.084577    0.679227   -1.086442   -1.262265    4.865057   -11204.581316     5770.393366    1.518782    0.109061    0.100221    8.273975
    0.087065    0.697312   -1.059552   -1.352590    5.491014   -11654.329606     5692.729554    1.607792    0.123687    0.100221    8.273975
    0.089552    0.715117   -1.030678   -1.455365    6.207769   -12167.014970     5616.202931    1.699123    0.139869    0.100221    8.273975
    0.092040    0.732603   -0.999546   -1.572409    7.022495   -12752.269125     5541.437839    1.792737    0.157741    0.100221    8.273975
    0.094527    0.749729   -0.965841   -1.705648    7.937258   -13420.879490     5469.267181    1.888589    0.177446    0.100221    8.273975
    0.097015    0.766444   -0.929210   -1.856970    8.944068   -14184.545539     5400.795877    1.986630    0.199134    0.100221    8.273975
    0.099502    0.782686   -0.889265   -2.027959   10.017072   -15055.268884     5337.481505    2.086803    0.222964    0.100221    8.273975
    0.101990    0.798386   -0.845590   -2.219447   11.101062   -16044.119209     5281.233889    2.189042    0.249096    0.100221    8.273975
    0.104478    0.813462   -0.797767   -2.430789   12.096155   -17158.997487     5234.532254    2.293272    0.277692    0.100221    8.273975
    0.106965    0.827818   -0.745414   -2.658815   12.840549   -18400.902615     5200.551432    2.399406    0.308900    0.100221    8.273975
    0.109453    0.841344   -0.688252   -2.896465   13.097538   -19758.196670     5183.275017    2.507344    0.342848    0.100221    8.273975
    0.111940    0.853923   -0.626201   -3.131295   12.559689   -21198.679373     5187.550699    2.616972    0.379623    0.100221    8.273975
    0.114428    0.865427   -0.559503   -3.344389   10.889643   -22660.291580     5219.011932    2.728158    0.419251    0.100221    8.273975
    0.116915    0.875731   -0.488853   -3.510589    7.815504   -24043.318066     5283.760763    2.840755    0.461676    0.100221    8.273975
    0.119403    0.884725   -0.415512   -3.601164    3.276705   -25209.771526     5387.707108    2.954601    0.506741    0.100221    8.273975
    0.121891    0.892327   -0.341319   -3.589487   -2.431432   -25997.293620     5535.535772    3.069522    0.554182    0.100221    8.273975
    0.124378    0.898501   -0.268574   -3.458810   -8.613885   -26251.691719     5729.455193    3.185332    0.603640    0.100221    8.273975
    0.126866    0.903267   -0.199761   -3.209130  -14.319567   -25871.801496     5968.119149    3.301850    0.654694    0.100221    8.273975
    0.129353    0.906705   -0.137163   -2.859418  -18.649116   -24847.704927     6246.229120    3.418897    0.706911    0.100221    8.273975
    0.131841    0.908946   -0.082512   -2.443340  -21.066658   -23270.825305     6555.134554    3.536310    0.759888    0.100221    8.273975
    0.134328    0.910157   -0.036770   -2.000274  -21.533796   -21308.902781     6884.289450    3.653944    0.813292    0.100221    8.273975
    0.136816    0.910522   -0.000110   -1.565998  -20.415826   -19159.662368     7223.014314    3.771678    0.866874    0.100221    8.273975
    0.139303    0.910221    0.027936   -1.166731  -18.263076   -17006.103325     7561.953740    3.889414    0.920461    0.100221    8.273975
    0.141791    0.909425    0.048263   -0.817581  -15.608782   -14989.026012     7893.892552    4.007077    0.973948    0.100221    8.273975
    0.144279    0.908281    0.061975   -0.524172  -12.858358   -13199.119642     8213.936415    4.124614    1.027278    0.100221    8.273975
    0.146766    0.906913    0.070217   -0.285555  -10.266254   -11682.420865     8519.263495    4.241987    1.080425    0.100221    8.273975
    0.149254    0.905423    0.074073   -0.097017   -7.961923   -10451.471014     8808.682342    4.359174    1.133382    0.100221    8.273975
    0.151741    0.903890    0.074510    0.047816   -5.989900    -9496.830067     9082.165608    4.476165    1.186153    0.100221    8.273975
    0.154229    0.902376    0.072358    0.155660   -4.345230    -8796.446394     9340.447982    4.592958    1.238750    0.100221    8.273975
    0.156716    0.900927    0.068313    0.232849   -2.998465    -8322.304107     9584.717102    4.709559    1.291186    0.100221    8.273975
    0.159204    0.899575    0.062945    0.285017   -1.910999    -8044.686906     9816.393753    4.825979    1.343476    0.100221    8.273975
    0.161692    0.898343    0.056719    0.317012   -1.043431    -7934.669623    10036.984734    4.942232    1.395634    0.100221    8.273975
    0.164179    0.897245    0.050006    0.332923   -0.359560    -7965.416605    10247.989573    5.058334    1.447677    0.100221    8.273975
    0.166667    0.896287    0.043101    0.336164    0.172110    -8112.734489    10450.844805    5.174303    1.499618    0.100221    8.273975
    0.169154    0.895471    0.036235    0.329567    0.578167    -8355.190299    10646.893212    5.290157    1.551473    0.100221    8.273975
    0.171642    0.894794    0.029586    0.315482    0.880690    -8673.996546    10837.369012    5.405914    1.603253    0.100221    8.273975
    0.174129    0.894251    0.023287    0.295853    1.097880    -9052.787366    11023.392829    5.521593    1.654973    0.100221    8.273975
    0.176617    0.893833    0.017434    0.272292    1.244721    -9477.358195    11205.972354    5.637210    1.706645    0.100221    8.273975
    0.179104    0.893530    0.012096    0.246136    1.333598    -9935.408885    11386.006103    5.752780    1.758280    0.100221    8.273975
    0.181592    0.893331    0.007313    0.218491    1.374818   -10416.310141    11564.288681    5.868318    1.809890    0.100221    8.273975
    0.184080    0.893225    0.003106    0.190269    1.377047   -10910.901362    11741.516605    5.983837    1.861484    0.100221    8.273975
    0.186567    0.893199   -0.000521    0.162218    1.347655   -11411.321143    11918.294197    6.099347    1.913071    0.100221    8.273975
    0.189055    0.893242   -0.003577    0.134943    1.292982   -11910.867983    12095.139311    6.214858    1.964659    0.100221    8.273975
    0.191542    0.893343   -0.006084    0.108928    1.218544   -12403.886868    12272.488823    6.330379    2.016255    0.100221    8.273975
    0.194030    0.893489   -0.008072    0.084547    1.129178   -12885.676633    12450.703931    6.445915    2.067864    0.100221    8.273975
    0.196517    0.893672   -0.009578    0.062077    1.029152   -13352.412903    12630.075307    6.561474    2.119493    0.100221    8.273975
    0.199005    0.893881   -0.010642    0.041713    0.922235   -13801.081738    12810.828227    6.677057    2.171143    0.100221    8.273975
    0.201493    0.894107   -0.011310    0.023573    0.811742   -14229.419682    12993.127718    6.792669    2.222818    0.100221    8.273975
    0.203980    0.894344   -0.011628    0.007711    0.700566   -14635.856683    13177.083811    6.908311    2.274519    0.100221    8.273975
    0.206468    0.894584   -0.011643   -0.005877    0.591197   -15019.459163    13362.756912    7.023983    2.326248    0.100221    8.273975
    0.208955    0.894821   -0.011402   -0.017245    0.485733   -15379.871441    13550.163294    7.139687    2.378005    0.100221    8.273975
    0.211443    0.895051   -0.010948   -0.026486    0.385890   -15717.254529    13739.280678    7.255421    2.429789    0.100221    8.273975
    0.213930    0.895271   -0.010325   -0.033726    0.293020   -16032.222136    13930.053853    7.371184    2.481599    0.100221    8.273975
    0.216418    0.895476   -0.009572   -0.039116    0.208125   -16325.774369    14122.400250    7.486974    2.533434    0.100221    8.273975
    0.218905    0.895664   -0.008726   -0.042826    0.131879   -16599.230134    14316.215395    7.602790    2.585293    0.100221    8.273975
    0.221393    0.895834   -0.007820   -0.045037    0.064657   -16854.159595    14511.378135    7.718629    2.637173    0.100221    8.273975
    0.223881    0.895986   -0.006881   -0.045935    0.006565   -17092.318219    14707.755570    7.834489    2.689071    0.100221    8.273975
    0.226368    0.896118   -0.005937   -0.045707   -0.042522   -17315.583933    14905.207592    7.950367    2.740987    0.100221    8.273975
    0.228856    0.896230   -0.005006   -0.044536   -0.082926   -17525.898807    15103.590982    8.066261    2.792917    0.100221    8.273975
    0.231343    0.896324   -0.004109   -0.042597   -0.115124   -17725.216432    15302.763015    8.182169    2.844859    0.100221    8.273975
    0.233831    0.896400   -0.003257   -0.040052   -0.139714   -17915.455877    15502.584537    8.298087    2.896811    0.100221    8.273975
    0.236318    0.896458   -0.002463   -0.037054   -0.157380   -18098.462755    15702.922521    8.414014    2.948771    0.100221    8.273975
    0.238806    0.896501   -0.001734   -0.033739   -0.168856   -18275.977622    15903.652097    8.529948    3.000737    0.100221    8.273975
    0.241294    0.896530   -0.001075   -0.030228   -0.174901   -18449.611615    16104.658086    8.645886    3.052707    0.100221    8.273975
    0.243781    0.896546   -0.000490   -0.026626   -0.176275   -18620.828978    16305.836073    8.761827    3.104680    0.100221    8.273975
    0.246269    0.896551    0.000021   -0.023023   -0.173717   -18790.935939    16507.093057    8.877769    3.156654    0.100221    8.273975
    0.248756    0.896546    0.000458   -0.019496   -0.167933   -18961.075240    16708.347741    8.993712    3.208628    0.100221    8.273975
    0.251244    0.896533    0.000824   -0.016106   -0.159578   -19132.225554    16909.530500    9.109653    3.260601    0.100221    8.273975
    0.253731    0.896512    0.001122   -0.012900   -0.149255   -19305.204966    17110.583093    9.225592    3.312572    0.100221    8.273975
    0.256219    0.896487    0.001357   -0.009915   -0.137506   -19480.677743    17311.458162    9.341528    3.364540    0.100221    8.273975
    0.258706    0.896457    0.001532   -0.007178   -0.124812   -19659.163608    17512.118569    9.457460    3.416505    0.100221    8.273975
    0.261194    0.896424    0.001654   -0.004704   -0.111591   -19841.048842    17712.536616    9.573388    3.468467    0.100221    8.273975
    0.263682    0.896389    0.001728   -0.002501   -0.098198   -20026.598595    17912.693190    9.689312    3.520424    0.100221    8.273975
    0.266169    0.896353    0.001759   -0.000573   -0.084935   -20215.969861    18112.576852    9.805232    3.572377    0.100221    8.273975
    0.268657    0.896317    0.001753    0.001087   -0.072046   -20409.224696    18312.182926    9.921146    3.624327    0.100221    8.273975
    0.271144    0.896281    0.001716    0.002487   -0.059728   -20606.343295    18511.512580   10.037056    3.676272    0.100221    8.273975
    0.273632    0.896247    0.001652    0.003639   -0.048132   -20807.236661    18710.571940   10.152962    3.728212    0.100221    8.273975
    0.276119    0.896214    0.001568    0.004558   -0.037368   -21011.758640    18909.371250   10.268863    3.780149    0.100221    8.273975
    0.278607    0.896182    0.001466    0.005264   -0.027513   -21219.717169    19107.924071   10.384760    3.832083    0.100221    8.273975
    0.281095    0.896153    0.001352    0.005773   -0.018612   -21430.884644    19306.246549   10.500653    3.884012    0.100221    8.273975
    0.283582    0.896127    0.001230    0.006106   -0.010685   -21645.007321    19504.356745   10.616542    3.935939    0.100221    8.273975
    0.286070    0.896103    0.001102    0.006283   -0.003730   -21861.813758    19702.274029   10.732428    3.987862    0.100221    8.273975
    0.288557    0.896081    0.000972    0.006323    0.002275   -22081.022258    19900.018547   10.848312    4.039783    0.100221    8.273975
    0.291045    0.896063    0.000842    0.006246    0.007363   -22302.347373    20097.610749   10.964192    4.091702    0.100221    8.273975
    0.293532    0.896047    0.000716    0.006069    0.011582   -22525.505473    20295.070983   11.080071    4.143619    0.100221    8.273975
    0.296020    0.896033    0.000593    0.005811    0.014986   -22750.219453    20492.419155   11.195947    4.195534    0.100221    8.273975
    0.298507    0.896022    0.000477    0.005488    0.017637   -22976.222615    20689.674443   11.311822    4.247447    0.100221    8.273975
    0.300995    0.896013    0.000368    0.005115    0.019599   -23203.261800    20886.855065   11.427696    4.299360    0.100221    8.273975
    0.303483    0.896007    0.000267    0.004705    0.020941   -23431.099831    21083.978102   11.543568    4.351271    0.100221    8.273975
    0.305970    0.896002    0.000174    0.004270    0.021731   -23659.517319    21281.059363   11.659440    4.403182    0.100221    8.273975
    0.308458    0.896000    0.000091    0.003823    0.022035   -23888.313921    21478.113287   11.775312    4.455092    0.100221    8.273975
    0.310945    0.895999    0.000017    0.003371    0.021920   -24117.309094    21675.152892   11.891183    4.507003    0.100221    8.273975
    0.313433    0.895999   -0.000048    0.002924    0.021448   -24346.342410    21872.189747   12.007054    4.558913    0.100221    8.273975
    0.315920    0.896001   -0.000104    0.002488    0.020680   -24575.273501    22069.233974   12.122925    4.610823    0.100221    8.273975
    0.318408    0.896003   -0.000150    0.002069    0.019671   -24803.981674    22266.294275   12.238797    4.662734    0.100221    8.273975
    0.320896    0.896007   -0.000189    0.001672    0.018473   -25032.365263    22463.377979   12.354669    4.714645    0.100221    8.273975
    0.323383    0.896011   -0.000219    0.001300    0.017134   -25260.340759    22660.491107   12.470541    4.766556    0.100221    8.273975
    0.325871    0.896016   -0.000243    0.000956    0.015695   -25487.841759    22857.638442   12.586414    4.818468    0.100221    8.273975
    0.328358    0.896021   -0.000259    0.000642    0.014195   -25714.817793    23054.823617   12.702288    4.870380    0.100221    8.273975
    0.330846    0.896026   -0.000269    0.000358    0.012667   -25941.233037    23252.049210   12.818162    4.922293    0.100221    8.273975
    0.333333    0.896032   -0.000274    0.000106    0.011141   -26167.064984    23449.316838   12.934038    4.974207    0.100221    8.273975
    0.335821    0.896038   -0.000274   -0.000114    0.009642   -26392.303062    23646.627256   13.049913    5.026122    0.100221    8.273975
    0.338308    0.896043   -0.000269   -0.000305    0.008190   -26616.947260    23843.980459   13.165790    5.078037    0.100221    8.273975
    0.340796    0.896049   -0.000261   -0.000466    0.006802   -26841.006759    24041.375780   13.281667    5.129952    0.100221    8.273975
    0.343284    0.896054   -0.000250   -0.000599    0.005491   -27064.498611    24238.811985   13.397545    5.181869    0.100221    8.273975
    0.345771    0.896059   -0.000237   -0.000705    0.004269   -27287.446459    24436.287366   13.513424    5.233785    0.100221    8.273975
    0.348259    0.896064   -0.000222   -0.000787    0.003143   -27509.879325    24633.799828   13.629303    5.285703    0.100221    8.273975
    0.350746    0.896068   -0.000205   -0.000847    0.002116   -27731.830478    24831.346972   13.745183    5.337621    0.100221    8.273975
    0.353234    0.896072   -0.000187   -0.000886    0.001193   -27953.336377    25028.926169   13.861063    5.389539    0.100221    8.273975
    0.355721    0.896076   -0.000168   -0.000906    0.000373   -28174.435713    25226.534631   13.976944    5.441458    0.100221    8.273975
    0.358209    0.896079   -0.000150   -0.000910   -0.000345   -28395.168529    25424.169474   14.092826    5.493378    0.100221    8.273975
    0.360697    0.896082   -0.000131   -0.000900   -0.000964   -28615.575447    25621.827771   14.208707    5.545297    0.100221    8.273975
    0.363184    0.896084   -0.000113   -0.000878   -0.001487   -28835.696980    25819.506605   14.324589    5.597217    0.100221    8.273975
    0.365672    0.896086   -0.000095   -0.000845   -0.001919   -29055.572934    26017.203111   14.440472    5.649138    0.100221    8.273975
    0.368159    0.896088   -0.000078   -0.000804   -0.002266   -29275.241903    26214.914511   14.556354    5.701058    0.100221    8.273975
    0.370647    0.896090   -0.000062   -0.000757   -0.002534   -29494.740846    26412.638145   14.672237    5.752979    0.100221    8.273975
    0.373134    0.896091   -0.000047   -0.000704   -0.002730   -29714.104743    26610.371495   14.788120    5.804900    0.100221    8.273975
    0.375622    0.896092   -0.000033   -0.000647   -0.002860   -29933.366324    26808.112206   14.904003    5.856820    0.100221    8.273975
    0.378109    0.896092   -0.000020   -0.000588   -0.002930   -30152.555871    27005.858100   15.019887    5.908741    0.100221    8.273975
    0.380597    0.896092   -0.000009   -0.000528   -0.002949   -30371.701076    27203.607185   15.135770    5.960663    0.100221    8.273975
    0.383085    0.896093    0.000001   -0.000468   -0.002921   -30590.826960    27401.357659   15.251653    6.012584    0.100221    8.273975
    0.385572    0.896092    0.000010   -0.000408   -0.002855   -30809.955842    27599.107917   15.367537    6.064505    0.100221    8.273975
    0.388060    0.896092    0.000018   -0.000350   -0.002756   -31029.107348    27796.856548   15.483420    6.116426    0.100221    8.273975
    0.390547    0.896092    0.000025   -0.000294   -0.002629   -31248.298463    27994.602330   15.599303    6.168347    0.100221    8.273975
    0.393035    0.896091    0.000030   -0.000240   -0.002481   -31467.543608    28192.344224   15.715186    6.220268    0.100221    8.273975
    0.395522    0.896090    0.000035   -0.000190   -0.002315   -31686.854755    28390.081369   15.831069    6.272189    0.100221    8.273975
    0.398010    0.896090    0.000038   -0.000143   -0.002138   -31906.241549    28587.813072   15.946952    6.324109    0.100221    8.273975
    0.400498    0.896089    0.000041   -0.000100   -0.001952   -32125.711464    28785.538794   16.062835    6.376030    0.100221    8.273975
    0.402985    0.896088    0.000042   -0.000061   -0.001763   -32345.269955    28983.258143   16.178718    6.427951    0.100221    8.273975
    0.405473    0.896087    0.000043   -0.000025   -0.001572   -32564.920627    29180.970859   16.294601    6.479871    0.100221    8.273975
    0.407960    0.896086    0.000043    0.000006   -0.001382   -32784.665414    29378.676804   16.410483    6.531792    0.100221    8.273975
    0.410448    0.896085    0.000043    0.000034   -0.001197   -33004.504746    29576.375945   16.526366    6.583712    0.100221    8.273975
    0.412935    0.896084    0.000042    0.000058   -0.001018   -33224.437730    29774.068348   16.642248    6.635632    0.100221    8.273975
    0.415423    0.896084    0.000041    0.000078   -0.000848   -33444.462317    29971.754159   16.758130    6.687552    0.100221    8.273975
    0.417910    0.896083    0.000039    0.000095   -0.000686   -33664.575470    30169.433596   16.874012    6.739472    0.100221    8.273975
    0.420398    0.896082    0.000037    0.000108   -0.000535   -33884.773321    30367.106939   16.989894    6.791392    0.100221    8.273975
    0.422886    0.896081    0.000034    0.000119   -0.000395   -34105.051326    30564.774513   17.105776    6.843312    0.100221    8.273975
    0.425373    0.896081    0.000032    0.000126   -0.000267   -34325.404401    30762.436685   17.221658    6.895232    0.100221    8.273975
    0.427861    0.896080    0.000029    0.000131   -0.000151   -34545.827059    30960.093850   17.337540    6.947151    0.100221    8.273975
    0.430348    0.896079    0.000027    0.000134   -0.000047   -34766.313527    31157.746422   17.453421    6.999071    0.100221    8.273975
    0.432836    0.896079    0.000024    0.000135    0.000045   -34986.857858    31355.394830   17.569303    7.050990    0.100221    8.273975
    0.435323    0.896078    0.000021    0.000133    0.000126   -35207.454031    31553.039507   17.685184    7.102910    0.100221    8.273975
    0.437811    0.896078    0.000018    0.000131    0.000195   -35428.096036    31750.680885   17.801066    7.154829    0.100221    8.273975
    0.440299    0.896078    0.000016    0.000126    0.000253   -35648.777955    31948.319391   17.916947    7.206749    0.100221    8.273975
    0.442786    0.896077    0.000013    0.000121    0.000301   -35869.494028    32145.955439   18.032829    7.258668    0.100221    8.273975
    0.445274    0.896077    0.000011    0.000115    0.000339   -36090.238705    32343.589428   18.148710    7.310587    0.100221    8.273975
    0.447761    0.896077    0.000008    0.000108    0.000369   -36311.006703    32541.221739   18.264591    7.362507    0.100221    8.273975
    0.450249    0.896077    0.000006    0.000100    0.000390   -36531.793032    32738.852730   18.380472    7.414426    0.100221    8.273975
    0.452736    0.896077    0.000004    0.000092    0.000403   -36752.593036    32936.482737   18.496354    7.466345    0.100221    8.273975
    0.455224    0.896077    0.000002    0.000084    0.000410   -36973.402407    33134.112070   18.612235    7.518264    0.100221    8.273975
    0.457711    0.896077    0.000001    0.000075    0.000411   -37194.217205    33331.741012   18.728116    7.570184    0.100221    8.273975
    0.460199    0.896077   -0.000001    0.000067    0.000406   -37415.033862    33529.369821   18.843997    7.622103    0.100221    8.273975
    0.462687    0.896077   -0.000002    0.000059    0.000397   -37635.849189    33726.998725   18.959879    7.674022    0.100221    8.273975
    0.465174    0.896077   -0.000003    0.000051    0.000384   -37856.660371    33924.627928   19.075760    7.725941    0.100221    8.273975
    0.467662    0.896077   -0.000004    0.000043    0.000368   -38077.464962    34122.257605   19.191641    7.777861    0.100221    8.273975
    0.470149    0.896077   -0.000005    0.000035    0.000349   -38298.260871    34319.887907   19.307522    7.829780    0.100221    8.273975
    0.472637    0.896077   -0.000005    0.000028    0.000328   -38519.046353    34517.518959   19.423404    7.881699    0.100221    8.273975
    0.475124    0.896077   -0.000006    0.000021    0.000306   -38739.819989    34715.150864   19.539285    7.933618    0.100221    8.273975
    0.477612    0.896077   -0.000006    0.000015    0.000282   -38960.580670    34912.783701   19.655166    7.985538    0.100221    8.273975
    0.480100    0.896077   -0.000007    0.000009    0.000258   -39181.327574    35110.417530   19.771048    8.037457    0.100221    8.273975
    0.482587    0.896077   -0.000007    0.000004    0.000234   -39402.060149    35308.052390   19.886929    8.089376    0.100221    8.273975
    0.485075    0.896078   -0.000007   -0.000000    0.000210   -39622.778087    35505.688303   20.002810    8.141296    0.100221    8.273975
    0.487562    0.896078   -0.000007   -0.000005    0.000186   -39843.481303    35703.325276   20.118692    8.193215    0.100221    8.273975
    0.490050    0.896078   -0.000007   -0.000008    0.000163   -40064.169915    35900.963301   20.234573    8.245134    0.100221    8.273975
    0.492537    0.896078   -0.000006   -0.000012    0.000140   -40284.844219    36098.602354   20.350454    8.297054    0.100221    8.273975
    0.495025    0.896078   -0.000006   -0.000015    0.000119   -40505.504668    36296.242406   20.466336    8.348973    0.100221    8.273975
    0.497512    0.896078   -0.000006   -0.000017    0.000100   -40726.151854    36493.883411   20.582217    8.400893    0.100221    8.273975
    0.500000    0.896078   -0.000005   -0.000019    0.000081   -40946.786484    36691.525320   20.698099    8.452812    0.100221    8.273975
    0.502488    0.896078   -0.000005   -0.000021    0.000064   -41167.409365    36889.168075   20.813980    8.504731    0.100221    8.273975
    0.504975    0.896079   -0.000005   -0.000022    0.000049   -41388.021385    37086.811612   20.929862    8.556651    0.100221    8.273975
    0.507463    0.896079   -0.000004   -0.000023    0.000035   -41608.623497    37284.455861   21.045743    8.608570    0.100221    8.273975
    0.509950    0.896079   -0.000004   -0.000024    0.000023   -41829.216705    37482.100752   21.161625    8.660490    0.100221    8.273975
    0.512438    0.896079   -0.000003   -0.000024    0.000013   -42049.802049    37679.746208   21.277506    8.712409    0.100221    8.273975
    0.514925    0.896079   -0.000003   -0.000024    0.000004   -42270.380596    37877.392154   21.393388    8.764329    0.100221    8.273975
    0.517413    0.896079   -0.000002   -0.000024   -0.000003   -42490.953429    38075.038510   21.509269    8.816248    0.100221    8.273975
    0.519900    0.896079   -0.000002   -0.000024   -0.000009   -42711.521635    38272.685200   21.625151    8.868168    0.100221    8.273975
    0.522388    0.896079   -0.000001   -0.000024   -0.000013   -42932.086303    38470.332145   21.741032    8.920087    0.100221    8.273975
    0.524876    0.896079   -0.000001   -0.000024   -0.000015   -43152.648516    38667.979266   21.856914    8.972007    0.100221    8.273975
    0.527363    0.896079   -0.000000   -0.000023   -0.000016   -43373.209346    38865.626486   21.972796    9.023926    0.100221    8.273975
    0.529851    0.896079    0.000000   -0.000023   -0.000016   -43593.769850    39063.273730   22.088677    9.075846    0.100221    8.273975
    0.532338    0.896079    0.000001   -0.000023   -0.000014   -43814.331074    39260.920923   22.204559    9.127765    0.100221    8.273975
    0.534826    0.896079    0.000001   -0.000023   -0.000011   -44034.894046    39458.567989   22.320440    9.179685    0.100221    8.273975
    0.537313    0.896079    0.000002   -0.000022   -0.000007   -44255.459783    39656.214856   22.436322    9.231604    0.100221    8.273975
    0.539801    0.896079    0.000002   -0.000022   -0.000001   -44476.029287    39853.861453   22.552203    9.283524    0.100221    8.273975
    0.542289    0.896079    0.000003   -0.000022    0.000006   -44696.603555    40051.507706   22.668085    9.335443    0.100221    8.273975
    0.544776    0.896079    0.000003   -0.000022    0.000014   -44917.183581    40249.153545   22.783966    9.387363    0.100221    8.273975
    0.547264    0.896079    0.000004   -0.000023    0.000023   -45137.770360    40446.798898   22.899848    9.439282    0.100221    8.273975
    0.549751    0.896079    0.000004   -0.000023    0.000034   -45358.364897    40644.443693   23.015729    9.491202    0.100221    8.273975
    0.552239    0.896079    0.000005   -0.000024    0.000045   -45578.968215    40842.087856   23.131611    9.543121    0.100221    8.273975
    0.554726    0.896078    0.000005   -0.000025    0.000058   -45799.581365    41039.731311   23.247492    9.595041    0.100221    8.273975
    0.557214    0.896078    0.000006   -0.000026    0.000072   -46020.205431    41237.373981   23.363374    9.646960    0.100221    8.273975
    0.559701    0.896078    0.000006   -0.000027    0.000087   -46240.841549    41435.015783   23.479255    9.698880    0.100221    8.273975
    0.562189    0.896078    0.000007   -0.000029    0.000104   -46461.490914    41632.656632   23.595137    9.750799    0.100221    8.273975
    0.564677    0.896078    0.000007   -0.000031    0.000122   -46682.154794    41830.296436   23.711018    9.802718    0.100221    8.273975
    0.567164    0.896078    0.000008   -0.000034    0.000142   -46902.834546    42027.935098   23.826900    9.854638    0.100221    8.273975
    0.569652    0.896078    0.000009   -0.000037    0.000163   -47123.531631    42225.572512   23.942781    9.906557    0.100221    8.273975
    0.572139    0.896077    0.000009   -0.000040    0.000186   -47344.247633    42423.208565   24.058662    9.958476    0.100221    8.273975
    0.574627    0.896077    0.000010   -0.000044    0.000210   -47564.984276    42620.843132   24.174544   10.010396    0.100221    8.273975
    0.577114    0.896077    0.000011   -0.000048    0.000237   -47785.743443    42818.476078   24.290425   10.062315    0.100221    8.273975
    0.579602    0.896077    0.000012   -0.000053    0.000266   -48006.527200    43016.107255   24.406306   10.114234    0.100221    8.273975
    0.582090    0.896076    0.000013   -0.000059    0.000298   -48227.337821    43213.736498   24.522187   10.166154    0.100221    8.273975
    0.584577    0.896076    0.000015   -0.000065    0.000332   -48448.177809    43411.363627   24.638069   10.218073    0.100221    8.273975
    0.587065    0.896076    0.000016   -0.000072    0.000370   -48669.049928    43608.988444   24.753950   10.269992    0.100221    8.273975
    0.589552    0.896076    0.000018   -0.000079    0.000410   -48889.957231    43806.610728   24.869831   10.321911    0.100221    8.273975
    0.592040    0.896075    0.000019   -0.000088    0.000455   -49110.903095    44004.230237   24.985712   10.373830    0.100221    8.273975
    0.594527    0.896075    0.000021   -0.000097    0.000503   -49331.891253    44201.846702   25.101593   10.425749    0.100221    8.273975
    0.597015    0.896074    0.000023   -0.000107    0.000556   -49552.925839    44399.459825   25.217474   10.477668    0.100221    8.273975
    0.599502    0.896074    0.000026   -0.000119    0.000614   -49774.011423    44597.069277   25.333355   10.529587    0.100221    8.273975
    0.601990    0.896073    0.000028   -0.000131    0.000677   -49995.153064    44794.674695   25.449236   10.581506    0.100221    8.273975
    0.604478    0.896073    0.000031   -0.000145    0.000747   -50216.356356    44992.275675   25.565117   10.633425    0.100221    8.273975
    0.606965    0.896072    0.000034   -0.000160    0.000823   -50437.627486    45189.871772   25.680997   10.685344    0.100221    8.273975
    0.609453    0.896071    0.000038   -0.000177    0.000906   -50658.973293    45387.462493   25.796878   10.737262    0.100221    8.273975
    0.611940    0.896070    0.000042   -0.000196    0.000997   -50880.401337    45585.047295   25.912758   10.789181    0.100221    8.273975
    0.614428    0.896069    0.000046   -0.000216    0.001097   -51101.919970    45782.625576   26.028639   10.841099    0.100221    8.273975
    0.616915    0.896068    0.000051   -0.000239    0.001207   -51323.538412    45980.196672   26.144519   10.893018    0.100221    8.273975
    0.619403    0.896067    0.000056   -0.000263    0.001328   -51545.266845    46177.759851   26.260399   10.944936    0.100221    8.273975
    0.621891    0.896066    0.000061   -0.000291    0.001461   -51767.116504    46375.314302   26.376279   10.996854    0.100221    8.273975
    0.624378    0.896065    0.000068   -0.000320    0.001606   -51989.099786    46572.859133   26.492159   11.048772    0.100221    8.273975
    0.626866    0.896063    0.000075   -0.000353    0.001766   -52211.230359    46770.393360   26.608039   11.100690    0.100221    8.273975
    0.629353    0.896062    0.000082   -0.000389    0.001941   -52433.523293    46967.915898   26.723918   11.152607    0.100221    8.273975
    0.631841    0.896060    0.000091   -0.000429    0.002133   -52655.995199    47165.425550   26.839797   11.204525    0.100221    8.273975
    0.634328    0.896058    0.000100   -0.000473    0.002345   -52878.664378    47362.920997   26.955676   11.256442    0.100221    8.273975
    0.636816    0.896056    0.000110   -0.000521    0.002577   -53101.550987    47560.400789   27.071555   11.308359    0.100221    8.273975
    0.639303    0.896053    0.000121   -0.000573    0.002831   -53324.677227    47757.863324   27.187433   11.360276    0.100221    8.273975
    0.641791    0.896051    0.000134   -0.000631    0.003111   -53548.067537    47955.306842   27.303311   11.412192    0.100221    8.273975
    0.644279    0.896048    0.000147   -0.000695    0.003418   -53771.748818    48152.729405   27.419189   11.464108    0.100221    8.273975
    0.646766    0.896045    0.000162   -0.000764    0.003754   -53995.750671    48350.128878   27.535066   11.516024    0.100221    8.273975
    0.649254    0.896041    0.000179   -0.000841    0.004124   -54220.105665    48547.502915   27.650943   11.567939    0.100221    8.273975
    0.651741    0.896037    0.000197   -0.000925    0.004529   -54444.849620    48744.848932   27.766820   11.619854    0.100221    8.273975
    0.654229    0.896033    0.000217   -0.001018    0.004974   -54670.021928    48942.164089   27.882696   11.671769    0.100221    8.273975
    0.656716    0.896028    0.000239   -0.001119    0.005462   -54895.665899    49139.445262   27.998571   11.723682    0.100221    8.273975
    0.659204    0.896023    0.000263   -0.001231    0.005997   -55121.829140    49336.689016   28.114446   11.775596    0.100221    8.273975
    0.661692    0.896018    0.000290   -0.001353    0.006583   -55348.563971    49533.891577   28.230320   11.827509    0.100221    8.273975
    0.664179    0.896011    0.000319   -0.001487    0.007227   -55575.927876    49731.048793   28.346193   11.879421    0.100221    8.273975
    0.666667    0.896004    0.000351   -0.001634    0.007932   -55803.984006    49928.156107   28.462065   11.931332    0.100221    8.273975
    0.669154    0.895997    0.000386   -0.001796    0.008705   -56032.801716    50125.208508   28.577937   11.983242    0.100221    8.273975
    0.671642    0.895989    0.000425   -0.001973    0.009551   -56262.457162    50322.200493   28.693807   12.035152    0.100221    8.273975
    0.674129    0.895979    0.000468   -0.002168    0.010479   -56493.033947    50519.126021   28.809676   12.087060    0.100221    8.273975
    0.676617    0.895969    0.000515   -0.002381    0.011496   -56724.623827    50715.978454   28.925544   12.138968    0.100221    8.273975
    0.679104    0.895958    0.000566   -0.002616    0.012609   -56957.327483    50912.750509   29.041411   12.190874    0.100221    8.273975
    0.681592    0.895946    0.000622   -0.002872    0.013828   -57191.255362    51109.434191   29.157276   12.242779    0.100221    8.273975
    0.684080    0.895932    0.000684   -0.003154    0.015163   -57426.528591    51306.020725   29.273140   12.294682    0.100221    8.273975
    0.686567    0.895918    0.000752   -0.003462    0.016624   -57663.279973    51502.500486   29.389001   12.346584    0.100221    8.273975
    0.689055    0.895901    0.000827   -0.003800    0.018224   -57901.655070    51698.862916   29.504861   12.398484    0.100221    8.273975
    0.691542    0.895884    0.000909   -0.004171    0.019974   -58141.813384    51895.096437   29.620718   12.450381    0.100221    8.273975
    0.694030    0.895864    0.000999   -0.004577    0.021888   -58383.929630    52091.188354   29.736574   12.502277    0.100221    8.273975
    0.696517    0.895842    0.001098   -0.005022    0.023982   -58628.195124    52287.124754   29.852426   12.554171    0.100221    8.273975
    0.699005    0.895819    0.001206   -0.005510    0.026272   -58874.819285    52482.890391   29.968275   12.606061    0.100221    8.273975
    0.701493    0.895793    0.001325   -0.006044    0.028775   -59124.031258    52678.468564   30.084122   12.657949    0.100221    8.273975
    0.703980    0.895764    0.001455   -0.006628    0.031511   -59376.081668    52873.840982   30.199964   12.709834    0.100221    8.273975
    0.706468    0.895733    0.001598   -0.007268    0.034501   -59631.244515    53068.987621   30.315803   12.761715    0.100221    8.273975
    0.708955    0.895698    0.001755   -0.007969    0.037766   -59889.819204    53263.886565   30.431638   12.813592    0.100221    8.273975
    0.711443    0.895660    0.001926   -0.008735    0.041332   -60152.132743    53458.513838   30.547468   12.865465    0.100221    8.273975
    0.713930    0.895619    0.002115   -0.009574    0.045225   -60418.542087    53652.843219   30.663292   12.917334    0.100221    8.273975
    0.716418    0.895573    0.002321   -0.010492    0.049474   -60689.436649    53846.846043   30.779112   12.969197    0.100221    8.273975
    0.718905    0.895523    0.002547   -0.011495    0.054108   -60965.240982    54040.490986   30.894925   13.021055    0.100221    8.273975
    0.721393    0.895468    0.002795   -0.012592    0.059162   -61246.417630    54233.743838   31.010731   13.072907    0.100221    8.273975
    0.723881    0.895408    0.003066   -0.013791    0.064671   -61533.470149    54426.567249   31.126529   13.124752    0.100221    8.273975
    0.726368    0.895342    0.003363   -0.015102    0.070673   -61826.946301    54618.920470   31.242320   13.176590    0.100221    8.273975
    0.728856    0.895269    0.003689   -0.016534    0.077210   -62127.441409    54810.759063   31.358102   13.228420    0.100221    8.273975
    0.731343    0.895190    0.004045   -0.018097    0.084325   -62435.601867    55002.034599   31.473873   13.280241    0.100221    8.273975
    0.733831    0.895103    0.004435   -0.019804    0.092066   -62752.128792    55192.694336   31.589634   13.332052    0.100221    8.273975
    0.736318    0.895007    0.004861   -0.021668    0.100481   -63077.781793    55382.680871   31.705384   13.383852    0.100221    8.273975
    0.738806    0.894902    0.005328   -0.023700    0.109626   -63413.382828    55571.931785   31.821120   13.435641    0.100221    8.273975
    0.741294    0.894787    0.005838   -0.025917    0.119555   -63759.820127    55760.379250   31.936842   13.487417    0.100221    8.273975
    0.743781    0.894662    0.006396   -0.028334    0.130329   -64118.052107    55947.949639   32.052548   13.539178    0.100221    8.273975
    0.746269    0.894524    0.007006   -0.030967    0.142009   -64489.111250    56134.563098   32.168238   13.590925    0.100221    8.273975
    0.748756    0.894373    0.007672   -0.033836    0.154662   -64874.107847    56320.133117   32.283909   13.642654    0.100221    8.273975
    0.751244    0.894207    0.008400   -0.036958    0.168355   -65274.233534    56504.566084   32.399559   13.694365    0.100221    8.273975
    0.753731    0.894027    0.009196   -0.040355    0.183159   -65690.764514    56687.760826   32.515187   13.746056    0.100221    8.273975
    0.756219    0.893828    0.010064   -0.044048    0.199147   -66125.064326    56869.608147   32.630791   13.797724    0.100221    8.273975
    0.758706    0.893612    0.011011   -0.048062    0.216393   -66578.586031    57049.990370   32.746367   13.849368    0.100221    8.273975
    0.761194    0.893375    0.012045   -0.052421    0.234973   -67052.873630    57228.780879   32.861915   13.900985    0.100221    8.273975
    0.763682    0.893115    0.013171   -0.057152    0.254961   -67549.562525    57405.843679   32.977430   13.952573    0.100221    8.273975
    0.766169    0.892832    0.014400   -0.062281    0.276432   -68070.378793    57581.032984   33.092910   14.004128    0.100221    8.273975
    0.768657    0.892522    0.015738   -0.067839    0.299459   -68617.137033    57754.192833   33.208352   14.055649    0.100221    8.273975
    0.771144    0.892183    0.017195   -0.073854    0.324110   -69191.736500    57925.156765   33.323752   14.107131    0.100221    8.273975
    0.773632    0.891813    0.018782   -0.080360    0.350450   -69796.155238    58093.747544   33.439106   14.158570    0.100221    8.273975
    0.776119    0.891409    0.020507   -0.087389    0.378535   -70432.441875    58259.776984   33.554410   14.209964    0.100221    8.273975
    0.778607    0.890968    0.022383   -0.094975    0.408414   -71102.704777    58423.045853   33.669660   14.261307    0.100221    8.273975
    0.781095    0.890487    0.024421   -0.103151    0.440123   -71809.098188    58583.343918   33.784850   14.312594    0.100221    8.273975
    0.783582    0.889962    0.026633   -0.111953    0.473686   -72553.805062    58740.450115   33.899975   14.363821    0.100221    8.273975
    0.786070    0.889389    0.029034   -0.121416    0.509107   -73339.016241    58894.132906   34.015029   14.414982    0.100221    8.273975
    0.788557    0.888765    0.031636   -0.131574    0.546374   -74166.905754    59044.150809   34.130005   14.466070    0.100221    8.273975
    0.791045    0.888086    0.034455   -0.142463    0.585448   -75039.601998    59190.253161   34.244898   14.517079    0.100221    8.273975
    0.793532    0.887346    0.037505   -0.154115    0.626268   -75959.154709    59332.181114   34.359698   14.568002    0.100221    8.273975
    0.796020    0.886540    0.040804   -0.166562    0.668739   -76927.497738    59469.668899   34.474399   14.618830    0.100221    8.273975
    0.798507    0.885665    0.044368   -0.179833    0.712737   -77946.407771    59602.445375   34.588991   14.669554    0.100221    8.273975
    0.800995    0.884713    0.048213   -0.193955    0.758102   -79017.459364    59730.235871   34.703465   14.720166    0.100221    8.273975
    0.803483    0.883679    0.052357   -0.208950    0.804636   -80141.976841    59852.764346   34.817811   14.770655    0.100221    8.273975
    0.805970    0.882556    0.056820   -0.224837    0.852101   -81320.983855    59969.755849   34.932018   14.821009    0.100221    8.273975
    0.808458    0.881339    0.061619   -0.241629    0.900222   -82555.151689    60080.939285   35.046073   14.871217    0.100221    8.273975
    0.810945    0.880019    0.066773   -0.259333    0.948681   -83844.747612    60186.050455   35.159964   14.921265    0.100221    8.273975
    0.813433    0.878590    0.072300   -0.277950    0.997123   -85189.584875    60284.835348   35.273677   14.971139    0.100221    8.273975
    0.815920    0.877043    0.078220   -0.297473    1.045158   -86588.976170    60377.053629   35.387198   15.020824    0.100221    8.273975
    0.818408    0.875370    0.084552   -0.317889    1.092364   -88041.692538    60462.482262   35.500511   15.070303    0.100221    8.273975
    0.820896    0.873564    0.091312   -0.339172    1.138293   -89545.929814    60540.919201   35.613600   15.119558    0.100221    8.273975
    0.823383    0.871614    0.098519   -0.361292    1.182480   -91099.284721    60612.187045   35.726445   15.168571    0.100221    8.273975
    0.825871    0.869512    0.106190   -0.384207    1.224450   -92698.742592    60676.136576   35.839028   15.217321    0.100221    8.273975
    0.828358    0.867247    0.114340   -0.407867    1.263729   -94340.678481    60732.650049   35.951330   15.265786    0.100221    8.273975
    0.830846    0.864812    0.122984   -0.432211    1.299855   -96020.873004    60781.644151   36.063327   15.313943    0.100221    8.273975
    0.833333    0.862194    0.132136   -0.457173    1.332389   -97734.543791    60823.072497   36.174998   15.361766    0.100221    8.273975
    0.835821    0.859385    0.141807   -0.482675    1.360927   -99476.392764    60856.927573   36.286318   15.409230    0.100221    8.273975
    0.838308    0.856373    0.152008   -0.508634    1.385111  -101240.668762    60883.242038   36.397262   15.456307    0.100221    8.273975
    0.840796    0.853148    0.162747   -0.534962    1.404641  -103021.244299    60902.089309   36.507802   15.502967    0.100221    8.273975
    0.843284    0.849700    0.174031   -0.561563    1.419282  -104811.704495    60913.583391   36.617911   15.549180    0.100221    8.273975
    0.845771    0.846017    0.185864   -0.588340    1.428872  -106605.445567    60917.877922   36.727560   15.594914    0.100221    8.273975
    0.848259    0.842089    0.198250   -0.615193    1.433326  -108395.779715    60915.164461   36.836716   15.640135    0.100221    8.273975
    0.850746    0.837906    0.211188   -0.642022    1.432639  -110176.042876    60905.670042   36.945348   15.684809    0.100221    8.273975
    0.853234    0.833457    0.224677   -0.668728    1.426884  -111939.701644    60889.654069   37.053421   15.728900    0.100221    8.273975
    0.855721    0.828732    0.238714   -0.695214    1.416212  -113680.455697    60867.404650   37.160902   15.772371    0.100221    8.273975
    0.858209    0.823720    0.253293   -0.721390    1.400844  -115392.332330    60839.234478   37.267753   15.815186    0.100221    8.273975
    0.860697    0.818413    0.268406   -0.747167    1.381062  -117069.770153    60805.476384   37.373938   15.857305    0.100221    8.273975
    0.863184    0.812801    0.284046   -0.772466    1.357203  -118707.689609    60766.478704   37.479416   15.898690    0.100221    8.273975
    0.865672    0.806874    0.300200   -0.797214    1.329649  -120301.548668    60722.600581   37.584148   15.939304    0.100221    8.273975
    0.868159    0.800625    0.316858   -0.821345    1.298809  -121847.382811    60674.207347   37.688093   15.979106    0.100221    8.273975
    0.870647    0.794046    0.334006   -0.844805    1.265118  -123341.829164    60621.666080   37.791208   16.018059    0.100221    8.273975
    0.873134    0.787128    0.351629   -0.867546    1.229018  -124782.135313    60565.341456   37.893451   16.056125    0.100221    8.273975
    0.875622    0.779865    0.369712   -0.889528    1.190949  -126166.153929    60505.591960   37.994778   16.093268    0.100221    8.273975
    0.878109    0.772251    0.388240   -0.910723    1.151345  -127492.324782    60442.766524   38.095142   16.129451    0.100221    8.273975
    0.880597    0.764281    0.407196   -0.931109    1.110619  -128759.646049    60377.201626   38.194498   16.164640    0.100221    8.273975
    0.883085    0.755947    0.426563   -0.950671    1.069163  -129967.637004    60309.218872   38.292801   16.198803    0.100221    8.273975
    0.885572    0.747248    0.446324   -0.969404    1.027338  -131116.294218    60239.123059   38.390002   16.231909    0.100221    8.273975
    0.888060    0.738178    0.466461   -0.987308    0.985473  -132206.043357    60167.200704   38.486054   16.263930    0.100221    8.273975
    0.890547    0.728734    0.486959   -1.004390    0.943865  -133237.688496    60093.719011   38.580909   16.294840    0.100221    8.273975
    0.893035    0.718915    0.507801   -1.020659    0.902771  -134212.360670    60018.925242   38.674519   16.324616    0.100221    8.273975
    0.895522    0.708717    0.528969   -1.036133    0.862417  -135131.467120    59943.046443   38.766834   16.353238    0.100221    8.273975
    0.898010    0.698141    0.550447   -1.050832    0.822991  -135996.642428    59866.289491   38.857806   16.380689    0.100221    8.273975
    0.900498    0.687186    0.572220   -1.064777    0.784651  -136809.702460    59788.841391   38.947386   16.406955    0.100221    8.273975
    0.902985    0.675851    0.594272   -1.077995    0.747523  -137572.601782    59710.869803   39.035524   16.432027    0.100221    8.273975
    0.905473    0.664138    0.616590   -1.090512    0.711705  -138287.394974    59632.523738   39.122172   16.455897    0.100221    8.273975
    0.907960    0.652048    0.639158   -1.102358    0.677271  -138956.202091    59553.934378   39.207282   16.478563    0.100221    8.273975
    0.910448    0.639584    0.661963   -1.113561    0.644269  -139581.178300    59475.215998   39.290803   16.500027    0.100221    8.273975
    0.912935    0.626747    0.684992   -1.124152    0.612731  -140164.487658    59396.466947   39.372688   16.520293    0.100221    8.273975
    0.915423    0.613542    0.708233   -1.134162    0.582669  -140708.280826    59317.770654   39.452890   16.539370    0.100221    8.273975
    0.917910    0.599972    0.731675   -1.143619    0.554082  -141214.676485    59239.196654   39.531360   16.557271    0.100221    8.273975
    0.920398    0.586041    0.755306   -1.152555    0.526956  -141685.746152    59160.801595   39.608052   16.574013    0.100221    8.273975
    0.922886    0.571755    0.779115   -1.160997    0.501267  -142123.502063    59082.630221   39.682919   16.589615    0.100221    8.273975
    0.925373    0.557119    0.803094   -1.168975    0.476984  -142529.887804    59004.716320   39.755916   16.604102    0.100221    8.273975
    0.927861    0.542139    0.827232   -1.176516    0.454068  -142906.771328    58927.083623   39.826998   16.617501    0.100221    8.273975
    0.930348    0.526822    0.851521   -1.183646    0.432477  -143255.940068    58849.746649   39.896121   16.629842    0.100221    8.273975
    0.932836    0.511175    0.875953   -1.190392    0.412163  -143579.097808    58772.711495   39.963242   16.641159    0.100221    8.273975
    0.935323    0.495204    0.900520   -1.196777    0.393079  -143877.863065    58695.976575   40.028318   16.651490    0.100221    8.273975
    0.937811    0.478919    0.925215   -1.202824    0.375174  -144153.768707    58619.533284   40.091309   16.660873    0.100221    8.273975
    0.940299    0.462327    0.950031   -1.208557    0.358398  -144408.262581    58543.366624   40.152173   16.669351    0.100221    8.273975
    0.942786    0.445438    0.974962   -1.213995    0.342700  -144642.708961    58467.455761   40.210873   16.676966    0.100221    8.273975
    0.945274    0.428260    1.000002   -1.219160    0.328030  -144858.390640    58391.774534   40.267370   16.683766    0.100221    8.273975
    0.947761    0.410803    1.025146   -1.224070    0.314341  -145056.511504    58316.291914   40.321627   16.689797    0.100221    8.273975
    0.950249    0.393077    1.050388   -1.228744    0.301584  -145238.199470    58240.972416   40.373609   16.695108    0.100221    8.273975
    0.952736    0.375092    1.075725   -1.233198    0.289714  -145404.509688    58165.776471   40.423281   16.699749    0.100221    8.273975
    0.955224    0.356858    1.101150   -1.237449    0.278689  -145556.427893    58090.660751   40.470612   16.703769    0.100221    8.273975
    0.957711    0.338388    1.126662   -1.241511    0.268465  -145694.873865    58015.578473   40.515569   16.707219    0.100221    8.273975
    0.960199    0.319692    1.152255   -1.245400    0.259004  -145820.704906    57940.479656   40.558123   16.710149    0.100221    8.273975
    0.962687    0.300781    1.177926   -1.249129    0.250268  -145934.719319    57865.311360   40.598246   16.712607    0.100221    8.273975
    0.965174    0.281668    1.203673   -1.252710    0.242222  -146037.659822    57790.017902   40.635909   16.714644    0.100221    8.273975
    0.967662    0.262364    1.229492   -1.256157    0.234833  -146130.216894    57714.541043   40.671088   16.716305    0.100221    8.273975
    0.970149    0.242882    1.255381   -1.259481    0.228069  -146213.032024    57638.820164   40.703760   16.717638    0.100221    8.273975
    0.972637    0.223235    1.281337   -1.262693    0.221902  -146286.700847    57562.792428   40.733901   16.718686    0.100221    8.273975
    0.975124    0.203435    1.307358   -1.265803    0.216303  -146351.776179    57486.392925   40.761491   16.719491    0.100221    8.273975
    0.977612    0.183496    1.333442   -1.268821    0.211246  -146408.770938    57409.554815   40.786511   16.720093    0.100221    8.273975
    0.980100    0.163430    1.359587   -1.271757    0.206706  -146458.160974    57332.209458   40.808945   16.720527    0.100221    8.273975
    0.982587    0.143251    1.385792   -1.274621    0.202658  -146500.387827    57254.286545   40.828776   16.720827    0.100221    8.273975
    0.985075    0.122973    1.412055   -1.277419    0.199074  -146535.861470    57175.714225   40.845991   16.721025    0.100221    8.273975
    0.987562    0.102609    1.438375   -1.280162    0.195919  -146564.963095    57096.419232   40.860578   16.721145    0.100221    8.273975
    0.990050    0.082174    1.464751   -1.282857    0.193135  -146588.048108    57016.327012   40.872527   16.721211    0.100221    8.273975
    0.992537    0.061681    1.491182   -1.285512    0.190583  -146605.449639    56935.361862   40.881829   16.721243    0.100221    8.273975
    0.995025    0.041145    1.517668   -1.288133    0.187706  -146617.483310    56853.447057   40.888479   16.721255    0.100221    8.273975
    0.997512    0.020580    1.544207   -1.290716    0.179466  -146624.455586    56770.505003   40.892470   16.721257    0.100221    8.273975
    1.000000   -0.000000    1.570796   -1.292694    0.000000  -146626.688788    56686.457384   40.893801   16.721258    0.100221    8.273975
