           t           r         psi          cs          qs               p             sig           A           V          Q2           S
    0.000000    0.000000   -1.570796   -0.501227    0.000000        3.297460        6.571050    0.000000   -0.000000    0.066092   11.289426
    0.009804    0.110623   -1.514495   -0.523509    0.533628        3.267835        6.092129    0.038475    0.000060    0.066092   11.289426
    0.019608    0.220875   -1.453303   -0.589454    1.055964        3.159281        5.634049    0.153775    0.000978    0.066092   11.289426
    0.029412    0.330257   -1.382405   -0.698995    1.581228        2.923811        5.183089    0.345480    0.005151    0.066092   11.289426
    0.039216    0.437998   -1.296937   -0.852859    2.109233        2.467226        4.725140    0.612738    0.017117    0.066092   11.289426
    0.049020    0.542854   -1.191977   -1.051023    2.617385        1.598834        4.245183    0.954008    0.044202    0.066092   11.289426
    0.058824    0.642865   -1.062764   -1.290031    3.042322       -0.084150        3.727622    1.366653    0.096971    0.066092   11.289426
    0.068627    0.735090   -0.905336   -1.557631    3.240551       -3.467042        3.160943    1.846344    0.188752    0.066092   11.289426
    0.078431    0.815452   -0.718058   -1.821336    2.908280      -10.481554        2.560906    2.386314    0.333073    0.066092   11.289426
    0.088235    0.879032   -0.505019   -2.004929    1.459381      -24.453760        2.065128    2.976627    0.538054    0.066092   11.289426
    0.098039    0.921378   -0.282728   -1.956307   -1.826241      -43.942641        2.211980    3.603973    0.799094    0.066092   11.289426
    0.107843    0.941252   -0.087416   -1.498518   -6.018013      -40.776182        4.004028    4.252870    1.096471    0.066092   11.289426
    0.117647    0.943254    0.036758   -0.723656   -7.209274       -2.875696        7.100491    4.908936    1.405686    0.066092   11.289426
    0.127451    0.936298    0.076258   -0.034740   -4.774692       19.662169        9.683749    5.562731    1.712387    0.066092   11.289426
    0.137255    0.928565    0.056982    0.323858   -1.589935       18.162260       11.320836    6.211041    2.013838    0.066092   11.289426
    0.147059    0.924470    0.016238    0.369414    0.673167        6.510551       12.441456    6.855103    2.311857    0.066092   11.289426
    0.156863    0.924709   -0.017920    0.228852    1.653180       -7.281067       13.432749    7.497867    2.608887    0.066092   11.289426
    0.166667    0.927704   -0.032677    0.039706    1.545040      -19.054146       14.547449    8.141881    2.906976    0.066092   11.289426
    0.176471    0.931241   -0.028705   -0.097399    0.800676      -25.988085       15.928273    8.788288    3.207244    0.066092   11.289426
    0.186275    0.933683   -0.014642   -0.141002   -0.028749      -27.190183       17.587520    9.436838    3.509585    0.066092   11.289426
    0.196078    0.934480   -0.000390   -0.107100   -0.523521      -24.706342       19.411133   10.086516    3.813043    0.066092   11.289426
    0.205882    0.933996    0.007917   -0.041825   -0.582205      -21.976559       21.245389   10.736264    4.116574    0.066092   11.289426
    0.215686    0.932988    0.009278    0.013176   -0.364142      -21.189614       22.994866   11.385448    4.419569    0.066092   11.289426
    0.225490    0.932110    0.006107    0.038926   -0.087876      -22.591776       24.645770   12.033947    4.721928    0.066092   11.289426
    0.235294    0.931681    0.001680    0.037409    0.104320      -25.369966       26.232810   12.681983    5.023864    0.066092   11.289426
    0.245098    0.931695   -0.001627    0.021055    0.170795      -28.540583       27.801335   13.329883    5.325674    0.066092   11.289426
    0.254902    0.931965   -0.002922    0.002924    0.139125      -31.391853       29.384950   13.977895    5.627587    0.066092   11.289426
    0.264706    0.932278   -0.002517   -0.008829    0.064196      -33.620902       30.997722   14.626120    5.929700    0.066092   11.289426
    0.274510    0.932492   -0.001285   -0.012130   -0.005033      -35.287793       32.636560   15.274534    6.231989    0.066092   11.289426
    0.284314    0.932563   -0.000062   -0.009231   -0.042817      -36.653783       34.289245   15.923047    6.534370    0.066092   11.289426
    0.294118    0.932524    0.000671   -0.003931   -0.047419      -37.995098       35.943061   16.571568    6.836760    0.066092   11.289426
    0.303922    0.932436    0.000837    0.000648   -0.031398      -39.482766       37.590158   17.220041    7.139104    0.066092   11.289426
    0.313725    0.932354    0.000611    0.003027   -0.010077      -41.158024       39.228617   17.868452    7.441391    0.066092   11.289426
    0.323529    0.932306    0.000248    0.003235    0.005918      -42.972330       40.860655   18.516817    7.743635    0.066092   11.289426
    0.333333    0.932296   -0.000056    0.002128    0.012752      -44.845051       42.489991   19.165162    8.045861    0.066092   11.289426
    0.343137    0.932313   -0.000212    0.000693    0.011819      -46.707703       44.119793   19.813511    8.348090    0.066092   11.289426
    0.352941    0.932338   -0.000224   -0.000388    0.006862      -48.524279       45.751726   20.461875    8.650333    0.066092   11.289426
    0.362745    0.932359   -0.000148   -0.000866    0.001495      -50.290830       47.385972   21.110256    8.952591    0.066092   11.289426
    0.372549    0.932370   -0.000051   -0.000823   -0.002105      -52.023379       49.021788   21.758648    9.254861    0.066092   11.289426
    0.382353    0.932371    0.000023   -0.000501   -0.003382      -53.743579       50.658174   22.407045    9.557134    0.066092   11.289426
    0.392157    0.932366    0.000058   -0.000136   -0.002883      -55.468426       52.294345   23.055439    9.859405    0.066092   11.289426
    0.401961    0.932360    0.000058    0.000121   -0.001568      -57.206084       53.929926   23.703830   10.161673    0.066092   11.289426
    0.411765    0.932354    0.000037    0.000225   -0.000265      -58.956740       55.564905   24.352216   10.463937    0.066092   11.289426
    0.421569    0.932352    0.000012    0.000207    0.000567      -60.715943       57.199491   25.000599   10.766198    0.066092   11.289426
    0.431373    0.932351   -0.000006    0.000124    0.000841      -62.478155       58.833937   25.648982   11.068458    0.066092   11.289426
    0.441176    0.932353   -0.000015    0.000034    0.000706      -64.239137       60.468440   26.297364   11.370718    0.066092   11.289426
    0.450980    0.932354   -0.000015   -0.000029    0.000387      -65.996862       62.103093   26.945748   11.672980    0.066092   11.289426
    0.460784    0.932356   -0.000010   -0.000055    0.000074      -67.751260       63.737900   27.594133   11.975242    0.066092   11.289426
    0.470588    0.932356   -0.000004   -0.000052   -0.000128      -69.503408       65.372811   28.242519   12.277505    0.066092   11.289426
    0.480392    0.932357    0.000001   -0.000033   -0.000200      -71.254678       67.007763   28.890905   12.579769    0.066092   11.289426
    0.490196    0.932356    0.000003   -0.000011   -0.000175      -73.006153       68.642705   29.539291   12.882032    0.066092   11.289426
    0.500000    0.932356    0.000004    0.000005   -0.000103      -74.758392       70.277611   30.187676   13.184295    0.066092   11.289426
    0.509804    0.932356    0.000003    0.000013   -0.000028      -76.511471       71.912479   30.836062   13.486558    0.066092   11.289426
    0.519608    0.932355    0.000001    0.000013    0.000023      -78.265161       73.547319   31.484447   13.788821    0.066092   11.289426
    0.529412    0.932355   -0.000000    0.000009    0.000045      -80.019136       75.182146   32.132832   14.091083    0.066092   11.289426
    0.539216    0.932355   -0.000001    0.000004    0.000043      -81.773116       76.816972   32.781217   14.393346    0.066092   11.289426
    0.549020    0.932355   -0.000001   -0.000000    0.000028      -83.526938       78.451806   33.429602   14.695609    0.066092   11.289426
    0.558824    0.932355   -0.000001   -0.000003    0.000011      -85.280556       80.086649   34.077987   14.997871    0.066092   11.289426
    0.568627    0.932356   -0.000000   -0.000003   -0.000002      -87.034007       81.721500   34.726372   15.300134    0.066092   11.289426
    0.578431    0.932356   -0.000000   -0.000002   -0.000009      -88.787364       83.356355   35.374758   15.602397    0.066092   11.289426
    0.588235    0.932356    0.000000   -0.000001   -0.000010      -90.540698       84.991211   36.023143   15.904660    0.066092   11.289426
    0.598039    0.932356    0.000000   -0.000000   -0.000008      -92.294057       86.626066   36.671528   16.206923    0.066092   11.289426
    0.607843    0.932356    0.000000    0.000000   -0.000004      -94.047462       88.260919   37.319913   16.509185    0.066092   11.289426
    0.617647    0.932356    0.000000    0.000001   -0.000001      -95.800910       89.895770   37.968299   16.811448    0.066092   11.289426
    0.627451    0.932355    0.000000    0.000001    0.000002      -97.554389       91.530620   38.616684   17.113711    0.066092   11.289426
    0.637255    0.932355    0.000000    0.000000    0.000003      -99.307882       93.165468   39.265069   17.415974    0.066092   11.289426
    0.647059    0.932355   -0.000000    0.000000    0.000003     -101.061376       94.800317   39.913454   17.718236    0.066092   11.289426
    0.656863    0.932355    0.000000   -0.000000    0.000004     -102.814869       96.435166   40.561840   18.020499    0.066092   11.289426
    0.666667    0.932355    0.000000   -0.000001    0.000006     -104.568364       98.070015   41.210225   18.322762    0.066092   11.289426
    0.676471    0.932355    0.000000   -0.000002    0.000012     -106.321879       99.704863   41.858610   18.625025    0.066092   11.289426
    0.686275    0.932355    0.000001   -0.000004    0.000025     -108.075451      101.339708   42.506995   18.927287    0.066092   11.289426
    0.696078    0.932355    0.000001   -0.000008    0.000051     -109.829152      102.974547   43.155380   19.229550    0.066092   11.289426
    0.705882    0.932355    0.000002   -0.000016    0.000104     -111.583130      104.609374   43.803765   19.531813    0.066092   11.289426
    0.715686    0.932355    0.000005   -0.000032    0.000209     -113.337684      106.244173   44.452150   19.834075    0.066092   11.289426
    0.725490    0.932354    0.000010   -0.000064    0.000419     -115.093424      107.878919   45.100535   20.136337    0.066092   11.289426
    0.735294    0.932352    0.000020   -0.000129    0.000832     -116.851586      109.513552   45.748918   20.438599    0.066092   11.289426
    0.745098    0.932349    0.000041   -0.000257    0.001640     -118.614655      111.147958   46.397300   20.740858    0.066092   11.289426
    0.754902    0.932343    0.000082   -0.000509    0.003206     -120.387589      112.781909   47.045679   21.043115    0.066092   11.289426
    0.764706    0.932330    0.000162   -0.000997    0.006217     -122.180201      114.414950   47.694051   21.345366    0.066092   11.289426
    0.774510    0.932304    0.000319   -0.001939    0.011943     -124.011740      116.046192   48.342411   21.647604    0.066092   11.289426
    0.784314    0.932254    0.000623   -0.003737    0.022698     -125.919594      117.673900   48.990744   21.949819    0.066092   11.289426
    0.794118    0.932156    0.001204   -0.007127    0.042563     -127.975486      119.294741   49.639029   22.251987    0.066092   11.289426
    0.803922    0.931968    0.002306   -0.013418    0.078434     -130.314649      120.902388   50.287217   22.554066    0.066092   11.289426
    0.813725    0.931611    0.004363   -0.024856    0.141178     -133.185568      122.485068   50.935221   22.855972    0.066092   11.289426
    0.823529    0.930940    0.008130   -0.045067    0.246020     -137.026251      124.021529   51.582879   23.157552    0.066092   11.289426
    0.833333    0.929703    0.014858   -0.079408    0.409923     -142.556392      125.475162   52.229893   23.458517    0.066092   11.289426
    0.843137    0.927471    0.026480   -0.134692    0.642352     -150.819946      126.787554   52.875731   23.758348    0.066092   11.289426
    0.852941    0.923563    0.045693   -0.217469    0.927743     -163.006270      127.876557   53.519484   24.056117    0.066092   11.289426
    0.862745    0.916962    0.075741   -0.330347    1.209089     -179.826523      128.649045   54.159651   24.350233    0.066092   11.289426
    0.872549    0.906302    0.119739   -0.467827    1.397892     -200.564904      129.035924   54.793905   24.638101    0.066092   11.289426
    0.882353    0.889946    0.179683   -0.615569    1.424669     -222.715078      129.034861   55.418865   24.915807    0.066092   11.289426
    0.892157    0.866186    0.255715   -0.755702    1.290347     -243.076740      128.722154   56.029972   25.178023    0.066092   11.289426
    0.901961    0.833505    0.346173   -0.874652    1.060316     -259.476494      128.216306   56.621532   25.418390    0.066092   11.289426
    0.911765    0.790789    0.448345   -0.967156    0.812211     -271.434526      127.626567   57.186926   25.630441    0.066092   11.289426
    0.921569    0.737441    0.559345   -1.034860    0.595998     -279.607187      127.025598   57.718936   25.808819    0.066092   11.289426
    0.931373    0.673387    0.676689   -1.082700    0.428989     -284.989976      126.449888   58.210113   25.950430    0.066092   11.289426
    0.941176    0.599025    0.798480   -1.116048    0.308628     -288.467095      125.911501   58.653126   26.055171    0.066092   11.289426
    0.950980    0.515150    0.923371   -1.139384    0.225020     -290.686657      125.409116   59.041062   26.126052    0.066092   11.289426
    0.960784    0.422878    1.050449   -1.156000    0.167656     -292.083964      124.934984   59.367676   26.168717    0.066092   11.289426
    0.970588    0.323581    1.179101   -1.168139    0.127464     -292.940137      124.478462   59.627593   26.190472    0.066092   11.289426
    0.980392    0.218834    1.308916   -1.177179    0.096003     -293.434049      124.027534   59.816466   26.199006    0.066092   11.289426
    0.990196    0.110363    1.439589   -1.183623    0.061785     -293.679265      123.569349   59.931096   26.201049    0.066092   11.289426
    1.000000   -0.000000    1.570796   -1.186479    0.000000     -293.748731      123.090414   59.969526   26.201188    0.066092   11.289426
