           t           r         psi          cs          qs               p             sig           A           V          Q2           S
    0.000000    0.000000   -1.570796   -0.976334    0.000000     -342.498514      175.992479    0.000000    0.000000    0.053780    4.062527
    0.009804    0.039819   -1.531906   -0.976634    0.018989     -342.505414      175.811833    0.004983    0.000002    0.053780    4.062527
    0.019608    0.079577   -1.492994   -0.977394    0.032134     -342.527569      175.635013    0.019924    0.000031    0.053780    4.062527
    0.029412    0.119215   -1.454045   -0.978476    0.041826     -342.567029      175.461338    0.044801    0.000156    0.053780    4.062527
    0.039216    0.158672   -1.415048   -0.979801    0.049589     -342.626085      175.290127    0.079577    0.000490    0.053780    4.062527
    0.049020    0.197888   -1.375994   -0.981331    0.056417     -342.707420      175.120706    0.124197    0.001192    0.053780    4.062527
    0.058824    0.236803   -1.336875   -0.983054    0.062991     -342.814227      174.952400    0.178595    0.002460    0.053780    4.062527
    0.068627    0.275356   -1.297684   -0.984976    0.069802     -342.950324      174.784534    0.242687    0.004530    0.053780    4.062527
    0.078431    0.313488   -1.258412   -0.987116    0.077242     -343.120296      174.616429    0.316376    0.007674    0.053780    4.062527
    0.088235    0.351138   -1.219050   -0.989506    0.085659     -343.329680      174.447402    0.399548    0.012194    0.053780    4.062527
    0.098039    0.388248   -1.179586   -0.992188    0.095394     -343.585184      174.276761    0.492076    0.018418    0.053780    4.062527
    0.107843    0.424758   -1.140010   -0.995216    0.106816     -343.894971      174.103802    0.593817    0.026697    0.053780    4.062527
    0.117647    0.460608   -1.100305   -0.998660    0.120344     -344.269026      173.927805    0.704613    0.037396    0.053780    4.062527
    0.127451    0.495740   -1.060453   -1.002603    0.136477     -344.719618      173.748034    0.824293    0.050892    0.053780    4.062527
    0.137255    0.530096   -1.020432   -1.007150    0.155818     -345.261906      173.563736    0.952668    0.067565    0.053780    4.062527
    0.147059    0.563615   -0.980216   -1.012432    0.179100     -345.914724      173.374139    1.089537    0.087795    0.053780    4.062527
    0.156863    0.596241   -0.939772   -1.018606    0.207214     -346.701598      173.178460    1.234684    0.111954    0.053780    4.062527
    0.166667    0.627913   -0.899062   -1.025869    0.241233     -347.652088      172.975916    1.387877    0.140399    0.053780    4.062527
    0.176471    0.658572   -0.858037   -1.034461    0.282424     -348.803535      172.765750    1.548871    0.173468    0.053780    4.062527
    0.186275    0.688158   -0.816638   -1.044673    0.332232     -350.203343      172.547263    1.717404    0.211474    0.053780    4.062527
    0.196078    0.716610   -0.774795   -1.056856    0.392219     -351.911939      172.319890    1.893201    0.254696    0.053780    4.062527
    0.205882    0.743863   -0.732420   -1.071420    0.463898     -354.006541      172.083308    2.075969    0.303377    0.053780    4.062527
    0.215686    0.769852   -0.689410   -1.088828    0.548410     -356.585795      171.837617    2.265401    0.357716    0.053780    4.062527
    0.225490    0.794508   -0.645643   -1.109575    0.645905     -359.775104      171.583643    2.461170    0.417862    0.053780    4.062527
    0.235294    0.817757   -0.600974   -1.134132    0.754486     -363.731838      171.323414    2.662936    0.483910    0.053780    4.062527
    0.245098    0.839523   -0.555245   -1.162836    0.868487     -368.648142      171.060934    2.870336    0.555889    0.053780    4.062527
    0.254902    0.859720   -0.508290   -1.195704    0.975838     -374.745820      170.803412    3.082988    0.633764    0.053780    4.062527
    0.264706    0.878260   -0.459951   -1.232117    1.054421     -382.251178      170.563163    3.300489    0.717419    0.053780    4.062527
    0.274510    0.895048   -0.410118   -1.270350    1.067747     -391.325416      170.360467    3.522413    0.806649    0.053780    4.062527
    0.284314    0.909989   -0.358779   -1.306932    0.961469     -401.907306      170.227519    3.748309    0.901155    0.053780    4.062527
    0.294118    0.922989   -0.306110   -1.335948    0.664585     -413.408273      170.213057    3.977703    1.000527    0.053780    4.062527
    0.303922    0.933971   -0.252578   -1.348554    0.102321     -424.227021      170.385722    4.210098    1.104242    0.053780    4.062527
    0.313725    0.942886   -0.199056   -1.333371   -0.771105     -431.223284      170.831209    4.444985    1.211667    0.053780    4.062527
    0.323529    0.949733   -0.146893   -1.278545   -1.920443     -429.703724      171.635424    4.681842    1.322078    0.053780    4.062527
    0.333333    0.954581   -0.097850   -1.175872   -3.185024     -414.834057      172.849072    4.920161    1.434701    0.053780    4.062527
    0.343137    0.957579   -0.053862   -1.025668   -4.296464     -384.628309      174.446124    5.159458    1.548778    0.053780    4.062527
    0.352941    0.958958   -0.016633   -0.839195   -4.986962     -342.376327      176.309500    5.399296    1.663632    0.053780    4.062527
    0.362745    0.959008    0.012763   -0.635991   -5.123338     -295.590138      178.267532    5.639307    1.778723    0.053780    4.062527
    0.372549    0.958049    0.034090   -0.437305   -4.755490     -252.020115      180.158657    5.879198    1.893667    0.053780    4.062527
    0.382353    0.956394    0.047883   -0.259886   -4.053550     -216.454459      181.877041    6.118755    2.008227    0.053780    4.062527
    0.392157    0.954322    0.055203   -0.113203   -3.208373     -190.271830      183.379184    6.357840    2.122281    0.053780    4.062527
    0.401961    0.952067    0.057348   -0.000018   -2.366678     -172.676351      184.666150    6.596380    2.235787    0.053780    4.062527
    0.411765    0.949808    0.055626    0.081474   -1.614115     -162.027413      185.762113    6.834352    2.348752    0.053780    4.062527
    0.421569    0.947674    0.051223    0.135439   -0.986173     -156.634189      186.699123    7.071771    2.461214    0.053780    4.062527
    0.431373    0.945752    0.045138    0.166807   -0.486505     -155.074307      187.508951    7.308682    2.573224    0.053780    4.062527
    0.441176    0.944091    0.038172    0.180347   -0.102456     -156.254088      188.219694    7.545144    2.684843    0.053780    4.062527
    0.450980    0.942715    0.030953    0.180229    0.184747     -159.367052      188.854902    7.781226    2.796133    0.053780    4.062527
    0.460784    0.941623    0.023951    0.169902    0.394396     -163.828348      189.433807    8.016998    2.907157    0.053780    4.062527
    0.470588    0.940800    0.017517    0.152116    0.543757     -169.214973      189.971903    8.252532    3.017975    0.053780    4.062527
    0.480392    0.940217    0.011904    0.129013    0.647303     -175.219742      190.481549    8.487891    3.128639    0.053780    4.062527
    0.490196    0.939838    0.007289    0.102227    0.716814     -181.618817      190.972476    8.723130    3.239197    0.053780    4.062527
    0.500000    0.939621    0.003794    0.072979    0.761860     -188.250300      191.452135    8.958295    3.349690    0.053780    4.062527
    0.509804    0.939520    0.001497    0.042146    0.790353     -195.001215      191.925932    9.193422    3.460148    0.053780    4.062527
    0.519608    0.939485    0.000450    0.010313    0.809038     -201.800605      192.397334    9.428533    3.570591    0.053780    4.062527
    0.529412    0.939467    0.000684   -0.022188    0.823831     -208.616747      192.867906    9.663638    3.681029    0.053780    4.062527
    0.539216    0.939414    0.002224   -0.055251    0.839995     -215.456666      193.337297    9.898735    3.791459    0.053780    4.062527
    0.549020    0.939272    0.005094   -0.088972    0.862111     -222.366063      193.803225   10.133809    3.901867    0.053780    4.062527
    0.558824    0.938990    0.009324   -0.123616    0.893889     -229.427657      194.261501   10.368831    4.012224    0.053780    4.062527
    0.568627    0.938511    0.014958   -0.159581    0.937830     -236.755980      194.706139   10.603759    4.122488    0.053780    4.062527
    0.578431    0.937779    0.022059   -0.197334    0.994839     -244.486933      195.129606   10.838536    4.232599    0.053780    4.062527
    0.588235    0.936733    0.030708   -0.237350    1.063876     -252.761312      195.523234   11.073093    4.342484    0.053780    4.062527
    0.598039    0.935311    0.041001   -0.280024    1.141784     -261.702928      195.877810   11.307342    4.452049    0.053780    4.062527
    0.607843    0.933445    0.053052   -0.325594    1.223404     -271.393923      196.184322   11.541181    4.561180    0.053780    4.062527
    0.617647    0.931063    0.066976   -0.374069    1.302063     -281.851752      196.434798   11.774490    4.669742    0.053780    4.062527
    0.627451    0.928088    0.082885   -0.425184    1.370402     -293.013414      196.623121   12.007131    4.777573    0.053780    4.062527
    0.637255    0.924441    0.100873   -0.478398    1.421421     -304.731967      196.745704   12.238944    4.884488    0.053780    4.062527
    0.647059    0.920038    0.121010   -0.532928    1.449541     -316.787827      196.801882   12.469752    4.990272    0.053780    4.062527
    0.656863    0.914797    0.143330   -0.587822    1.451423     -328.913436      196.793965   12.699355    5.094684    0.053780    4.062527
    0.666667    0.908632    0.167826   -0.642056    1.426365     -340.826006      196.726915   12.927533    5.197454    0.053780    4.062527
    0.676471    0.901464    0.194452   -0.694638    1.376215     -352.260863      196.607744   13.154044    5.298290    0.053780    4.062527
    0.686275    0.893216    0.223125   -0.744694    1.304853     -362.998364      196.444742   13.378627    5.396878    0.053780    4.062527
    0.696078    0.883815    0.253730   -0.791534    1.217430     -372.879984      196.246689   13.601004    5.492888    0.053780    4.062527
    0.705882    0.873201    0.286127   -0.834678    1.119552     -381.812748      196.022165   13.820878    5.585985    0.053780    4.062527
    0.715686    0.861316    0.320165   -0.873864    1.016587     -389.764052      195.779034   14.037937    5.675830    0.053780    4.062527
    0.725490    0.848117    0.355684   -0.909022    0.913172     -396.750482      195.524128   14.251858    5.762096    0.053780    4.062527
    0.735294    0.833567    0.392523   -0.940237    0.812962     -402.824236      195.263111   14.462308    5.844469    0.053780    4.062527
    0.745098    0.817639    0.430531   -0.967715    0.718567     -408.059990      195.000475   14.668945    5.922664    0.053780    4.062527
    0.754902    0.800317    0.469563   -0.991736    0.631633     -412.543812      194.739632   14.871422    5.996425    0.053780    4.062527
    0.764706    0.781593    0.509488   -1.012623    0.553002     -416.364787      194.483056   15.069389    6.065538    0.053780    4.062527
    0.774510    0.761468    0.550189   -1.030714    0.482897     -419.609295      194.232439   15.262494    6.129836    0.053780    4.062527
    0.784314    0.739949    0.591560   -1.046345    0.421098     -422.357518      193.988845   15.450389    6.189198    0.053780    4.062527
    0.794118    0.717053    0.633509   -1.059830    0.367103     -424.681635      193.752851   15.632725    6.243558    0.053780    4.062527
    0.803922    0.692802    0.675958   -1.071460    0.320245     -426.645213      193.524665   15.809162    6.292905    0.053780    4.062527
    0.813725    0.667226    0.718838   -1.081497    0.279787     -428.303338      193.304220   15.979364    6.337284    0.053780    4.062527
    0.823529    0.640359    0.762089   -1.090170    0.244982     -429.703199      193.091250   16.143002    6.376790    0.053780    4.062527
    0.833333    0.612242    0.805663   -1.097681    0.215114     -430.884878      192.885353   16.299760    6.411575    0.053780    4.062527
    0.843137    0.582919    0.849515   -1.104204    0.189522     -431.882224      192.686030   16.449330    6.441836    0.053780    4.062527
    0.852941    0.552440    0.893609   -1.109886    0.167608     -432.723705      192.492716   16.591416    6.467815    0.053780    4.062527
    0.862745    0.520857    0.937916   -1.114856    0.148846     -433.433204      192.304811   16.725735    6.489791    0.053780    4.062527
    0.872549    0.488229    0.982408   -1.119222    0.132770     -434.030729      192.121685   16.852019    6.508079    0.053780    4.062527
    0.882353    0.454616    1.027063   -1.123074    0.118977     -434.533032      191.942697   16.970013    6.523016    0.053780    4.062527
    0.892157    0.420082    1.071863   -1.126491    0.107113     -434.954140      191.767199   17.079479    6.534957    0.053780    4.062527
    0.901961    0.384692    1.116792   -1.129537    0.096868     -435.305806      191.594537   17.180193    6.544269    0.053780    4.062527
    0.911765    0.348517    1.161835   -1.132267    0.087957     -435.597883      191.424058   17.271952    6.551321    0.053780    4.062527
    0.921569    0.311628    1.206982   -1.134726    0.080112     -435.838646      191.255106   17.354567    6.556476    0.053780    4.062527
    0.931373    0.274099    1.252221   -1.136950    0.073061     -436.035051      191.087025   17.427869    6.560083    0.053780    4.062527
    0.941176    0.236004    1.297545   -1.138965    0.066500     -436.192952      190.919156   17.491707    6.562470    0.053780    4.062527
    0.950980    0.197423    1.342946   -1.140788    0.060056     -436.317289      190.750838   17.545949    6.563939    0.053780    4.062527
    0.960784    0.158432    1.388415   -1.142420    0.053226     -436.412233      190.581405   17.590484    6.564756    0.053780    4.062527
    0.970588    0.119113    1.433945   -1.143845    0.045279     -436.481317      190.410186   17.625218    6.565147    0.053780    4.062527
    0.980392    0.079547    1.479527   -1.145019    0.035102     -436.527555      190.236506   17.650079    6.565293    0.053780    4.062527
    0.990196    0.039815    1.525150   -1.145853    0.020945     -436.553545      190.059685   17.665017    6.565327    0.053780    4.062527
    1.000000   -0.000000    1.570796   -1.146184    0.000000     -436.561645      189.879039   17.670000    6.565329    0.053780    4.062527
