           t           r         psi          cs          qs               p             sig           A           V          Q2           S
    0.000000    0.000000   -1.570796   -1.212990    0.000000        7.271790       -1.159749    0.000000    0.000000    0.227493    3.756203
    0.009804    0.036813   -1.526114   -1.214093    0.078999        7.266053       -1.261185    0.004260    0.000002    0.227493    3.756203
    0.019608    0.073553   -1.481352   -1.217282    0.151727        7.247962       -1.359201    0.017030    0.000028    0.227493    3.756203
    0.029412    0.110145   -1.436436   -1.222370    0.217990        7.216318       -1.453969    0.038286    0.000141    0.227493    3.756203
    0.039216    0.146515   -1.391302   -1.229169    0.277529        7.169840       -1.545630    0.067984    0.000445    0.227493    3.756203
    0.049020    0.182588   -1.345888   -1.237478    0.330019        7.107101       -1.634292    0.106065    0.001082    0.227493    3.756203
    0.058824    0.218286   -1.300144   -1.247091    0.375071        7.026504       -1.720024    0.152450    0.002231    0.227493    3.756203
    0.068627    0.253531   -1.254025   -1.257785    0.412233        6.926274       -1.802847    0.207044    0.004106    0.227493    3.756203
    0.078431    0.288246   -1.207497   -1.269327    0.440992        6.804455       -1.882730    0.269734    0.006950    0.227493    3.756203
    0.088235    0.322348   -1.160531   -1.281463    0.460777        6.658920       -1.959580    0.340387    0.011031    0.227493    3.756203
    0.098039    0.355757   -1.113111   -1.293924    0.470961        6.487389       -2.033231    0.418851    0.016638    0.227493    3.756203
    0.107843    0.388391   -1.065232   -1.306417    0.470866        6.287479       -2.103433    0.504958    0.024073    0.227493    3.756203
    0.117647    0.420167   -1.016896   -1.318628    0.459775        6.056764       -2.169839    0.598518    0.033645    0.227493    3.756203
    0.127451    0.451003   -0.968121   -1.330215    0.436937        5.792887       -2.231991    0.699323    0.045661    0.227493    3.756203
    0.137255    0.480815   -0.918936   -1.340813    0.401592        5.493702       -2.289306    0.807147    0.060420    0.227493    3.756203
    0.147059    0.509525   -0.869386   -1.350029    0.352991        5.157482       -2.341058    0.921742    0.078202    0.227493    3.756203
    0.156863    0.537054   -0.819527   -1.357439    0.290432        4.783187       -2.386361    1.042845    0.099263    0.227493    3.756203
    0.166667    0.563327   -0.769436   -1.362597    0.213302        4.370807       -2.424162    1.170174    0.123822    0.227493    3.756203
    0.176471    0.588273   -0.719204   -1.365030    0.121135        3.921780       -2.453223    1.303430    0.152057    0.227493    3.756203
    0.186275    0.611826   -0.668940   -1.364247    0.013685        3.439465       -2.472128    1.442298    0.184097    0.227493    3.756203
    0.196078    0.633930   -0.618772   -1.359743   -0.108994        2.929643       -2.479287    1.586449    0.220019    0.227493    3.756203
    0.205882    0.654531   -0.568845   -1.351014   -0.246448        2.400993       -2.472965    1.735541    0.259837    0.227493    3.756203
    0.215686    0.673590   -0.519326   -1.337564   -0.397721        1.865437       -2.451331    1.889222    0.303510    0.227493    3.756203
    0.225490    0.691075   -0.470396   -1.318929   -0.561254        1.338251       -2.412529    2.047132    0.350935    0.227493    3.756203
    0.235294    0.706967   -0.422254   -1.294695   -0.734800        0.837788       -2.354779    2.208904    0.401950    0.227493    3.756203
    0.245098    0.721259   -0.375113   -1.264523   -0.915372        0.384699       -2.276509    2.374167    0.456343    0.227493    3.756203
    0.254902    0.733956   -0.329197   -1.228172   -1.099240        0.000568       -2.176497    2.542553    0.513855    0.227493    3.756203
    0.264706    0.745078   -0.284735   -1.185532   -1.282009       -0.293999       -2.054029    2.713693    0.574189    0.227493    3.756203
    0.274510    0.754658   -0.241958   -1.136638   -1.458767       -0.481650       -1.909038    2.887228    0.637021    0.227493    3.756203
    0.284314    0.762742   -0.201094   -1.081693   -1.624329       -0.550591       -1.742207    3.062806    0.702009    0.227493    3.756203
    0.294118    0.769391   -0.162360   -1.021074   -1.773535       -0.496486       -1.555015    3.240086    0.768804    0.227493    3.756203
    0.303922    0.774673   -0.125954   -0.955328   -1.901595       -0.323513       -1.349708    3.418746    0.837063    0.227493    3.756203
    0.313725    0.778671   -0.092053   -0.885165   -2.004420       -0.044296       -1.129192    3.598477    0.906453    0.227493    3.756203
    0.323529    0.781475   -0.060805   -0.811423   -2.078893        0.321331       -0.896858    3.778994    0.976663    0.227493    3.756203
    0.333333    0.783180   -0.032324   -0.735048   -2.123058        0.748507       -0.656361    3.960030    1.047407    0.227493    3.756203
    0.343137    0.783890   -0.006688   -0.657045   -2.136187        1.210018       -0.411392    4.141344    1.118432    0.227493    3.756203
    0.352941    0.783708    0.016061   -0.578449   -2.118730        1.678974       -0.165462    4.322717    1.189516    0.227493    3.756203
    0.362745    0.782742    0.035921   -0.500281   -2.072185        2.131037        0.078277    4.503955    1.260471    0.227493    3.756203
    0.372549    0.781098    0.052925   -0.423524   -1.998881        2.545955        0.317142    4.684889    1.331142    0.227493    3.756203
    0.382353    0.778880    0.067142   -0.349089   -1.901754        2.908325        0.548985    4.865374    1.401406    0.227493    3.756203
    0.392157    0.776190    0.078674   -0.277806   -1.784109        3.207672        0.772201    5.045289    1.471167    0.227493    3.756203
    0.401961    0.773123    0.087651   -0.210409   -1.649413        3.438034        0.985699    5.224537    1.540356    0.227493    3.756203
    0.411765    0.769772    0.094227   -0.147528   -1.501123        3.597246        1.188841    5.403040    1.608925    0.227493    3.756203
    0.421569    0.766221    0.098578   -0.089694   -1.342558        3.686108        1.381373    5.580744    1.676846    0.227493    3.756203
    0.431373    0.762548    0.100900   -0.037336   -1.176809        3.707567        1.563354    5.757610    1.744107    0.227493    3.756203
    0.441176    0.758824    0.101399    0.009214   -1.006683        3.665989        1.735076    5.933619    1.810708    0.227493    3.756203
    0.450980    0.755112    0.100296    0.049713   -0.834679        3.566568        1.897008    6.108767    1.876661    0.227493    3.756203
    0.460784    0.751467    0.097814    0.084004   -0.662975        3.414861        2.049733    6.283062    1.941985    0.227493    3.756203
    0.470588    0.747934    0.094186    0.112008   -0.493437        3.216464        2.193911    6.456526    2.006708    0.227493    3.756203
    0.480392    0.744551    0.089642    0.133720   -0.327631        2.976779        2.330236    6.629190    2.070859    0.227493    3.756203
    0.490196    0.741349    0.084414    0.149199   -0.166840        2.700870        2.459411    6.801091    2.134472    0.227493    3.756203
    0.500000    0.738347    0.078728    0.158565   -0.012087        2.393384        2.582127    6.972274    2.197585    0.227493    3.756203
    0.509804    0.735559    0.072808    0.161991    0.135846        2.058508        2.699048    7.142788    2.260233    0.227493    3.756203
    0.519608    0.732990    0.066868    0.159696    0.276397        1.699960        2.810795    7.312681    2.322454    0.227493    3.756203
    0.529412    0.730636    0.061114    0.151937    0.409201        1.320993        2.917941    7.482005    2.384282    0.227493    3.756203
    0.539216    0.728487    0.055741    0.139005    0.534072        0.924420        3.021004    7.650808    2.445752    0.227493    3.756203
    0.549020    0.726526    0.050935    0.121213    0.650980        0.512625        3.120440    7.819136    2.506894    0.227493    3.756203
    0.558824    0.724728    0.046869    0.098893    0.760027        0.087596        3.216641    7.987030    2.567734    0.227493    3.756203
    0.568627    0.723064    0.043703    0.072385    0.861433       -0.349060        3.309929    8.154524    2.628295    0.227493    3.756203
    0.578431    0.721497    0.041585    0.042033    0.955506       -0.796094        3.400556    8.321645    2.688594    0.227493    3.756203
    0.588235    0.719987    0.040650    0.008179    1.042624       -1.252597        3.488697    8.488411    2.748641    0.227493    3.756203
    0.598039    0.718488    0.041022   -0.028845    1.123213       -1.717979        3.574452    8.654829    2.808439    0.227493    3.756203
    0.607843    0.716950    0.042810   -0.068718    1.197724       -2.191952        3.657843    8.820897    2.867982    0.227493    3.756203
    0.617647    0.715318    0.046114   -0.111136    1.266614       -2.674500        3.738812    8.986600    2.927258    0.227493    3.756203
    0.627451    0.713535    0.051023   -0.155813    1.330325       -3.165853        3.817224    9.151908    2.986240    0.227493    3.756203
    0.637255    0.711541    0.057614   -0.202482    1.389264       -3.666443        3.892867    9.316781    3.044894    0.227493    3.756203
    0.647059    0.709272    0.065957   -0.250899    1.443787       -4.176847        3.965457    9.481162    3.103174    0.227493    3.756203
    0.656863    0.706664    0.076112   -0.300835    1.494189       -4.697724        4.034648    9.644980    3.161020    0.227493    3.756203
    0.666667    0.703649    0.088130   -0.352082    1.540684       -5.229729        4.100035    9.808149    3.218359    0.227493    3.756203
    0.676471    0.700159    0.102057   -0.404448    1.583405       -5.773419        4.161173    9.970566    3.275106    0.227493    3.756203
    0.686275    0.696122    0.117930   -0.457752    1.622397       -6.329144        4.217588   10.132114    3.331162    0.227493    3.756203
    0.696078    0.691469    0.135780   -0.511824    1.657617       -6.896939        4.268794   10.292658    3.386412    0.227493    3.756203
    0.705882    0.686129    0.155634   -0.566504    1.688939       -7.476417        4.314314   10.452048    3.440730    0.227493    3.756203
    0.715686    0.680029    0.177509   -0.621633    1.716166       -8.066678        4.353696   10.610115    3.493975    0.227493    3.756203
    0.725490    0.673100    0.201421   -0.677057    1.739039       -8.666244        4.386538   10.766676    3.545996    0.227493    3.756203
    0.735294    0.665272    0.227377   -0.732620    1.757258       -9.273021        4.412499   10.921532    3.596631    0.227493    3.756203
    0.745098    0.656475    0.255379   -0.788164    1.770499       -9.884314        4.431318   11.074465    3.645708    0.227493    3.756203
    0.754902    0.646645    0.285424   -0.843531    1.778435      -10.496870        4.442823   11.225244    3.693053    0.227493    3.756203
    0.764706    0.635717    0.317502   -0.898558    1.780755      -11.106984        4.446938   11.373624    3.738486    0.227493    3.756203
    0.774510    0.623632    0.351597   -0.953079    1.777177      -11.710619        4.443685   11.519341    3.781831    0.227493    3.756203
    0.784314    0.610334    0.387689   -1.006927    1.767471      -12.303570        4.433179   11.662124    3.822914    0.227493    3.756203
    0.794118    0.595772    0.425748   -1.059936    1.751459      -12.881627        4.415622   11.801684    3.861573    0.227493    3.756203
    0.803922    0.579902    0.465742   -1.111938    1.729027      -13.440748        4.391289   11.937724    3.897664    0.227493    3.756203
    0.813725    0.562685    0.507629   -1.162768    1.700124      -13.977202        4.360516   12.069937    3.931058    0.227493    3.756203
    0.823529    0.544091    0.551365   -1.212265    1.664756      -14.487701        4.323680   12.198008    3.961656    0.227493    3.756203
    0.833333    0.524097    0.596896   -1.260275    1.622980      -14.969488        4.281188   12.321615    3.989387    0.227493    3.756203
    0.843137    0.502691    0.644165   -1.306645    1.574896      -15.420394        4.233455   12.440432    4.014216    0.227493    3.756203
    0.852941    0.479868    0.693109   -1.351233    1.520631      -15.838855        4.180891   12.554132    4.036147    0.227493    3.756203
    0.862745    0.455637    0.743661   -1.393900    1.460327      -16.223903        4.123890   12.662388    4.055225    0.227493    3.756203
    0.872549    0.430015    0.795746   -1.434515    1.394127      -16.575128        4.062815   12.764877    4.071538    0.227493    3.756203
    0.882353    0.403033    0.849288   -1.472952    1.322164      -16.892616        3.997995   12.861279    4.085215    0.227493    3.756203
    0.892157    0.374733    0.904203   -1.509090    1.244547      -17.176884        3.929712   12.951284    4.096426    0.227493    3.756203
    0.901961    0.345169    0.960404   -1.542808    1.161350      -17.428801        3.858200   13.034594    4.105379    0.227493    3.756203
    0.911765    0.314406    1.017801   -1.573989    1.072604      -17.649514        3.783645   13.110923    4.112311    0.227493    3.756203
    0.921569    0.282523    1.076297   -1.602513    0.978287      -17.840376        3.706179   13.180003    4.117483    0.227493    3.756203
    0.931373    0.249610    1.135794   -1.628257    0.878323      -18.002879        3.625886   13.241585    4.121169    0.227493    3.756203
    0.941176    0.215767    1.196185   -1.651095    0.772569      -18.138595        3.542799   13.295441    4.123651    0.227493    3.756203
    0.950980    0.181105    1.257361   -1.670888    0.660819      -18.249136        3.456907   13.341370    4.125200    0.227493    3.756203
    0.960784    0.145745    1.319208   -1.687490    0.542797      -18.336107        3.368155   13.379196    4.126072    0.227493    3.756203
    0.970588    0.109817    1.381605   -1.700740    0.418156      -18.401086        3.276450   13.408772    4.126493    0.227493    3.756203
    0.980392    0.073455    1.444426   -1.710461    0.286480      -18.445609        3.181665   13.429982    4.126652    0.227493    3.756203
    0.990196    0.036801    1.507537   -1.716456    0.147281      -18.471171        3.083644   13.442742    4.126689    0.227493    3.756203
    1.000000    0.000000    1.570796   -1.718507    0.000000      -18.479295        2.982208   13.447001    4.126691    0.227493    3.756203
