           t           r         psi          cs          qs               p             sig           A           V          Q2           S
    0.000000   -0.000000   -1.570796   -0.936652    0.000000     -803.613722      432.219843    0.000000   -0.000000    0.101728    3.403621
    0.009804    0.033363   -1.539529   -0.937702    0.077876     -803.657053      430.867998    0.003498    0.000001    0.101728    3.403621
    0.019608    0.066694   -1.508200   -0.940216    0.124437     -803.794680      429.543953    0.013988    0.000015    0.101728    3.403621
    0.029412    0.099959   -1.476772   -0.943600    0.154436     -804.036957      428.244449    0.031460    0.000074    0.101728    3.403621
    0.039216    0.133126   -1.445220   -0.947559    0.175884     -804.395012      426.966298    0.055896    0.000233    0.101728    3.403621
    0.049020    0.166160   -1.413529   -0.951953    0.193215     -804.881435      425.706385    0.087274    0.000568    0.101728    3.403621
    0.058824    0.199029   -1.381685   -0.956729    0.208962     -805.510662      424.461678    0.125560    0.001175    0.101728    3.403621
    0.068627    0.231697   -1.349675   -0.961882    0.224641     -806.299349      423.229229    0.170717    0.002171    0.101728    3.403621
    0.078431    0.264130   -1.317487   -0.967438    0.241232     -807.266768      422.006190    0.222700    0.003692    0.101728    3.403621
    0.088235    0.296293   -1.285105   -0.973443    0.259435     -808.435278      420.789816    0.281455    0.005891    0.101728    3.403621
    0.098039    0.328150   -1.252516   -0.979959    0.279821     -809.830869      419.577487    0.346921    0.008939    0.101728    3.403621
    0.107843    0.359666   -1.219699   -0.987060    0.302913     -811.483815      418.366720    0.419032    0.013020    0.101728    3.403621
    0.117647    0.390805   -1.186634   -0.994838    0.329240     -813.429443      417.155198    0.497712    0.018335    0.101728    3.403621
    0.127451    0.421527   -1.153297   -1.003397    0.359367     -815.709050      415.940806    0.582878    0.025093    0.101728    3.403621
    0.137255    0.451797   -1.119660   -1.012863    0.393925     -818.370990      414.721678    0.674438    0.033515    0.101728    3.403621
    0.147059    0.481575   -1.085689   -1.023377    0.433623     -821.471958      413.496265    0.772293    0.043829    0.101728    3.403621
    0.156863    0.510821   -1.051348   -1.035108    0.479262     -825.078498      412.263421    0.876337    0.056267    0.101728    3.403621
    0.166667    0.539496   -1.016593   -1.048248    0.531738     -829.268742      411.022528    0.986453    0.071066    0.101728    3.403621
    0.176471    0.567556   -0.981372   -1.063020    0.592033     -834.134398      409.773666    1.102518    0.088460    0.101728    3.403621
    0.186275    0.594957   -0.945628   -1.079679    0.661186     -839.782934      408.517831    1.224398    0.108685    0.101728    3.403621
    0.196078    0.621655   -0.909293   -1.098514    0.740232     -846.339864      407.257251    1.351949    0.131968    0.101728    3.403621
    0.205882    0.647602   -0.872288   -1.119845    0.830079     -853.950920      405.995797    1.485021    0.158531    0.101728    3.403621
    0.215686    0.672746   -0.834526   -1.144021    0.931310     -862.783671      404.739547    1.623449    0.188582    0.101728    3.403621
    0.225490    0.697034   -0.795904   -1.171399    1.043855     -873.027822      403.497549    1.767060    0.222315    0.101728    3.403621
    0.235294    0.720410   -0.756310   -1.202324    1.166477     -884.892832      402.282836    1.915669    0.259906    0.101728    3.403621
    0.245098    0.742811   -0.715621   -1.237076    1.296021     -898.600591      401.113779    2.069078    0.301509    0.101728    3.403621
    0.254902    0.764173   -0.673706   -1.275799    1.426357     -914.369463      400.015858    2.227076    0.347249    0.101728    3.403621
    0.264706    0.784424   -0.630434   -1.318384    1.546997     -932.384070      399.023920    2.389437    0.397218    0.101728    3.403621
    0.274510    0.803488   -0.585683   -1.364302    1.641474     -952.742618      398.184949    2.555922    0.451470    0.101728    3.403621
    0.284314    0.821287   -0.539359   -1.412393    1.685776     -975.371227      397.561255    2.726272    0.510009    0.101728    3.403621
    0.294118    0.837736   -0.491421   -1.460601    1.647491     -999.894372      397.233694    2.900213    0.572787    0.101728    3.403621
    0.303922    0.852751   -0.441916   -1.505710    1.486792    -1025.456541      397.304091    3.077455    0.639689    0.101728    3.403621
    0.313725    0.866252   -0.391018   -1.543156    1.160879    -1050.510059      397.895299    3.257687    0.710528    0.101728    3.403621
    0.323529    0.878165   -0.339079   -1.567056    0.633396    -1072.626137      399.146460    3.440585    0.785041    0.101728    3.403621
    0.333333    0.888435   -0.286663   -1.570624   -0.110920    -1088.450141      401.200563    3.625809    0.862880    0.101728    3.403621
    0.343137    0.897030   -0.234561   -1.547112   -1.049283    -1093.977514      404.182241    3.813011    0.943626    0.101728    3.403621
    0.352941    0.903953   -0.183773   -1.491249   -2.108935    -1085.296544      408.167143    4.001839    1.026800    0.101728    3.403621
    0.362745    0.909247   -0.135425   -1.400863   -3.170089    -1059.740731      413.150185    4.191947    1.111890    0.101728    3.403621
    0.372549    0.912999   -0.090645   -1.278096   -4.089611    -1017.048062      419.025563    4.383001    1.198379    0.101728    3.403621
    0.382353    0.915337   -0.050415   -1.129582   -4.739915     -959.898201      425.590992    4.574692    1.285788    0.101728    3.403621
    0.392157    0.916420   -0.015434   -0.965344   -5.045868     -893.411503      432.579127    4.766737    1.373691    0.101728    3.403621
    0.401961    0.916429    0.013962   -0.796771   -5.001646     -823.798361      439.705439    4.958894    1.461745    0.101728    3.403621
    0.411765    0.915550    0.037811   -0.634463   -4.661606     -756.841000      446.714172    5.150957    1.549682    0.101728    3.403621
    0.421569    0.913964    0.056467   -0.486670   -4.114095     -696.858819      453.407882    5.342758    1.637313    0.101728    3.403621
    0.431373    0.911835    0.070511   -0.358649   -3.453087     -646.383828      459.656577    5.534167    1.724506    0.101728    3.403621
    0.441176    0.909306    0.080650   -0.252812   -2.758286     -606.377814      465.391285    5.725086    1.811181    0.101728    3.403621
    0.450980    0.906494    0.087632   -0.169348   -2.086516     -576.688526      470.589967    5.915442    1.897288    0.101728    3.403621
    0.460784    0.903492    0.092187   -0.106970   -1.471776     -556.510834      475.262188    6.105188    1.982800    0.101728    3.403621
    0.470588    0.900369    0.094983   -0.063581   -0.929814     -544.742514      479.436102    6.294291    2.067705    0.101728    3.403621
    0.480392    0.897175    0.096614   -0.036774   -0.463875     -540.215157      483.148851    6.482730    2.151999    0.101728    3.403621
    0.490196    0.893939    0.097595   -0.024150   -0.069791     -541.822903      486.440211    6.670496    2.235680    0.101728    3.403621
    0.500000    0.890675    0.098359   -0.023497    0.260258     -548.581463      489.348749    6.857579    2.318748    0.101728    3.403621
    0.509804    0.887383    0.099274   -0.032868    0.535283     -559.645138      491.909756    7.043976    2.401201    0.101728    3.403621
    0.519608    0.884055    0.100646   -0.050597    0.764055     -574.301222      494.154329    7.229679    2.483031    0.101728    3.403621
    0.529412    0.880670    0.102728   -0.075280    0.954379     -591.953847      496.109168    7.414679    2.564229    0.101728    3.403621
    0.539216    0.877201    0.105734   -0.105740    1.112814     -612.104149      497.796786    7.598960    2.644777    0.101728    3.403621
    0.549020    0.873615    0.109838   -0.140992    1.244634     -634.330389      499.235961    7.782503    2.724650    0.101728    3.403621
    0.558824    0.869872    0.115187   -0.180200    1.353930     -658.269800      500.442294    7.965278    2.803815    0.101728    3.403621
    0.568627    0.865929    0.121900   -0.222646    1.443766     -683.602906      501.428827    8.147248    2.882230    0.101728    3.403621
    0.578431    0.861740    0.130075   -0.267700    1.516359     -710.040627      502.206663    8.328367    2.959841    0.101728    3.403621
    0.588235    0.857256    0.139789   -0.314795    1.573262     -737.314214      502.785564    8.508577    3.036586    0.101728    3.403621
    0.598039    0.852424    0.151101   -0.363414    1.615537     -765.167999      503.174508    8.687811    3.112390    0.101728    3.403621
    0.607843    0.847192    0.164054   -0.413071    1.643923     -793.354853      503.382170    8.865992    3.187166    0.101728    3.403621
    0.617647    0.841507    0.178674   -0.463309    1.658978     -821.634197      503.417334    9.043029    3.260817    0.101728    3.403621
    0.627451    0.835313    0.194975   -0.513694    1.661210     -849.772260      503.289193    9.218821    3.333234    0.101728    3.403621
    0.637255    0.828559    0.212954   -0.563813    1.651178     -877.544211      503.007554    9.393257    3.404295    0.101728    3.403621
    0.647059    0.821191    0.232596   -0.613282    1.629568     -904.737636      502.582931    9.566214    3.473873    0.101728    3.403621
    0.656863    0.813159    0.253872   -0.661745    1.597237     -931.156753      502.026531    9.737557    3.541828    0.101728    3.403621
    0.666667    0.804414    0.276744   -0.708881    1.555227     -956.626750      501.350150    9.907142    3.608015    0.101728    3.403621
    0.676471    0.794910    0.301163   -0.754413    1.504752     -980.997649      500.566001   10.074815    3.672284    0.101728    3.403621
    0.686275    0.784604    0.327071   -0.798103    1.447163    -1004.147231      499.686489   10.240412    3.734483    0.101728    3.403621
    0.696078    0.773457    0.354404   -0.839765    1.383897    -1025.982707      498.723966   10.403760    3.794460    0.101728    3.403621
    0.705882    0.761433    0.383091   -0.879260    1.316418    -1046.441006      497.690478   10.564680    3.852067    0.101728    3.403621
    0.715686    0.748501    0.413059   -0.916496    1.246160    -1065.487732      496.597544   10.722985    3.907161    0.101728    3.403621
    0.725490    0.734635    0.444230   -0.951424    1.174473    -1083.114961      495.455953   10.878480    3.959610    0.101728    3.403621
    0.735294    0.719813    0.476529   -0.984040    1.102582    -1099.338179      494.275622   11.030969    4.009294    0.101728    3.403621
    0.745098    0.704018    0.509878   -1.014373    1.031559    -1114.192648      493.065482   11.180248    4.056108    0.101728    3.403621
    0.754902    0.687237    0.544201   -1.042481    0.962302    -1127.729545      491.833424   11.326112    4.099968    0.101728    3.403621
    0.764706    0.669464    0.579427   -1.068449    0.895536    -1140.012116      490.586279   11.468354    4.140808    0.101728    3.403621
    0.774510    0.650696    0.615484   -1.092378    0.831815    -1151.112070      489.329830   11.606766    4.178588    0.101728    3.403621
    0.784314    0.630934    0.652308   -1.114384    0.771534    -1161.106359      488.068857   11.741138    4.213289    0.101728    3.403621
    0.794118    0.610187    0.689836   -1.134591    0.714951    -1170.074424      486.807197   11.871264    4.244921    0.101728    3.403621
    0.803922    0.588466    0.728009   -1.153125    0.662200    -1178.095928      485.547818   11.996937    4.273519    0.101728    3.403621
    0.813725    0.565787    0.766775   -1.170117    0.613319    -1185.248977      484.292895   12.117955    4.299145    0.101728    3.403621
    0.823529    0.542170    0.806084   -1.185693    0.568266    -1191.608790      483.043892   12.234120    4.321886    0.101728    3.403621
    0.833333    0.517639    0.845891   -1.199976    0.526939    -1197.246754      481.801644   12.345237    4.341855    0.101728    3.403621
    0.843137    0.492223    0.886155   -1.213084    0.489190    -1202.229810      480.566426   12.451117    4.359186    0.101728    3.403621
    0.852941    0.465952    0.926838   -1.225130    0.454839    -1206.620107      479.338021   12.551579    4.374034    0.101728    3.403621
    0.862745    0.438863    0.967907   -1.236217    0.423686    -1210.474868      478.115786   12.646446    4.386575    0.101728    3.403621
    0.872549    0.410994    1.009331   -1.246445    0.395514    -1213.846415      476.898700   12.735551    4.396997    0.101728    3.403621
    0.882353    0.382386    1.051083   -1.255905    0.370097    -1216.782304      475.685412   12.818734    4.405499    0.101728    3.403621
    0.892157    0.353083    1.093139   -1.264678    0.347195    -1219.325548      474.474283   12.895846    4.412292    0.101728    3.403621
    0.901961    0.323134    1.135478   -1.272842    0.326551    -1221.514889      473.263417   12.966746    4.417586    0.101728    3.403621
    0.911765    0.292587    1.178080   -1.280465    0.307872    -1223.385092      472.050695   13.031302    4.421594    0.101728    3.403621
    0.921569    0.261495    1.220928   -1.287607    0.290803    -1224.967265      470.833794   13.089396    4.424523    0.101728    3.403621
    0.931373    0.229911    1.264007   -1.294320    0.274867    -1226.289171      469.610212   13.140919    4.426573    0.101728    3.403621
    0.941176    0.197892    1.307303   -1.300639    0.259365    -1227.375537      468.377287   13.185773    4.427930    0.101728    3.403621
    0.950980    0.165496    1.350804   -1.306581    0.243180    -1228.248359      467.132212   13.223874    4.428765    0.101728    3.403621
    0.960784    0.132783    1.394497   -1.312127    0.224428    -1228.927193      465.872053   13.255148    4.429230    0.101728    3.403621
    0.970588    0.099814    1.438367   -1.317196    0.199783    -1229.429450      464.593763   13.279535    4.429452    0.101728    3.403621
    0.980392    0.066651    1.482396   -1.321594    0.163215    -1229.770716      463.294199   13.296989    4.429535    0.101728    3.403621
    0.990196    0.033358    1.526555   -1.324907    0.103580    -1229.965168      461.970138   13.307474    4.429555    0.101728    3.403621
    1.000000    0.000000    1.570796   -1.326309    0.000000    -1230.026496      460.618292   13.310972    4.429556    0.101728    3.403621
