           t           r         psi          cs          qs               p             sig           A           V          Q2           S
    0.000000    0.000000   -1.570796    0.372738    0.000000       70.918658      145.776866    0.000000    0.000000    0.171225    5.843595
    0.009804    0.057286   -1.592541    0.392370   -0.854599       71.398750      126.832338    0.010311   -0.000003    0.171225    5.843595
    0.019608    0.114543   -1.616284    0.439890   -1.360646       73.008808      108.669752    0.041238   -0.000053    0.171225    5.843595
    0.029412    0.171732   -1.643190    0.500157   -1.521689       76.082994       91.189864    0.092765   -0.000278    0.171225    5.843595
    0.039216    0.228802   -1.673472    0.553782   -1.181856       81.079504       74.308918    0.164859   -0.000922    0.171225    5.843595
    0.049020    0.285686   -1.705944    0.570273   -0.061353       88.557912       57.962674    0.257465   -0.002354    0.171225    5.843595
    0.058824    0.342321   -1.737230    0.503197    2.190902       99.089137       42.113132    0.370503   -0.005050    0.171225    5.843595
    0.068627    0.398692   -1.760806    0.289432    5.886831      113.036616       26.759936    0.503879   -0.009478    0.171225    5.843595
    0.078431    0.454899   -1.766201   -0.143569   11.103983      130.115797       11.960334    0.657512   -0.015836    0.171225    5.843595
    0.088235    0.511208   -1.738957   -0.857784   17.405241      148.602026       -2.133561    0.831386   -0.023555    0.171225    5.843595
    0.098039    0.567966   -1.662186   -1.868897   23.522605      164.025000      -15.200390    1.025601   -0.030522    0.171225    5.843595
    0.107843    0.625188   -1.520555   -3.098589   27.167583      167.336451      -26.595737    1.240341   -0.032072    0.171225    5.843595
    0.117647    0.681717   -1.306945   -4.334357   25.379804      143.718137      -35.048440    1.475617   -0.020277    0.171225    5.843595
    0.127451    0.734363   -1.030221   -5.239377   16.021105       77.320031      -38.179776    1.730672    0.014922    0.171225    5.843595
    0.137255    0.778198   -0.719774   -5.461751    0.316376      -28.262268      -32.228474    2.003248    0.080978    0.171225    5.843595
    0.147059    0.808868   -0.420800   -4.838977  -15.790269     -124.940221      -13.350623    2.289325    0.176621    0.171225    5.843595
    0.156863    0.825388   -0.177974   -3.563915  -24.882225     -152.754760       18.711879    2.583861    0.291725    0.171225    5.843595
    0.166667    0.830529   -0.016016   -2.100010  -24.391507     -116.443560       58.732251    2.882174    0.414703    0.171225    5.843595
    0.176471    0.828723    0.067356   -0.873497  -17.865701      -70.128639       99.853428    3.180953    0.538602    0.171225    5.843595
    0.186275    0.823937    0.092253   -0.068241  -10.210011      -50.638099      137.970652    3.478444    0.661100    0.171225    5.843595
    0.196078    0.818819    0.082761    0.342523   -4.207098      -64.456720      172.120245    3.774094    0.782027    0.171225    5.843595
    0.205882    0.814745    0.058325    0.474648   -0.479326     -104.229586      202.964617    4.068065    0.901758    0.171225    5.843595
    0.215686    0.812184    0.031413    0.446554    1.391770     -160.287310      231.619092    4.360837    1.020696    0.171225    5.843595
    0.225490    0.811068    0.008524    0.345866    2.049515     -224.528065      259.132188    4.652954    1.139200    0.171225    5.843595
    0.235294    0.811082   -0.007883    0.226862    2.025592     -291.015501      286.326216    4.944884    1.257576    0.171225    5.843595
    0.245098    0.811844   -0.017685    0.118563    1.676659     -355.699072      313.777502    5.236965    1.376065    0.171225    5.843595
    0.254902    0.813002   -0.021920    0.033621    1.217792     -416.052571      341.840784    5.529401    1.494828    0.171225    5.843595
    0.264706    0.814277   -0.022043   -0.024990    0.769149     -470.786201      370.686269    5.822282    1.613949    0.171225    5.843595
    0.274510    0.815477   -0.019517   -0.059549    0.391019     -519.602341      400.340841    6.115614    1.733439    0.171225    5.843595
    0.284314    0.816486   -0.015590   -0.074766    0.106336     -562.949709      430.730364    6.409345    1.853262    0.171225    5.843595
    0.294118    0.817255   -0.011216   -0.076039   -0.084785     -601.764841      461.720050    6.703397    1.973356    0.171225    5.843595
    0.303922    0.817776   -0.007047   -0.068412   -0.194987     -637.221463      493.149435    6.997681    2.093644    0.171225    5.843595
    0.313725    0.818073   -0.003467   -0.056050   -0.242456     -670.518696      524.859318    7.292111    2.214056    0.171225    5.843595
    0.323529    0.818188   -0.000655   -0.042054   -0.246026     -702.730098      556.709598    7.586614    2.334529    0.171225    5.843595
    0.333333    0.818164    0.001360   -0.028509   -0.222291     -734.718628      588.588642    7.881131    2.455014    0.171225    5.843595
    0.343137    0.818046    0.002644   -0.016645   -0.184330     -767.108179      620.415930    8.175622    2.575476    0.171225    5.843595
    0.352941    0.817873    0.003311   -0.007049   -0.141521     -800.295111      652.140151    8.470060    2.695895    0.171225    5.843595
    0.362745    0.817676    0.003498    0.000146   -0.099983     -834.482682      683.734727    8.764430    2.816259    0.171225    5.843595
    0.372549    0.817478    0.003338    0.005090   -0.063260     -869.724682      715.192310    9.058728    2.936564    0.171225    5.843595
    0.382353    0.817297    0.002952    0.008087   -0.033021     -905.969084      746.519296    9.352959    3.056813    0.171225    5.843595
    0.392157    0.817143    0.002441    0.009511   -0.009676     -943.096642      777.730921    9.647128    3.177013    0.171225    5.843595
    0.401961    0.817019    0.001885    0.009741    0.007153     -980.952275      808.847228    9.941247    3.297172    0.171225    5.843595
    0.411765    0.816926    0.001341    0.009127    0.018281    -1019.368928      839.889955   10.235327    3.417299    0.171225    5.843595
    0.421569    0.816864    0.000849    0.007970    0.024715    -1058.184579      870.880280   10.529380    3.537404    0.171225    5.843595
    0.431373    0.816828    0.000433    0.006514    0.027504    -1097.253448      901.837317   10.823415    3.657494    0.171225    5.843595
    0.441176    0.816813    0.000105    0.004946    0.027635    -1136.452591      932.777219   11.117441    3.777577    0.171225    5.843595
    0.450980    0.816814   -0.000134    0.003402    0.025981    -1175.684959      963.712750   11.411464    3.897658    0.171225    5.843595
    0.460784    0.816826   -0.000287    0.001969    0.023281    -1214.879910      994.653203   11.705490    4.017741    0.171225    5.843595
    0.470588    0.816845   -0.000362    0.000696    0.020130    -1253.991968     1025.604561   11.999522    4.137829    0.171225    5.843595
    0.480392    0.816867   -0.000370   -0.000398    0.016989    -1292.998513     1056.569795   12.293561    4.257922    0.171225    5.843595
    0.490196    0.816887   -0.000320   -0.001319    0.014205    -1331.896955     1087.549243   12.587608    4.378022    0.171225    5.843595
    0.500000    0.816902   -0.000222   -0.002091    0.012024    -1370.701793     1118.540993   12.881661    4.498128    0.171225    5.843595
    0.509804    0.816911   -0.000083   -0.002749    0.010616    -1409.441923     1149.541246   13.175719    4.618237    0.171225    5.843595
    0.519608    0.816911    0.000092   -0.003338    0.010097    -1448.158405     1180.544607   13.469779    4.738347    0.171225    5.843595
    0.529412    0.816900    0.000299   -0.003908    0.010549    -1486.902900     1211.544287   13.763836    4.858456    0.171225    5.843595
    0.539216    0.816876    0.000540   -0.004514    0.012036    -1525.736867     1242.532208   14.057887    4.978559    0.171225    5.843595
    0.549020    0.816838    0.000818   -0.005214    0.014623    -1564.731627     1273.498991   14.351927    5.098654    0.171225    5.843595
    0.558824    0.816782    0.001141   -0.006071    0.018390    -1603.969330     1304.433816   14.645950    5.218735    0.171225    5.843595
    0.568627    0.816706    0.001518   -0.007149    0.023442    -1643.544878     1335.324162   14.939950    5.338796    0.171225    5.843595
    0.578431    0.816606    0.001965   -0.008523    0.029928    -1683.568836     1366.155406   15.233918    5.458831    0.171225    5.843595
    0.588235    0.816479    0.002502   -0.010272    0.038043    -1724.171352     1396.910278   15.527845    5.578834    0.171225    5.843595
    0.598039    0.816318    0.003151   -0.012488    0.048042    -1765.507143     1427.568171   15.821721    5.698793    0.171225    5.843595
    0.607843    0.816115    0.003944   -0.015278    0.060249    -1807.761555     1458.104275   16.115531    5.818700    0.171225    5.843595
    0.617647    0.815862    0.004915   -0.018766    0.075066    -1851.157726     1488.488543   16.409260    5.938539    0.171225    5.843595
    0.627451    0.815548    0.006110   -0.023099    0.092979    -1895.964811     1518.684462   16.702887    6.058294    0.171225    5.843595
    0.637255    0.815157    0.007581   -0.028450    0.114565    -1942.507173     1548.647620   16.996387    6.177946    0.171225    5.843595
    0.647059    0.814672    0.009393   -0.035023    0.140495    -1991.174295     1578.324072   17.289731    6.297468    0.171225    5.843595
    0.656863    0.814073    0.011622   -0.043059    0.171531    -2042.430964     1607.648501   17.582880    6.416829    0.171225    5.843595
    0.666667    0.813331    0.014360   -0.052839    0.208519    -2096.826965     1636.542209   17.875789    6.535991    0.171225    5.843595
    0.676471    0.812416    0.017716   -0.064687    0.252367    -2155.005087     1664.911008   18.168400    6.654906    0.171225    5.843595
    0.686275    0.811287    0.021819   -0.078973    0.304006    -2217.705655     1692.643104   18.460645    6.773515    0.171225    5.843595
    0.696078    0.809899    0.026819   -0.096112    0.364331    -2285.765122     1719.607168   18.752438    6.891747    0.171225    5.843595
    0.705882    0.808194    0.032894   -0.116558    0.434117    -2360.105415     1745.650839   19.043677    7.009511    0.171225    5.843595
    0.715686    0.806106    0.040247   -0.140795    0.513893    -2441.710096     1770.600028   19.334235    7.126700    0.171225    5.843595
    0.725490    0.803555    0.049109   -0.169321    0.603795    -2531.582934     1794.259468   19.623960    7.243181    0.171225    5.843595
    0.735294    0.800448    0.059739   -0.202618    0.703378    -2630.684897     1816.415060   19.912671    7.358790    0.171225    5.843595
    0.745098    0.796675    0.072424   -0.241120    0.811430    -2739.847171     1836.838551   20.200146    7.473333    0.171225    5.843595
    0.754902    0.792112    0.087472   -0.285164    0.925792    -2859.661238     1855.295031   20.486126    7.586571    0.171225    5.843595
    0.764706    0.786615    0.105208   -0.334942    1.043256    -2990.352591     1871.553470   20.770299    7.698223    0.171225    5.843595
    0.774510    0.780023    0.125960   -0.390444    1.159572    -3131.651901     1885.400057   21.052301    7.807951    0.171225    5.843595
    0.784314    0.772158    0.150050   -0.451409    1.269634    -3282.684988     1896.653517   21.331707    7.915362    0.171225    5.843595
    0.794118    0.762828    0.177777   -0.517299    1.367863    -3441.908088     1905.180838   21.608025    8.019998    0.171225    5.843595
    0.803922    0.751825    0.209400   -0.587287    1.448780    -3607.114343     1910.911262   21.880689    8.121343    0.171225    5.843595
    0.813725    0.738937    0.245126   -0.660290    1.507678    -3775.528495     1913.846105   22.149060    8.218820    0.171225    5.843595
    0.823529    0.723947    0.285090   -0.735033    1.541278    -3943.989657     1914.062335   22.412419    8.311804    0.171225    5.843595
    0.833333    0.706643    0.329353   -0.810140    1.548205    -4109.200593     1911.708692   22.669973    8.399641    0.171225    5.843595
    0.843137    0.686825    0.377897   -0.884244    1.529173    -4268.003565     1906.994569   22.920851    8.481671    0.171225    5.843595
    0.852941    0.664311    0.430627   -0.956096    1.486831    -4417.634627     1900.173209   23.164114    8.557263    0.171225    5.843595
    0.862745    0.638948    0.487383   -1.024648    1.425313    -4555.914038     1891.521830   23.398765    8.625851    0.171225    5.843595
    0.872549    0.610618    0.547953   -1.089112    1.349623    -4681.347752     1881.321583   23.623755    8.686979    0.171225    5.843595
    0.882353    0.579239    0.612086   -1.148979    1.264999    -4793.137049     1869.839860   23.838001    8.740343    0.171225    5.843595
    0.892157    0.544779    0.679511   -1.204013    1.176364    -4891.112212     1857.316585   24.040397    8.785822    0.171225    5.843595
    0.901961    0.507248    0.749950   -1.254213    1.087965    -4975.616946     1843.955110   24.229834    8.823514    0.171225    5.843595
    0.911765    0.466709    0.823130   -1.299767    1.003186    -5047.371815     1829.917453   24.405218    8.853739    0.171225    5.843595
    0.921569    0.423274    0.898795   -1.341007    0.924518    -5107.339974     1815.323099   24.565484    8.877042    0.171225    5.843595
    0.931373    0.377103    0.976709   -1.378355    0.853632    -5156.610403     1800.250342   24.709617    8.894167    0.171225    5.843595
    0.941176    0.328403    1.056662   -1.412295    0.791487    -5196.305875     1784.739227   24.836668    8.906018    0.171225    5.843595
    0.950980    0.277427    1.138475   -1.443333    0.738404    -5227.516782     1768.795312   24.945771    8.913605    0.171225    5.843595
    0.960784    0.224469    1.221994   -1.471981    0.693941    -5251.258193     1752.393753   25.036158    8.917973    0.171225    5.843595
    0.970588    0.169864    1.307098   -1.498725    0.655920    -5268.445951     1735.483434   25.107175    8.920125    0.171225    5.843595
    0.980392    0.113978    1.393689   -1.523920    0.614867    -5279.887721     1717.991038   25.158294    8.920949    0.171225    5.843595
    0.990196    0.057214    1.481673   -1.547056    0.517948    -5286.287255     1699.825130   25.189126    8.921143    0.171225    5.843595
    1.000000    0.000000    1.570796   -1.560969    0.000000    -5288.273816     1680.880351   25.199430    8.921156    0.171225    5.843595
