           t           r         psi          cs          qs               p             sig           A           V          Q2           S
    0.000000    0.000000   -1.570796   -0.981423    0.000000    -7080.785453     3608.668034    0.000000   -0.000000    0.036025    4.009680
    0.009804    0.039301   -1.532210   -0.981821    0.021664    -7080.854456     3606.813097    0.004854    0.000002    0.036025    4.009680
    0.019608    0.078543   -1.493601   -0.982487    0.025838    -7081.076124     3604.995370    0.019409    0.000029    0.036025    4.009680
    0.029412    0.117668   -1.454965   -0.983211    0.027585    -7081.471041     3603.207825    0.043644    0.000149    0.036025    4.009680
    0.039216    0.156618   -1.416300   -0.983976    0.029080    -7082.062119     3601.443429    0.077522    0.000468    0.036025    4.009680
    0.049020    0.195334   -1.377603   -0.984786    0.030737    -7082.876159     3599.695133    0.120993    0.001138    0.036025    4.009680
    0.058824    0.233757   -1.338874   -0.985652    0.032690    -7083.944958     3597.955842    0.173991    0.002347    0.036025    4.009680
    0.068627    0.271831   -1.300109   -0.986585    0.035018    -7085.306519     3596.218392    0.236438    0.004321    0.036025    4.009680
    0.078431    0.309496   -1.261306   -0.987600    0.037796    -7087.006480     3594.475502    0.308240    0.007318    0.036025    4.009680
    0.088235    0.346697   -1.222462   -0.988714    0.041110    -7089.099897     3592.719737    0.389288    0.011627    0.036025    4.009680
    0.098039    0.383377   -1.183571   -0.989947    0.045058    -7091.653486     3590.943442    0.479462    0.017560    0.036025    4.009680
    0.107843    0.419479   -1.144629   -0.991323    0.049765    -7094.748478     3589.138683    0.578626    0.025450    0.036025    4.009680
    0.117647    0.454948   -1.105630   -0.992871    0.055387    -7098.484290     3587.297168    0.686629    0.035644    0.036025    4.009680
    0.127451    0.489728   -1.066565   -0.994627    0.062118    -7102.983273     3585.410165    0.803309    0.048502    0.036025    4.009680
    0.137255    0.523766   -1.027428   -0.996634    0.070207    -7108.396909     3583.468410    0.928489    0.064385    0.036025    4.009680
    0.147059    0.557008   -0.988205   -0.998945    0.079971    -7114.913958     3581.462003    1.061980    0.083654    0.036025    4.009680
    0.156863    0.589400   -0.948884   -1.001628    0.091823    -7122.771257     3579.380309    1.203577    0.106664    0.036025    4.009680
    0.166667    0.620891   -0.909450   -1.004767    0.106297    -7132.268147     3577.211855    1.353064    0.133754    0.036025    4.009680
    0.176471    0.651428   -0.869881   -1.008469    0.124096    -7143.785911     3574.944245    1.510213    0.165249    0.036025    4.009680
    0.186275    0.680960   -0.830154   -1.012872    0.146149    -7157.814153     3572.564118    1.674781    0.201446    0.036025    4.009680
    0.196078    0.709436   -0.790236   -1.018154    0.173695    -7174.986883     3570.057178    1.846514    0.242616    0.036025    4.009680
    0.205882    0.736805   -0.750091   -1.024548    0.208399    -7196.132156     3567.408378    2.025145    0.288995    0.036025    4.009680
    0.215686    0.763016   -0.709667   -1.032359    0.252510    -7222.340668     3564.602374    2.210394    0.340779    0.036025    4.009680
    0.225490    0.788016   -0.668902   -1.041993    0.309078    -7255.060533     3561.624471    2.401969    0.398121    0.036025    4.009680
    0.235294    0.811753   -0.627713   -1.053992    0.382221    -7296.227421     3558.462445    2.599564    0.461130    0.036025    4.009680
    0.245098    0.834171   -0.585995   -1.069084    0.477440    -7348.439721     3555.109935    2.802859    0.529862    0.036025    4.009680
    0.254902    0.855212   -0.543607   -1.088235    0.601843    -7415.183518     3551.572659    3.011523    0.604317    0.036025    4.009680
    0.264706    0.874814   -0.500367   -1.112722    0.763919    -7501.090191     3547.879698    3.225208    0.684442    0.036025    4.009680
    0.274510    0.892906   -0.456033   -1.144154    0.971820    -7612.139841     3544.103929    3.443550    0.770120    0.036025    4.009680
    0.284314    0.909410   -0.410297   -1.184378    1.227544    -7755.529240     3540.398760    3.666165    0.861171    0.036025    4.009680
    0.294118    0.924234   -0.362779   -1.234985    1.511069    -7938.425511     3537.062880    3.892652    0.957341    0.036025    4.009680
    0.303922    0.937272   -0.313064   -1.295850    1.743814    -8163.694500     3534.648925    4.122582    1.058299    0.036025    4.009680
    0.313725    0.948405   -0.260828   -1.361668    1.722920    -8418.697165     3534.124771    4.355500    1.163615    0.036025    4.009680
    0.323529    0.957506   -0.206154   -1.415765    1.060911    -8652.207181     3537.041549    4.590919    1.272748    0.036025    4.009680
    0.333333    0.964472   -0.150113   -1.424043   -0.700992    -8744.396609     3545.493064    4.828324    1.385023    0.036025    4.009680
    0.343137    0.969275   -0.095399   -1.340970   -3.562242    -8513.659507     3561.411702    5.067181    1.499638    0.036025    4.009680
    0.352941    0.972030   -0.046248   -1.140581   -6.470464    -7834.152291     3585.029379    5.306968    1.615734    0.036025    4.009680
    0.362745    0.973037   -0.006910   -0.851365   -7.911468    -6801.218545     3613.792399    5.547211    1.732526    0.036025    4.009680
    0.372549    0.972732    0.020459   -0.544345   -7.422728    -5696.285424     3643.538947    5.787532    1.849431    0.036025    4.009680
    0.382353    0.971578    0.036489   -0.281900   -5.791363    -4762.957330     3670.911801    6.027663    1.966109    0.036025    4.009680
    0.392157    0.969981    0.043548   -0.089063   -3.973829    -4090.144233     3694.442212    6.267447    2.082404    0.036025    4.009680
    0.401961    0.968237    0.044359    0.037932   -2.462284    -3657.389800     3714.083983    6.506813    2.198276    0.036025    4.009680
    0.411765    0.966546    0.041237    0.113681   -1.357538    -3408.186429     3730.420272    6.745752    2.313741    0.036025    4.009680
    0.421569    0.965025    0.035897    0.152971   -0.597203    -3288.206882     3744.168523    6.984293    2.428843    0.036025    4.009680
    0.431373    0.963737    0.029535    0.167365   -0.088503    -3255.905536     3755.977936    7.222486    2.543633    0.036025    4.009680
    0.441176    0.962706    0.022956    0.165090    0.246110    -3282.022887     3766.377873    7.460392    2.658169    0.036025    4.009680
    0.450980    0.961928    0.016698    0.151824    0.461858    -3346.476869     3775.783264    7.698075    2.772507    0.036025    4.009680
    0.460784    0.961384    0.011112    0.131481    0.595899    -3435.472747     3784.514831    7.935596    2.886700    0.036025    4.009680
    0.470588    0.961043    0.006418    0.106797    0.673043    -3539.415867     3792.818830    8.173007    3.000796    0.036025    4.009680
    0.480392    0.960866    0.002746    0.079707    0.710356    -3651.553770     3800.882104    8.410356    3.114834    0.036025    4.009680
    0.490196    0.960813    0.000164    0.051575    0.720414    -3767.156862     3808.842114    8.647677    3.228847    0.036025    4.009680
    0.500000    0.960839   -0.001307    0.023322    0.713474    -3883.070595     3816.792822    8.884996    3.342857    0.036025    4.009680
    0.509804    0.960901   -0.001675   -0.004516    0.698850    -3997.513070     3824.787553    9.122327    3.456878    0.036025    4.009680
    0.519608    0.960956   -0.000960   -0.031767    0.685636    -4110.020296     3832.839966    9.359672    3.570915    0.036025    4.009680
    0.529412    0.960963    0.000817   -0.058624    0.682875    -4221.455328     3840.924229    9.597027    3.684960    0.036025    4.009680
    0.539216    0.960878    0.003651   -0.085629    0.699217    -4334.003075     3848.975419    9.834372    3.798995    0.036025    4.009680
    0.549020    0.960662    0.007563   -0.113649    0.742118    -4451.076479     3856.891113   10.071682    3.912995    0.036025    4.009680
    0.558824    0.960269    0.012614   -0.143807    0.816682    -4577.068333     3864.535048   10.308916    4.026919    0.036025    4.009680
    0.568627    0.959654    0.018914   -0.177356    0.924318    -4716.901541     3871.743636   10.546028    4.140716    0.036025    4.009680
    0.578431    0.958764    0.026619   -0.215519    1.061501    -4875.364400     3878.335967   10.782954    4.254321    0.036025    4.009680
    0.588235    0.957540    0.035931   -0.259270    1.219033    -5056.271532     3884.127584   11.019621    4.367651    0.036025    4.009680
    0.598039    0.955915    0.047083   -0.309119    1.382284    -5261.565581     3888.947662   11.255938    4.480603    0.036025    4.009680
    0.607843    0.953813    0.060313   -0.364931    1.532831    -5490.555159     3892.658113   11.491796    4.593052    0.036025    4.009680
    0.617647    0.951146    0.075841   -0.425831    1.651523    -5739.532280     3895.171764   11.727067    4.704845    0.036025    4.009680
    0.627451    0.947823    0.093839   -0.490257    1.722396    -6001.974439     3896.465696   11.961600    4.815794    0.036025    4.009680
    0.637255    0.943746    0.114405   -0.556158    1.736234    -6269.382759     3896.585972   12.195221    4.925683    0.036025    4.009680
    0.647059    0.938815    0.137555   -0.621299    1.692456    -6532.580074     3895.641746   12.427732    5.034254    0.036025    4.009680
    0.656863    0.932934    0.163215   -0.683600    1.598609    -6783.107122     3893.789797   12.658910    5.141220    0.036025    4.009680
    0.666667    0.926011    0.191241   -0.741396    1.467794    -7014.325639     3891.213378   12.888508    5.246263    0.036025    4.009680
    0.676471    0.917964    0.221431   -0.793587    1.315187    -7221.982511     3888.100579   13.116259    5.349040    0.036025    4.009680
    0.686275    0.908722    0.253553   -0.839650    1.154931    -7404.214077     3884.626628   13.341876    5.449194    0.036025    4.009680
    0.696078    0.898225    0.287364   -0.879551    0.998193    -7561.147027     3880.942439   13.565056    5.546361    0.036025    4.009680
    0.705882    0.886425    0.322628   -0.913615    0.852499    -7694.315621     3877.169527   13.785484    5.640182    0.036025    4.009680
    0.715686    0.873287    0.359124   -0.942384    0.722008    -7806.079742     3873.399916   14.002832    5.730312    0.036025    4.009680
    0.725490    0.858787    0.396658   -0.966499    0.608261    -7899.150589     3869.699187   14.216768    5.816429    0.036025    4.009680
    0.735294    0.842910    0.435059   -0.986619    0.511029    -7976.258550     3866.110990   14.426952    5.898240    0.036025    4.009680
    0.745098    0.825651    0.474183   -1.003367    0.429053    -8039.952144     3862.661823   14.633044    5.975493    0.036025    4.009680
    0.754902    0.807013    0.513908   -1.017301    0.360578    -8092.497429     3859.365395   14.834703    6.047977    0.036025    4.009680
    0.764706    0.787006    0.554134   -1.028906    0.303716    -8135.844953     3856.226270   15.031589    6.115530    0.036025    4.009680
    0.774510    0.765648    0.594777   -1.038593    0.256651    -8171.637028     3853.242733   15.223366    6.178039    0.036025    4.009680
    0.784314    0.742961    0.635769   -1.046702    0.217746    -8201.235919     3850.408941   15.409703    6.235447    0.036025    4.009680
    0.794118    0.718973    0.677053   -1.053517    0.185579    -8225.760458     3847.716492   15.590275    6.287747    0.036025    4.009680
    0.803922    0.693717    0.718584   -1.059269    0.158950    -8246.123823     3845.155521   15.764765    6.334986    0.036025    4.009680
    0.813725    0.667228    0.760323   -1.064145    0.136861    -8263.068688     3842.715460   15.932864    6.377262    0.036025    4.009680
    0.823529    0.639549    0.802239   -1.068300    0.118491    -8277.198103     3840.385526   16.094272    6.414722    0.036025    4.009680
    0.833333    0.610722    0.844306   -1.071858    0.103172    -8289.001682     3838.155043   16.248701    6.447557    0.036025    4.009680
    0.843137    0.580795    0.886503   -1.074922    0.090360    -8298.877317     3836.013624   16.395873    6.476000    0.036025    4.009680
    0.852941    0.549818    0.928812   -1.077576    0.079614    -8307.148918     3833.951273   16.535522    6.500319    0.036025    4.009680
    0.862745    0.517844    0.971219   -1.079887    0.070576    -8314.080777     3831.958418   16.667396    6.520813    0.036025    4.009680
    0.872549    0.484929    1.013710   -1.081912    0.062957    -8319.889109     3830.025921   16.791255    6.537806    0.036025    4.009680
    0.882353    0.451130    1.056277   -1.083697    0.056522    -8324.751316     3828.145045   16.906874    6.551638    0.036025    4.009680
    0.892157    0.416508    1.098909   -1.085282    0.051080    -8328.813400     3826.307421   17.014042    6.562662    0.036025    4.009680
    0.901961    0.381123    1.141601   -1.086698    0.046474    -8332.195889     3824.505000   17.112563    6.571235    0.036025    4.009680
    0.911765    0.345039    1.184345   -1.087972    0.042577    -8334.998594     3822.730003   17.202256    6.577709    0.036025    4.009680
    0.921569    0.308321    1.227137   -1.089128    0.039285    -8337.304419     3820.974871   17.282957    6.582430    0.036025    4.009680
    0.931373    0.271037    1.269972   -1.090184    0.036510    -8339.182424     3819.232223   17.354517    6.585727    0.036025    4.009680
    0.941176    0.233254    1.312847   -1.091158    0.034176    -8340.690303     3817.494805   17.416806    6.587905    0.036025    4.009680
    0.950980    0.195040    1.355759   -1.092064    0.032216    -8341.876391     3815.755462   17.469707    6.589242    0.036025    4.009680
    0.960784    0.156467    1.398706   -1.092913    0.030553    -8342.781301     3814.007097   17.513124    6.589985    0.036025    4.009680
    0.970588    0.117604    1.441685   -1.093717    0.029060    -8343.439287     3812.242651   17.546977    6.590340    0.036025    4.009680
    0.980392    0.078524    1.484695   -1.094481    0.027319    -8343.879411     3810.455080   17.571202    6.590473    0.036025    4.009680
    0.990196    0.039298    1.527734   -1.095186    0.023082    -8344.126676     3808.637346   17.585755    6.590504    0.036025    4.009680
    1.000000    0.000000    1.570796   -1.095613    0.000000    -8344.203693     3806.782408   17.590609    6.590506    0.036025    4.009680
