           t           r         psi          cs          qs               p             sig           A           V          Q2           S
    0.000000   -0.000000   -1.570796   -0.808208    0.000000    -2838.267594     1770.830002   -0.000000    0.000000    0.119478    5.844958
    0.009804    0.057283   -1.524302   -0.816506    0.311064    -2839.380407     1748.833542    0.010314    0.000007    0.119478    5.844958
    0.019608    0.114441   -1.477118   -0.830714    0.383569    -2843.034232     1727.596113    0.041234    0.000110    0.119478    5.844958
    0.029412    0.171343   -1.429059   -0.846943    0.429177    -2849.739264     1706.972300    0.092692    0.000559    0.119478    5.844958
    0.039216    0.227851   -1.380016   -0.865127    0.478721    -2860.134312     1686.825385    0.164571    0.001770    0.119478    5.844958
    0.049020    0.283820   -1.329863   -0.885773    0.539929    -2875.042448     1667.028917    0.256702    0.004324    0.119478    5.844958
    0.058824    0.339094   -1.278439   -0.909612    0.617591    -2895.535526     1647.469160    0.368865    0.008963    0.119478    5.844958
    0.068627    0.393506   -1.225536   -0.937604    0.716887    -2923.020030     1628.049101    0.500780    0.016577    0.119478    5.844958
    0.078431    0.446875   -1.170880   -0.970998    0.844364    -2959.353577     1608.695133    0.652103    0.028197    0.119478    5.844958
    0.088235    0.499000   -1.114118   -1.011435    1.008523    -3007.002162     1589.368283    0.822424    0.044974    0.119478    5.844958
    0.098039    0.549658   -1.054787   -1.061068    1.220197    -3069.247038     1570.083181    1.011255    0.068164    0.119478    5.844958
    0.107843    0.598593   -0.992284   -1.122698    1.492348    -3150.440048     1550.940196    1.218024    0.099102    0.119478    5.844958
    0.117647    0.645508   -0.925822   -1.199857    1.838041    -3256.270731     1532.179961    1.442058    0.139169    0.119478    5.844958
    0.127451    0.690048   -0.854396   -1.296695    2.263629    -3393.905369     1514.275583    1.682568    0.189751    0.119478    5.844958
    0.137255    0.731784   -0.776758   -1.417232    2.750673    -3571.589710     1498.086144    1.938624    0.252176    0.119478    5.844958
    0.147059    0.770192   -0.691483   -1.563100    3.215729    -3796.682962     1485.101522    2.209125    0.327610    0.119478    5.844958
    0.156863    0.804637   -0.597237   -1.728252    3.440293    -4069.907962     1477.793483    2.492762    0.416903    0.119478    5.844958
    0.166667    0.834386   -0.493469   -1.889515    3.004639    -4372.435792     1479.991259    2.787978    0.520332    0.119478    5.844958
    0.176471    0.858682   -0.381703   -1.996576    1.379664    -4645.445679     1496.907374    3.092945    0.637267    0.119478    5.844958
    0.186275    0.876932   -0.267078   -1.976834   -1.588734    -4779.099374     1533.969507    3.405585    0.765880    0.119478    5.844958
    0.196078    0.888979   -0.158675   -1.774872   -5.029938    -4654.054930     1593.787520    3.723674    0.903189    0.119478    5.844958
    0.205882    0.895325   -0.066870   -1.408013   -7.339599    -4243.218488     1672.875200    4.045049    1.045686    0.119478    5.844958
    0.215686    0.897082    0.001316   -0.969380   -7.627580    -3661.111547     1762.102967    4.367843    1.190287    0.119478    5.844958
    0.225490    0.895647    0.044870   -0.562549   -6.377832    -3076.871034     1851.447006    4.690653    1.334941    0.119478    5.844958
    0.235294    0.892342    0.067526   -0.244976   -4.594626    -2604.523212     1934.233976    5.012573    1.478613    0.119478    5.844958
    0.245098    0.888207    0.074837   -0.025630   -2.953614    -2279.214484     2007.865715    5.333127    1.620937    0.119478    5.844958
    0.254902    0.883965    0.072044    0.111092   -1.688460    -2088.593963     2072.437208    5.652156    1.761891    0.119478    5.844958
    0.264706    0.880070    0.063278    0.186297   -0.794616    -2004.232820     2129.260286    5.969710    1.901605    0.119478    5.844958
    0.274510    0.876774    0.051513    0.218461   -0.194141    -1997.554012     2179.973152    6.285965    2.040267    0.119478    5.844958
    0.284314    0.874187    0.038791    0.221677    0.192651    -2045.002917     2226.138847    6.601158    2.178089    0.119478    5.844958
    0.294118    0.872322    0.026462    0.206201    0.427735    -2128.522128     2269.108703    6.915551    2.315279    0.119478    5.844958
    0.303922    0.871131    0.015373    0.179441    0.555171    -2234.583495     2310.000722    7.229396    2.452034    0.119478    5.844958
    0.313725    0.870527    0.006009    0.146784    0.605623    -2353.060084     2349.718074    7.542920    2.588532    0.119478    5.844958
    0.323529    0.870405   -0.001413    0.112176    0.600842    -2476.324710     2388.976081    7.856317    2.724926    0.119478    5.844958
    0.333333    0.870651   -0.006866    0.078497    0.556999    -2598.628968     2428.326594    8.169740    2.861343    0.119478    5.844958
    0.343137    0.871156   -0.010466    0.047788    0.486871    -2715.713257     2468.177503    8.483302    2.997875    0.119478    5.844958
    0.352941    0.871819   -0.012425    0.021396    0.401082    -2824.575531     2508.808553    8.797076    3.134590    0.119478    5.844958
    0.362745    0.872554   -0.013015    0.000073    0.308689    -2923.329595     2550.385613    9.111105    3.271524    0.119478    5.844958
    0.372549    0.873290   -0.012536   -0.015936    0.217304    -3011.095605     2592.975345    9.425400    3.408691    0.119478    5.844958
    0.382353    0.873976   -0.011287   -0.026808    0.132993    -3087.881889     2636.561471    9.739953    3.546084    0.119478    5.844958
    0.392157    0.874575   -0.009552   -0.033042    0.060122    -3154.436536     2681.062838   10.054737    3.683682    0.119478    5.844958
    0.401961    0.875066   -0.007575   -0.035353    0.001300    -3212.066288     2726.352582   10.369719    3.821454    0.119478    5.844958
    0.411765    0.875442   -0.005559   -0.034576   -0.042535    -3262.435617     2772.277083   10.684856    3.959365    0.119478    5.844958
    0.421569    0.875705   -0.003655   -0.031566   -0.071858    -3307.367085     2818.673248   11.000108    4.097379    0.119478    5.844958
    0.431373    0.875865   -0.001969   -0.027126   -0.088198    -3348.664669     2865.382854   11.315437    4.235459    0.119478    5.844958
    0.441176    0.875936   -0.000560   -0.021958   -0.093730    -3387.976030     2912.263195   11.630806    4.373576    0.119478    5.844958
    0.450980    0.875935    0.000545   -0.016632   -0.090906    -3426.701192     2959.193846   11.946187    4.511704    0.119478    5.844958
    0.460784    0.875880    0.001351   -0.011579   -0.082152    -3465.946688     3006.079844   12.261558    4.649822    0.119478    5.844958
    0.470588    0.875786    0.001883   -0.007095   -0.069655    -3506.518220     3052.851925   12.576901    4.787917    0.119478    5.844958
    0.480392    0.875668    0.002179   -0.003359   -0.055243    -3548.941868     3099.464598   12.892206    4.925977    0.119478    5.844958
    0.490196    0.875540    0.002284   -0.000453   -0.040336    -3593.503494     3145.892819   13.207466    5.063998    0.119478    5.844958
    0.500000    0.875409    0.002247    0.001612   -0.025950    -3640.297369     3192.127948   13.522679    5.201978    0.119478    5.844958
    0.509804    0.875284    0.002114    0.002877   -0.012736    -3689.277201     3238.173481   13.837846    5.339918    0.119478    5.844958
    0.519608    0.875168    0.001931    0.003416   -0.001025    -3740.305023     3284.040920   14.152970    5.477820    0.119478    5.844958
    0.529412    0.875063    0.001735    0.003315    0.009105    -3793.195352     3329.746004   14.468054    5.615687    0.119478    5.844958
    0.539216    0.874969    0.001561    0.002661    0.017783    -3847.753541     3375.305378   14.783102    5.753523    0.119478    5.844958
    0.549020    0.874883    0.001439    0.001535    0.025295    -3903.808274     3420.733748   15.098117    5.891330    0.119478    5.844958
    0.558824    0.874802    0.001393   -0.000005    0.032045    -3961.238849     3466.041459   15.413103    6.029111    0.119478    5.844958
    0.568627    0.874722    0.001447   -0.001922    0.038529    -4019.998262     3511.232433   15.728060    6.166867    0.119478    5.844958
    0.578431    0.874634    0.001621   -0.004207    0.045316    -4080.133345     3556.302343   16.042987    6.304597    0.119478    5.844958
    0.588235    0.874533    0.001937   -0.006888    0.053036    -4141.803264     3601.236928   16.357880    6.442297    0.119478    5.844958
    0.598039    0.874409    0.002419   -0.010024    0.062380    -4205.297713     3646.010291   16.672733    6.579962    0.119478    5.844958
    0.607843    0.874252    0.003096   -0.013718    0.074107    -4271.056020     3690.583074   16.987535    6.717583    0.119478    5.844958
    0.617647    0.874050    0.004004   -0.018114    0.089046    -4339.688210     3734.900359   17.302274    6.855147    0.119478    5.844958
    0.627451    0.873788    0.005189   -0.023405    0.108118    -4411.998692     3778.889193   17.616929    6.992638    0.119478    5.844958
    0.637255    0.873449    0.006708   -0.029833    0.132340    -4489.012658     3822.455635   17.931477    7.130034    0.119478    5.844958
    0.647059    0.873011    0.008636   -0.037701    0.162834    -4572.004326     3865.481271   18.245885    7.267307    0.119478    5.844958
    0.656863    0.872450    0.011063   -0.047371    0.200820    -4662.524711     3907.819231   18.560115    7.404421    0.119478    5.844958
    0.666667    0.871732    0.014107   -0.059274    0.247588    -4762.424540     3949.289813   18.874115    7.541331    0.119478    5.844958
    0.676471    0.870818    0.017909   -0.073906    0.304437    -4873.865063     3989.676030   19.187823    7.677979    0.119478    5.844958
    0.686275    0.869662    0.022640   -0.091830    0.372562    -4999.305929     4028.719582   19.501160    7.814294    0.119478    5.844958
    0.696078    0.868202    0.028508   -0.113661    0.452881    -5141.455367     4066.118087   19.814027    7.950185    0.119478    5.844958
    0.705882    0.866369    0.035754   -0.140047    0.545795    -5303.164524     4101.524729   20.126305    8.085537    0.119478    5.844958
    0.715686    0.864074    0.044657   -0.171629    0.650867    -5487.246910     4134.551828   20.437842    8.220210    0.119478    5.844958
    0.725490    0.861215    0.055534   -0.208988    0.766477    -5696.208236     4164.780035   20.748454    8.354024    0.119478    5.844958
    0.735294    0.857669    0.068728   -0.252570    0.889484    -5931.885083     4191.774745   21.057918    8.486761    0.119478    5.844958
    0.745098    0.853293    0.084604   -0.302601    1.015034    -6195.015307     4215.110644   21.365959    8.618149    0.119478    5.844958
    0.754902    0.847926    0.103530   -0.358992    1.136618    -6484.797664     4234.403880   21.672253    8.747857    0.119478    5.844958
    0.764706    0.841385    0.125859   -0.421266    1.246527    -6798.534739     4249.349239   21.976408    8.875485    0.119478    5.844958
    0.774510    0.833471    0.151905   -0.488523    1.336720    -7131.475134     4259.757252   22.277967    9.000559    0.119478    5.844958
    0.784314    0.823970    0.181918   -0.559454    1.400030    -7476.957901     4265.584297   22.576398    9.122524    0.119478    5.844958
    0.794118    0.812663    0.216062   -0.632437    1.431419    -7826.902269     4266.948528   22.871089    9.240749    0.119478    5.844958
    0.803922    0.799327    0.254404   -0.705680    1.428929    -8172.589132     4264.126603   23.161350    9.354536    0.119478    5.844958
    0.813725    0.783751    0.296909   -0.777405    1.394020    -8505.583691     4257.530372   23.446413    9.463132    0.119478    5.844958
    0.823529    0.765735    0.343441   -0.846024    1.331195    -8818.597216     4247.667613   23.725434    9.565765    0.119478    5.844958
    0.833333    0.745106    0.393785   -0.910277    1.247030    -9106.107222     4235.094580   23.997503    9.661669    0.119478    5.844958
    0.843137    0.721719    0.447665   -0.969302    1.148969    -9364.638733     4220.369213   24.261652    9.750134    0.119478    5.844958
    0.852941    0.695467    0.504765   -1.022640    1.044189    -9592.713078     4204.012249   24.516867    9.830546    0.119478    5.844958
    0.862745    0.666278    0.564756   -1.070191    0.938805    -9790.550205     4186.480223   24.762103    9.902432    0.119478    5.844958
    0.872549    0.634125    0.627310   -1.112139    0.837477    -9959.642973     4168.150963   24.996296    9.965497    0.119478    5.844958
    0.882353    0.599018    0.692115   -1.148862    0.743354   -10102.311114     4149.319696   25.218380   10.019656    0.119478    5.844958
    0.892157    0.561011    0.758887   -1.180856    0.658262   -10221.308142     4130.202709   25.427299   10.065048    0.119478    5.844958
    0.901961    0.520192    0.827370   -1.208672    0.582988   -10319.516385     4110.945444   25.622024   10.102041    0.119478    5.844958
    0.911765    0.476690    0.897340   -1.232866    0.517585   -10399.735775     4091.632450   25.801566   10.131218    0.119478    5.844958
    0.921569    0.430666    0.968606   -1.253972    0.461640   -10464.554609     4072.297431   25.964985   10.153354    0.119478    5.844958
    0.931373    0.382312    1.041004   -1.272483    0.414479   -10516.283517     4052.932363   26.111407   10.169374    0.119478    5.844958
    0.941176    0.331848    1.114400   -1.288848    0.375314   -10556.933517     4033.495234   26.240033   10.180302    0.119478    5.844958
    0.950980    0.279522    1.188682   -1.303465    0.343321   -10588.222081     4013.916349   26.350147   10.187205    0.119478    5.844958
    0.960784    0.225600    1.263760   -1.316688    0.317659   -10611.595190     3994.103364   26.441125   10.191131    0.119478    5.844958
    0.970588    0.170374    1.339563   -1.328829    0.297325   -10628.257270     3973.945322   26.512444   10.193045    0.119478    5.844958
    0.980392    0.114148    1.416037   -1.340157    0.280159   -10639.204333     3953.316019   26.563690   10.193772    0.119478    5.844958
    0.990196    0.057246    1.493142   -1.350779    0.252314   -10645.259420     3932.076991   26.594561   10.193942    0.119478    5.844958
    1.000000   -0.000000    1.570796   -1.358063    0.000000   -10647.122382     3910.080404   26.604872   10.193954    0.119478    5.844958
