           t           r         psi          cs          qs               p             sig           A           V          Q2           S
    0.000000    0.000000   -1.570796   -0.929884    0.000000      -33.415350       20.175285   -0.000000    0.000000    0.120647    3.188141
    0.009804    0.031252   -1.541724   -0.930617    0.061956      -33.419020       20.054649    0.003069    0.000001    0.120647    3.188141
    0.019608    0.062477   -1.512606   -0.932751    0.120043      -33.430631       19.936475    0.012273    0.000011    0.120647    3.188141
    0.029412    0.093650   -1.483402   -0.936198    0.175018      -33.450982       19.820518    0.027605    0.000056    0.120647    3.188141
    0.039216    0.124742   -1.454069   -0.940894    0.227542      -33.480925       19.706542    0.049052    0.000178    0.120647    3.188141
    0.049020    0.155728   -1.424571   -0.946789    0.278191      -33.521417       19.594316    0.076594    0.000434    0.120647    3.188141
    0.058824    0.186578   -1.394871   -0.953846    0.327463      -33.573549       19.483620    0.110209    0.000899    0.120647    3.188141
    0.068627    0.217266   -1.364932   -0.962042    0.375786      -33.638572       19.374241    0.149867    0.001664    0.120647    3.188141
    0.078431    0.247761   -1.334720   -0.971364    0.423519      -33.717924       19.265977    0.195534    0.002832    0.120647    3.188141
    0.088235    0.278034   -1.304198   -0.981807    0.470954      -33.813258       19.158635    0.247168    0.004526    0.120647    3.188141
    0.098039    0.308055   -1.273333   -0.993376    0.518315      -33.926480       19.052039    0.304723    0.006879    0.120647    3.188141
    0.107843    0.337791   -1.242088   -1.006076    0.565755      -34.059783       18.946024    0.368147    0.010040    0.120647    3.188141
    0.117647    0.367209   -1.210428   -1.019920    0.613350      -34.215695       18.840444    0.437379    0.014168    0.120647    3.188141
    0.127451    0.396277   -1.178318   -1.034919    0.661090      -34.397129       18.735174    0.512356    0.019437    0.120647    3.188141
    0.137255    0.424957   -1.145721   -1.051085    0.708871      -34.607441       18.630113    0.593003    0.026026    0.120647    3.188141
    0.147059    0.453213   -1.112600   -1.068425    0.756476      -34.850492       18.525191    0.679242    0.034127    0.120647    3.188141
    0.156863    0.481008   -1.078918   -1.086938    0.803562      -35.130725       18.420374    0.770985    0.043936    0.120647    3.188141
    0.166667    0.508301   -1.044640   -1.106614    0.849636      -35.453232       18.315677    0.868138    0.055654    0.120647    3.188141
    0.176471    0.535052   -1.009729   -1.127427    0.894031      -35.823839       18.211169    0.970599    0.069487    0.120647    3.188141
    0.186275    0.561215   -0.974151   -1.149330    0.935875      -36.249177       18.106996    1.078256    0.085637    0.120647    3.188141
    0.196078    0.586748   -0.937871   -1.172249    0.974060      -36.736741       18.003392    1.190991    0.104308    0.120647    3.188141
    0.205882    0.611604   -0.900861   -1.196078    1.007203      -37.294918       17.900709    1.308674    0.125694    0.120647    3.188141
    0.215686    0.635733   -0.863093   -1.220667    1.033610      -37.932973       17.799446    1.431168    0.149983    0.120647    3.188141
    0.225490    0.659087   -0.824548   -1.245815    1.051231      -38.660927       17.700284    1.558325    0.177349    0.120647    3.188141
    0.235294    0.681615   -0.785211   -1.271256    1.057631      -39.489312       17.604138    1.689989    0.207949    0.120647    3.188141
    0.245098    0.703265   -0.745079   -1.296653    1.049958      -40.428691       17.512213    1.825991    0.241920    0.120647    3.188141
    0.254902    0.723983   -0.704159   -1.321577    1.024934      -41.488869       17.426074    1.966155    0.279376    0.120647    3.188141
    0.264706    0.743717   -0.662474   -1.345501    0.978879      -42.677637       17.347726    2.110291    0.320397    0.120647    3.188141
    0.274510    0.762415   -0.620065   -1.367785    0.907773      -43.998902       17.279707    2.258203    0.365035    0.120647    3.188141
    0.284314    0.780026   -0.576995   -1.387663    0.807396      -45.450031       17.225184    2.409680    0.413300    0.120647    3.188141
    0.294118    0.796501   -0.533353   -1.404246    0.673558      -47.018265       17.188035    2.564505    0.465164    0.120647    3.188141
    0.303922    0.811795   -0.489257   -1.416517    0.502457      -48.676215       17.172918    2.722451    0.520555    0.120647    3.188141
    0.313725    0.825867   -0.444860   -1.423352    0.291188      -50.376701       17.185274    2.883281    0.579356    0.120647    3.188141
    0.323529    0.838686   -0.400349   -1.423551    0.038401      -52.047690       17.231240    3.046751    0.641405    0.120647    3.188141
    0.333333    0.850224   -0.355952   -1.415894   -0.254903      -53.588774       17.317418    3.212614    0.706496    0.120647    3.188141
    0.343137    0.860467   -0.311932   -1.399217   -0.584534      -54.871355       17.450452    3.380616    0.774384    0.120647    3.188141
    0.352941    0.869410   -0.268587   -1.372524   -0.942380      -55.745214       17.636389    3.550502    0.844788    0.120647    3.188141
    0.362745    0.877061   -0.226244   -1.335102   -1.316021      -56.053622       17.879839    3.722016    0.917401    0.120647    3.188141
    0.372549    0.883442   -0.185242   -1.286659   -1.688942      -55.657252       18.183042    3.894909    0.991897    0.120647    3.188141
    0.382353    0.888589   -0.145924   -1.227429   -2.041546      -54.463541       18.545010    4.068932    1.067943    0.120647    3.188141
    0.392157    0.892550   -0.108616   -1.158253   -2.353017      -52.454189       18.960984    4.243849    1.145207    0.120647    3.188141
    0.401961    0.895388   -0.073607   -1.080579   -2.603761      -49.701319       19.422423    4.419433    1.223370    0.120647    3.188141
    0.411765    0.897173   -0.041134   -0.996398   -2.777963      -46.364833       19.917621    4.595469    1.302134    0.120647    3.188141
    0.421569    0.897986   -0.011363   -0.908105   -2.865627      -42.669727       20.432865    4.771759    1.381228    0.120647    3.188141
    0.431373    0.897912    0.015618   -0.818308   -2.863627      -38.869719       20.953884    4.948120    1.460413    0.120647    3.188141
    0.441176    0.897039    0.039803   -0.729626   -2.775573      -35.208278       21.467254    5.124387    1.539484    0.120647    3.188141
    0.450980    0.895453    0.061266   -0.644503   -2.610671      -31.887657       21.961483    5.300411    1.618266    0.120647    3.188141
    0.460784    0.893238    0.080152   -0.565060   -2.381965      -29.051811       22.427633    5.476060    1.696617    0.120647    3.188141
    0.470588    0.890473    0.096667   -0.493010   -2.104446      -26.783382       22.859481    5.651219    1.774422    0.120647    3.188141
    0.480392    0.887227    0.111062   -0.429620   -1.793368      -25.110971       23.253317    5.825787    1.851588    0.120647    3.188141
    0.490196    0.883564    0.123622   -0.375716   -1.462994      -24.021681       23.607536    5.999675    1.928040    0.120647    3.188141
    0.500000    0.879535    0.134652   -0.331725   -1.125807      -23.474678       23.922153    6.172807    2.003718    0.120647    3.188141
    0.509804    0.875184    0.144464   -0.297730   -0.792134      -23.413105       24.198328    6.345116    2.078572    0.120647    3.188141
    0.519608    0.870545    0.153366   -0.273535   -0.470078      -23.773233       24.437960    6.516541    2.152561    0.120647    3.188141
    0.529412    0.865641    0.161661   -0.258723   -0.165664      -24.490743       24.643366    6.687030    2.225646    0.120647    3.188141
    0.539216    0.860487    0.169632   -0.252720    0.116921      -25.504570       24.817054    6.856530    2.297792    0.120647    3.188141
    0.549020    0.855088    0.177544   -0.254841    0.375022      -26.758950       24.961555    7.024994    2.368961    0.120647    3.188141
    0.558824    0.849444    0.185639   -0.264333    0.607226      -28.204216       25.079327    7.192374    2.439116    0.120647    3.188141
    0.568627    0.843546    0.194136   -0.280410    0.813086      -29.796841       25.172698    7.358620    2.508218    0.120647    3.188141
    0.578431    0.837378    0.203229   -0.302277    0.992886      -31.499058       25.243833    7.523682    2.576220    0.120647    3.188141
    0.588235    0.830921    0.213085   -0.329152    1.147439      -33.278275       25.294733    7.687505    2.643075    0.120647    3.188141
    0.598039    0.824150    0.223849   -0.360283    1.277933      -35.106452       25.327236    7.850030    2.708727    0.120647    3.188141
    0.607843    0.817034    0.235644   -0.394954    1.385802      -36.959492       25.343029    8.011191    2.773118    0.120647    3.188141
    0.617647    0.809544    0.248569   -0.432494    1.472631      -38.816710       25.343664    8.170918    2.836180    0.120647    3.188141
    0.627451    0.801643    0.262704   -0.472284    1.540087      -40.660386       25.330573    8.329135    2.897843    0.120647    3.188141
    0.637255    0.793297    0.278110   -0.513758    1.589860      -42.475395       25.305084    8.485757    2.958029    0.120647    3.188141
    0.647059    0.784469    0.294832   -0.556400    1.623631      -44.248919       25.268429    8.640693    3.016658    0.120647    3.188141
    0.656863    0.775120    0.312899   -0.599750    1.643039      -45.970214       25.221762    8.793845    3.073641    0.120647    3.188141
    0.666667    0.765214    0.332327   -0.643399    1.649668      -47.630423       25.166156    8.945107    3.128891    0.120647    3.188141
    0.676471    0.754714    0.353119   -0.686987    1.645028      -49.222425       25.102620    9.094365    3.182315    0.120647    3.188141
    0.686275    0.743584    0.375268   -0.730204    1.630549      -50.740696       25.032092    9.241501    3.233820    0.120647    3.188141
    0.696078    0.731790    0.398759   -0.772780    1.607577      -52.181183       24.955448    9.386385    3.283314    0.120647    3.188141
    0.705882    0.719302    0.423568   -0.814492    1.577361      -53.541184       24.873501    9.528886    3.330709    0.120647    3.188141
    0.715686    0.706087    0.449664   -0.855152    1.541063      -54.819220       24.787001    9.668864    3.375918    0.120647    3.188141
    0.725490    0.692121    0.477013   -0.894608    1.499744      -56.014904       24.696634    9.806173    3.418862    0.120647    3.188141
    0.735294    0.677379    0.505575   -0.932741    1.454372      -57.128814       24.603023    9.940663    3.459471    0.120647    3.188141
    0.745098    0.661839    0.535306   -0.969460    1.405819      -58.162354       24.506731   10.072180    3.497682    0.120647    3.188141
    0.754902    0.645485    0.566163   -1.004699    1.354861      -59.117622       24.408257   10.200565    3.533447    0.120647    3.188141
    0.764706    0.628304    0.598097   -1.038415    1.302183      -59.997283       24.308041   10.325658    3.566731    0.120647    3.188141
    0.774510    0.610284    0.631061   -1.070585    1.248380      -60.804440       24.206464   10.447294    3.597513    0.120647    3.188141
    0.784314    0.591420    0.665006   -1.101200    1.193960      -61.542524       24.103851   10.565309    3.625789    0.120647    3.188141
    0.794118    0.571710    0.699883   -1.130268    1.139348      -62.215187       24.000473   10.679536    3.651575    0.120647    3.188141
    0.803922    0.551155    0.735646   -1.157804    1.084890      -62.826212       23.896551   10.789809    3.674904    0.120647    3.188141
    0.813725    0.529762    0.772245   -1.183836    1.030857      -63.379432       23.792257   10.895962    3.695826    0.120647    3.188141
    0.823529    0.507541    0.809635   -1.208395    0.977451      -63.878666       23.687720   10.997833    3.714413    0.120647    3.188141
    0.833333    0.484506    0.847770   -1.231518    0.924807      -64.327658       23.583029   11.095260    3.730753    0.120647    3.188141
    0.843137    0.460676    0.886606   -1.253246    0.872997      -64.730043       23.478233   11.188085    3.744954    0.120647    3.188141
    0.852941    0.436071    0.926099   -1.273617    0.822035      -65.089304       23.373348   11.276153    3.757139    0.120647    3.188141
    0.862745    0.410720    0.966209   -1.292673    0.771878      -65.408757       23.268356   11.359315    3.767445    0.120647    3.188141
    0.872549    0.384651    1.006894   -1.310449    0.722430      -65.691528       23.163213   11.437428    3.776022    0.120647    3.188141
    0.882353    0.357897    1.048116   -1.326980    0.673541      -65.940549       23.057845   11.510353    3.783030    0.120647    3.188141
    0.892157    0.330497    1.089835   -1.342295    0.625013      -66.158552       22.952158   11.577959    3.788637    0.120647    3.188141
    0.901961    0.302491    1.132014   -1.356414    0.576592      -66.348067       22.846031   11.640125    3.793012    0.120647    3.188141
    0.911765    0.273922    1.174615   -1.369353    0.527973      -66.511431       22.739328   11.696734    3.796328    0.120647    3.188141
    0.921569    0.244837    1.217603   -1.381116    0.478795      -66.650791       22.631890   11.747682    3.798754    0.120647    3.188141
    0.931373    0.215285    1.260940   -1.391698    0.428641      -66.768115       22.523544   11.792870    3.800453    0.120647    3.188141
    0.941176    0.185319    1.304589   -1.401082    0.377026      -66.865199       22.414101   11.832214    3.801579    0.120647    3.188141
    0.950980    0.154993    1.348512   -1.409236    0.323402      -66.943683       22.303360   11.865636    3.802272    0.120647    3.188141
    0.960784    0.124363    1.392671   -1.416111    0.267140      -67.005061       22.191106   11.893072    3.802658    0.120647    3.188141
    0.970588    0.093489    1.437023   -1.421643    0.207530      -67.050696       22.077115   11.914467    3.802842    0.120647    3.188141
    0.980392    0.062430    1.481526   -1.425746    0.143765      -67.081838       21.961151   11.929780    3.802911    0.120647    3.188141
    0.990196    0.031246    1.526134   -1.428309    0.074933      -67.099652       21.842975   11.938980    3.802927    0.120647    3.188141
    1.000000   -0.000000    1.570796   -1.429199    0.000000      -67.105291       21.722340   11.942049    3.802928    0.120647    3.188141
