           t           r         psi          cs          qs               p             sig           A           V          Q2           S
    0.000000    0.000000   -1.570796    0.211169    0.000000       67.708319      213.282674    0.000000    0.000000    0.131876    7.240513
    0.002488    0.018011   -1.574608    0.212452   -0.185745       67.735049      206.507508    0.001019   -0.000000    0.131876    7.240513
    0.004975    0.036022   -1.578463    0.216038   -0.345571       67.818523      199.817444    0.004077   -0.000000    0.131876    7.240513
    0.007463    0.054032   -1.582402    0.221608   -0.486033       67.963195      193.208039    0.009172   -0.000001    0.131876    7.240513
    0.009950    0.072042   -1.586457    0.228927   -0.611855       68.173968      186.674942    0.016306   -0.000005    0.131876    7.240513
    0.012438    0.090050   -1.590658    0.237817   -0.726309       68.456476      180.213894    0.025478   -0.000011    0.131876    7.240513
    0.014925    0.108057   -1.595032    0.248139   -0.831461       68.817185      173.820728    0.036688   -0.000024    0.131876    7.240513
    0.017413    0.126062   -1.599604    0.259773   -0.928340       69.263482      167.491373    0.049935   -0.000044    0.131876    7.240513
    0.019900    0.144065   -1.604397    0.272606   -1.017025       69.803750      161.221852    0.065220   -0.000077    0.131876    7.240513
    0.022388    0.162064   -1.609430    0.286515   -1.096691       70.447450      155.008291    0.082542   -0.000125    0.131876    7.240513
    0.024876    0.180060   -1.614723    0.301356   -1.165610       71.205210      148.846919    0.101901   -0.000193    0.131876    7.240513
    0.027363    0.198052   -1.620291    0.316947   -1.221115       72.088904      142.734072    0.123296   -0.000288    0.131876    7.240513
    0.029851    0.216038   -1.626144    0.333058   -1.259551       73.111731      136.666202    0.146727   -0.000415    0.131876    7.240513
    0.032338    0.234019   -1.632289    0.349388   -1.276202       74.288285      130.639885    0.172193   -0.000583    0.131876    7.240513
    0.034826    0.251992   -1.638729    0.365553   -1.265217       75.634600      124.651829    0.199693   -0.000799    0.131876    7.240513
    0.037313    0.269957   -1.645454    0.381066   -1.219527       77.168168      118.698886    0.229227   -0.001074    0.131876    7.240513
    0.039801    0.287914   -1.652448    0.395316   -1.130780       78.907906      112.778070    0.260794   -0.001418    0.131876    7.240513
    0.042289    0.305860   -1.659682    0.407551   -0.989293       80.874065      106.886569    0.294392   -0.001843    0.131876    7.240513
    0.044776    0.323794   -1.667111    0.416854   -0.784038       83.088040      101.021775    0.330020   -0.002362    0.131876    7.240513
    0.047264    0.341715   -1.674674    0.422122   -0.502673       85.572078       95.181303    0.367677   -0.002989    0.131876    7.240513
    0.049751    0.359621   -1.682285    0.422047   -0.131642       88.348812       89.363030    0.407362   -0.003737    0.131876    7.240513
    0.052239    0.377513   -1.689836    0.415099    0.343650       91.440617       83.565131    0.449072   -0.004622    0.131876    7.240513
    0.054726    0.395389   -1.697186    0.399515    0.938555       94.868690       77.786128    0.492806   -0.005657    0.131876    7.240513
    0.057214    0.413248   -1.704163    0.373286    1.668776       98.651834       72.024951    0.538562   -0.006856    0.131876    7.240513
    0.059701    0.431092   -1.710556    0.334162    2.549828      102.804822       66.281010    0.586338   -0.008230    0.131876    7.240513
    0.062189    0.448920   -1.716108    0.279660    3.596323      107.336279       60.554286    0.636133   -0.009788    0.131876    7.240513
    0.064677    0.466735   -1.720521    0.207092    4.821082      112.245951       54.845442    0.687944   -0.011533    0.131876    7.240513
    0.067164    0.484541   -1.723443    0.113605    6.234044      117.521222       49.155964    0.741771   -0.013463    0.131876    7.240513
    0.069652    0.502341   -1.724470   -0.003758    7.840965      123.132726       43.488340    0.797613   -0.015568    0.131876    7.240513
    0.072139    0.520141   -1.723146   -0.147970    9.641896      129.028847       37.846285    0.855469   -0.017825    0.131876    7.240513
    0.074627    0.537948   -1.718961   -0.321911   11.629448      135.128881       32.235030    0.915340   -0.020200    0.131876    7.240513
    0.077114    0.555771   -1.711356   -0.528221   13.786840      141.314603       26.661701    0.977227   -0.022639    0.131876    7.240513
    0.079602    0.573618   -1.699726   -0.769123   16.085774      147.419952       21.135808    1.041132   -0.025069    0.131876    7.240513
    0.082090    0.591497   -1.683433   -1.046217   18.484189      153.218578       15.669892    1.107058   -0.027389    0.131876    7.240513
    0.084577    0.609414   -1.661817   -1.360229   20.923991      158.409063       10.280374    1.175010   -0.029470    0.131876    7.240513
    0.087065    0.627370   -1.634214   -1.710740   23.328949      162.597885        4.988681    1.244992   -0.031148    0.131876    7.240513
    0.089552    0.645361   -1.599983   -2.095882   25.603021      165.280668       -0.177271    1.317008   -0.032218    0.131876    7.240513
    0.092040    0.663370   -1.558529   -2.512031   27.629525      165.823188       -5.181124    1.391061   -0.032433    0.131876    7.240513
    0.094527    0.681368   -1.509341   -2.953505   29.271745      163.445244       -9.975543    1.467152   -0.031502    0.131876    7.240513
    0.097015    0.699304   -1.452032   -3.412301   30.375691      157.213086      -14.498972    1.545276   -0.029088    0.131876    7.240513
    0.099502    0.717108   -1.386380   -3.877913   30.775906      146.050043      -18.671577    1.625424   -0.024814    0.131876    7.240513
    0.101990    0.734678   -1.312377   -4.337283   30.305156      128.780176      -22.390415    1.707575   -0.018278    0.131876    7.240513
    0.104478    0.751886   -1.230271   -4.774934   28.808701      104.225537      -25.524022    1.791694   -0.009067    0.131876    7.240513
    0.106965    0.768575   -1.140607   -5.173360   26.163322       71.381297      -27.907074    1.877734    0.003215    0.131876    7.240513
    0.109453    0.784563   -1.044262   -5.513732   22.300397       29.689050      -29.336399    1.965624    0.018915    0.131876    7.240513
    0.111940    0.799651   -0.942453   -5.776951   17.231076      -20.592012      -29.570547    2.055274    0.038289    0.131876    7.240513
    0.114428    0.813639   -0.836734   -5.945066   11.069859      -77.963851      -28.336074    2.146572    0.061471    0.131876    7.240513
    0.116915    0.826337   -0.728959   -6.002999    4.050996     -139.341695      -25.344211    2.239381    0.088442    0.131876    7.240513
    0.119403    0.837587   -0.621216   -5.940437   -3.469459     -199.982100      -20.320670    2.333547    0.119020    0.131876    7.240513
    0.121891    0.847274   -0.515718   -5.753618  -11.033206     -253.907986      -13.047983    2.428898    0.152867    0.131876    7.240513
    0.124378    0.855343   -0.414679   -5.446646  -18.125064     -294.927742       -3.413894    2.525254    0.189525    0.131876    7.240513
    0.126866    0.861800   -0.320165   -5.031939  -24.240979     -318.061186        8.547082    2.622432    0.228460    0.131876    7.240513
    0.129353    0.866712   -0.233944   -4.529489  -28.965486     -320.875900       22.634496    2.720252    0.269122    0.131876    7.240513
    0.131841    0.870198   -0.157375   -3.964924  -32.037705     -304.152955       38.495913    2.818546    0.310992    0.131876    7.240513
    0.134328    0.872415   -0.091320   -3.366691  -33.385731     -271.581449       55.672885    2.917161    0.353625    0.131876    7.240513
    0.136816    0.873546   -0.036131   -2.762955  -33.120022     -228.664190       73.665493    3.015964    0.396665    0.131876    7.240513
    0.139303    0.873780    0.008327   -2.178878  -31.491651     -181.354713       91.996330    3.114842    0.439854    0.131876    7.240513
    0.141791    0.873307    0.042599   -1.634721  -28.832244     -134.937679      110.258315    3.213705    0.483020    0.131876    7.240513
    0.144279    0.872302    0.067542   -1.144973  -25.494277      -93.407164      128.139720    3.312482    0.526060    0.131876    7.240513
    0.146766    0.870925    0.084223   -0.718355  -21.804684      -59.322656      145.428344    3.411124    0.568924    0.131876    7.240513
    0.149254    0.869314    0.093820   -0.358477  -18.036664      -33.977124      162.001408    3.509595    0.611594    0.131876    7.240513
    0.151741    0.867586    0.097535   -0.064827  -14.398233      -17.698913      177.808409    3.607876    0.654073    0.131876    7.240513
    0.154229    0.865835    0.096532    0.166139  -11.032969      -10.163600      192.852467    3.705960    0.696377    0.131876    7.240513
    0.156716    0.864136    0.091893    0.339977   -8.027975      -10.654488      207.173434    3.803848    0.738523    0.131876    7.240513
    0.159204    0.862545    0.084588    0.463383   -5.424988      -18.254521      220.834185    3.901549    0.780532    0.131876    7.240513
    0.161692    0.861103    0.075461    0.543517   -3.231924      -31.975299      233.910286    3.999078    0.822423    0.131876    7.240513
    0.164179    0.859836    0.065226    0.587501   -1.433305      -50.837072      246.482655    4.096454    0.864213    0.131876    7.240513
    0.166667    0.858758    0.054474    0.602085    0.001119      -73.914059      258.632600    4.193697    0.905917    0.131876    7.240513
    0.169154    0.857875    0.043677    0.593438    1.109711     -100.356912      270.438639    4.290829    0.947551    0.131876    7.240513
    0.171642    0.857183    0.033203    0.567040    1.934093     -129.401014      281.974559    4.387872    0.989128    0.131876    7.240513
    0.174129    0.856675    0.023329    0.527649    2.515835     -160.366581      293.308345    4.484847    1.030661    0.131876    7.240513
    0.176617    0.856338    0.014250    0.479309    2.894357     -192.654459      304.501647    4.581774    1.072163    0.131876    7.240513
    0.179104    0.856157    0.006096    0.425394    3.105729     -225.740057      315.609616    4.678673    1.113644    0.131876    7.240513
    0.181592    0.856113   -0.001057    0.368668    3.182131     -259.166843      326.680939    4.775559    1.155117    0.131876    7.240513
    0.184080    0.856188   -0.007181    0.311354    3.151728     -292.540206      337.758015    4.872446    1.196592    0.131876    7.240513
    0.186567    0.856365   -0.012280    0.255198    3.038822     -325.522031      348.877184    4.969348    1.238077    0.131876    7.240513
    0.189055    0.856625   -0.016388    0.201537    2.864149     -357.826104      360.069017    5.066275    1.279581    0.131876    7.240513
    0.191542    0.856950   -0.019561    0.151357    2.645239     -389.214278      371.358613    5.163236    1.321111    0.131876    7.240513
    0.194030    0.857324   -0.021866    0.105351    2.396787     -419.493250      382.765923    5.260236    1.362673    0.131876    7.240513
    0.196517    0.857733   -0.023383    0.063962    2.131014     -448.511779      394.306092    5.357280    1.404272    0.131876    7.240513
    0.199005    0.858162   -0.024199    0.027429    1.857980     -476.158122      405.989807    5.454372    1.445910    0.131876    7.240513
    0.201493    0.858601   -0.024401   -0.004179    1.585867     -502.357533      417.823677    5.551513    1.487589    0.131876    7.240513
    0.203980    0.859038   -0.024078   -0.030928    1.321216     -527.069675      429.810614    5.648704    1.529312    0.131876    7.240513
    0.206468    0.859465   -0.023315   -0.052990    1.069136     -550.285843      441.950240    5.745944    1.571077    0.131876    7.240513
    0.208955    0.859876   -0.022196   -0.070622    0.833483     -572.025934      454.239298    5.843231    1.612883    0.131876    7.240513
    0.211443    0.860263   -0.020796   -0.084143    0.617016     -592.335178      466.672077    5.940564    1.654730    0.131876    7.240513
    0.213930    0.860623   -0.019187   -0.093913    0.421542     -611.280637      479.240824    6.037939    1.696615    0.131876    7.240513
    0.216418    0.860953   -0.017433   -0.100317    0.248045     -628.947552      491.936162    6.135352    1.738534    0.131876    7.240513
    0.218905    0.861251   -0.015591   -0.103756    0.096810     -645.435623      504.747480    6.232802    1.780485    0.131876    7.240513
    0.221393    0.861515   -0.013711   -0.104626   -0.032461     -660.855305      517.663311    6.330283    1.822465    0.131876    7.240513
    0.223881    0.861745   -0.011835   -0.103319   -0.140540     -675.324249      530.671674    6.427792    1.864471    0.131876    7.240513
    0.226368    0.861941   -0.010000   -0.100207   -0.228574     -688.963944      543.760389    6.525325    1.906497    0.131876    7.240513
    0.228856    0.862105   -0.008234   -0.095641   -0.297985     -701.896674      556.917348    6.622879    1.948542    0.131876    7.240513
    0.231343    0.862239   -0.006562   -0.089942   -0.350390     -714.242818      570.130750    6.720450    1.990603    0.131876    7.240513
    0.233831    0.862342   -0.004999   -0.083405   -0.387519     -726.118560      583.389302    6.818033    2.032675    0.131876    7.240513
    0.236318    0.862419   -0.003561   -0.076289   -0.411158     -737.634001      596.682364    6.915628    2.074756    0.131876    7.240513
    0.238806    0.862472   -0.002253   -0.068826   -0.423083     -748.891691      610.000079    7.013229    2.116844    0.131876    7.240513
    0.241294    0.862501   -0.001082   -0.061212   -0.425024     -759.985560      623.333445    7.110835    2.158936    0.131876    7.240513
    0.243781    0.862511   -0.000048   -0.053616   -0.418627     -771.000213      636.674376    7.208443    2.201030    0.131876    7.240513
    0.246269    0.862504    0.000850   -0.046176   -0.405427     -782.010552      650.015719    7.306051    2.243124    0.131876    7.240513
    0.248756    0.862482    0.001617   -0.039005   -0.386831     -793.081688      663.351256    7.403658    2.285217    0.131876    7.240513
    0.251244    0.862446    0.002257   -0.032192   -0.364112     -804.269089      676.675689    7.501261    2.327306    0.131876    7.240513
    0.253731    0.862401    0.002779   -0.025802   -0.338397     -815.618923      689.984598    7.598860    2.369392    0.131876    7.240513
    0.256219    0.862347    0.003190   -0.019883   -0.310673     -827.168544      703.274397    7.696453    2.411473    0.131876    7.240513
    0.258706    0.862287    0.003498   -0.014466   -0.281792     -838.947097      716.542275    7.794040    2.453548    0.131876    7.240513
    0.261194    0.862222    0.003714   -0.009568   -0.252475     -850.976189      729.786138    7.891619    2.495616    0.131876    7.240513
    0.263682    0.862153    0.003846   -0.005193   -0.223321     -863.270608      743.004536    7.989191    2.537679    0.131876    7.240513
    0.266169    0.862083    0.003904   -0.001335   -0.194820     -875.839057      756.196602    8.086755    2.579734    0.131876    7.240513
    0.268657    0.862013    0.003897    0.002020   -0.167364     -888.684889      769.361978    8.184311    2.621783    0.131876    7.240513
    0.271144    0.861943    0.003834    0.004891   -0.141255     -901.806820      782.500753    8.281860    2.663825    0.131876    7.240513
    0.273632    0.861875    0.003724    0.007304   -0.116717     -915.199613      795.613397    8.379400    2.705860    0.131876    7.240513
    0.276119    0.861810    0.003574    0.009287   -0.093909     -928.854725      808.700702    8.476933    2.747889    0.131876    7.240513
    0.278607    0.861747    0.003392    0.010872   -0.072930     -942.760899      821.763725    8.574459    2.789911    0.131876    7.240513
    0.281095    0.861687    0.003184    0.012091   -0.053833     -956.904723      834.803737    8.671977    2.831928    0.131876    7.240513
    0.283582    0.861632    0.002958    0.012979   -0.036629     -971.271120      847.822173    8.769489    2.873939    0.131876    7.240513
    0.286070    0.861581    0.002718    0.013567   -0.021296     -985.843804      860.820590    8.866996    2.915945    0.131876    7.240513
    0.288557    0.861534    0.002471    0.013890   -0.007786    -1000.605672      873.800632    8.964496    2.957946    0.131876    7.240513
    0.291045    0.861492    0.002220    0.013979    0.003971    -1015.539163      886.763988    9.061992    2.999942    0.131876    7.240513
    0.293532    0.861454    0.001968    0.013866    0.014060    -1030.626557      899.712370    9.159483    3.041935    0.131876    7.240513
    0.296020    0.861421    0.001721    0.013579    0.022579    -1045.850240      912.647481    9.256970    3.083925    0.131876    7.240513
    0.298507    0.861392    0.001480    0.013146    0.029634    -1061.192930      925.570998    9.354453    3.125911    0.131876    7.240513
    0.300995    0.861368    0.001248    0.012593    0.035335    -1076.637861      938.484548    9.451934    3.167895    0.131876    7.240513
    0.303483    0.861347    0.001027    0.011942    0.039795    -1092.168937      951.389696    9.549412    3.209877    0.131876    7.240513
    0.305970    0.861331    0.000819    0.011216    0.043130    -1107.770857      964.287932    9.646888    3.251856    0.131876    7.240513
    0.308458    0.861318    0.000623    0.010435    0.045452    -1123.429211      977.180660    9.744362    3.293835    0.131876    7.240513
    0.310945    0.861308    0.000443    0.009615    0.046870    -1139.130550      990.069192    9.841835    3.335812    0.131876    7.240513
    0.313433    0.861302    0.000277    0.008773    0.047492    -1154.862436     1002.954742    9.939307    3.377789    0.131876    7.240513
    0.315920    0.861298    0.000127    0.007922    0.047417    -1170.613473     1015.838421   10.036778    3.419765    0.131876    7.240513
    0.318408    0.861297   -0.000008    0.007075    0.046743    -1186.373322     1028.721239   10.134249    3.461741    0.131876    7.240513
    0.320896    0.861298   -0.000128    0.006241    0.045560    -1202.132697     1041.604104   10.231721    3.503716    0.131876    7.240513
    0.323383    0.861301   -0.000233    0.005430    0.043951    -1217.883355     1054.487820   10.329192    3.545693    0.131876    7.240513
    0.325871    0.861307   -0.000324    0.004649    0.041995    -1233.618067     1067.373093   10.426664    3.587669    0.131876    7.240513
    0.328358    0.861313   -0.000401    0.003903    0.039762    -1249.330588     1080.260534   10.524137    3.629646    0.131876    7.240513
    0.330846    0.861321   -0.000465    0.003198    0.037318    -1265.015612     1093.150658   10.621610    3.671624    0.131876    7.240513
    0.333333    0.861330   -0.000516    0.002537    0.034720    -1280.668729     1106.043898   10.719084    3.713602    0.131876    7.240513
    0.335821    0.861339   -0.000556    0.001923    0.032021    -1296.286373     1118.940600   10.816560    3.755582    0.131876    7.240513
    0.338308    0.861350   -0.000586    0.001357    0.029268    -1311.865760     1131.841036   10.914036    3.797562    0.131876    7.240513
    0.340796    0.861360   -0.000606    0.000841    0.026501    -1327.404838     1144.745404   11.011514    3.839544    0.131876    7.240513
    0.343284    0.861371   -0.000616    0.000373    0.023756    -1342.902225     1157.653839   11.108993    3.881526    0.131876    7.240513
    0.345771    0.861383   -0.000619   -0.000045    0.021063    -1358.357147     1170.566416   11.206473    3.923510    0.131876    7.240513
    0.348259    0.861394   -0.000615   -0.000416    0.018448    -1373.769378     1183.483156   11.303955    3.965494    0.131876    7.240513
    0.350746    0.861405   -0.000605   -0.000740    0.015932    -1389.139186     1196.404031   11.401437    4.007480    0.131876    7.240513
    0.353234    0.861415   -0.000589   -0.001020    0.013533    -1404.467270     1209.328973   11.498921    4.049467    0.131876    7.240513
    0.355721    0.861426   -0.000568   -0.001257    0.011263    -1419.754705     1222.257876   11.596407    4.091455    0.131876    7.240513
    0.358209    0.861436   -0.000544   -0.001454    0.009133    -1435.002891     1235.190604   11.693893    4.133444    0.131876    7.240513
    0.360697    0.861445   -0.000516   -0.001613    0.007151    -1450.213499     1248.126991   11.791380    4.175434    0.131876    7.240513
    0.363184    0.861455   -0.000486   -0.001738    0.005321    -1465.388425     1261.066854   11.888869    4.217424    0.131876    7.240513
    0.365672    0.861463   -0.000454   -0.001830    0.003645    -1480.529744     1274.009989   11.986358    4.259416    0.131876    7.240513
    0.368159    0.861471   -0.000420   -0.001892    0.002124    -1495.639667     1286.956182   12.083849    4.301408    0.131876    7.240513
    0.370647    0.861478   -0.000386   -0.001927    0.000755    -1510.720505     1299.905205   12.181340    4.343401    0.131876    7.240513
    0.373134    0.861485   -0.000351   -0.001939   -0.000465    -1525.774633     1312.856828   12.278832    4.385395    0.131876    7.240513
    0.375622    0.861491   -0.000316   -0.001928   -0.001540    -1540.804454     1325.810817   12.376325    4.427390    0.131876    7.240513
    0.378109    0.861496   -0.000281   -0.001899   -0.002475    -1555.812378     1338.766936   12.473818    4.469385    0.131876    7.240513
    0.380597    0.861501   -0.000248   -0.001854   -0.003278    -1570.800788     1351.724954   12.571312    4.511380    0.131876    7.240513
    0.383085    0.861505   -0.000215   -0.001794   -0.003955    -1585.772026     1364.684643   12.668806    4.553376    0.131876    7.240513
    0.385572    0.861509   -0.000183   -0.001722   -0.004513    -1600.728367     1377.645781   12.766301    4.595372    0.131876    7.240513
    0.388060    0.861512   -0.000153   -0.001641   -0.004962    -1615.672005     1390.608155   12.863797    4.637369    0.131876    7.240513
    0.390547    0.861514   -0.000124   -0.001552   -0.005309    -1630.605041     1403.571560   12.961292    4.679366    0.131876    7.240513
    0.393035    0.861516   -0.000097   -0.001456   -0.005562    -1645.529468     1416.535802   13.058788    4.721363    0.131876    7.240513
    0.395522    0.861518   -0.000071   -0.001356   -0.005730    -1660.447167     1429.500699   13.156284    4.763360    0.131876    7.240513
    0.398010    0.861519   -0.000048   -0.001254   -0.005821    -1675.359893     1442.466079   13.253780    4.805357    0.131876    7.240513
    0.400498    0.861519   -0.000026   -0.001150   -0.005842    -1690.269280     1455.431784   13.351277    4.847355    0.131876    7.240513
    0.402985    0.861520   -0.000007   -0.001045   -0.005802    -1705.176828     1468.397668   13.448773    4.889352    0.131876    7.240513
    0.405473    0.861520    0.000011   -0.000941   -0.005709    -1720.083911     1481.363597   13.546269    4.931350    0.131876    7.240513
    0.407960    0.861519    0.000027   -0.000839   -0.005568    -1734.991769     1494.329451   13.643766    4.973347    0.131876    7.240513
    0.410448    0.861519    0.000042   -0.000740   -0.005388    -1749.901516     1507.295121   13.741262    5.015345    0.131876    7.240513
    0.412935    0.861518    0.000054   -0.000643   -0.005173    -1764.814138     1520.260512   13.838758    5.057342    0.131876    7.240513
    0.415423    0.861517    0.000065   -0.000551   -0.004932    -1779.730499     1533.225538   13.936254    5.099339    0.131876    7.240513
    0.417910    0.861515    0.000074   -0.000463   -0.004668    -1794.651346     1546.190129   14.033750    5.141336    0.131876    7.240513
    0.420398    0.861514    0.000081   -0.000379   -0.004387    -1809.577311     1559.154222   14.131246    5.183333    0.131876    7.240513
    0.422886    0.861513    0.000088   -0.000301   -0.004093    -1824.508921     1572.117765   14.228741    5.225330    0.131876    7.240513
    0.425373    0.861511    0.000092   -0.000227   -0.003791    -1839.446600     1585.080719   14.326237    5.267327    0.131876    7.240513
    0.427861    0.861509    0.000096   -0.000160   -0.003485    -1854.390677     1598.043050   14.423732    5.309324    0.131876    7.240513
    0.430348    0.861507    0.000098   -0.000097   -0.003178    -1869.341394     1611.004735   14.521227    5.351320    0.131876    7.240513
    0.432836    0.861506    0.000099   -0.000040   -0.002873    -1884.298911     1623.965758   14.618722    5.393316    0.131876    7.240513
    0.435323    0.861504    0.000100    0.000011   -0.002572    -1899.263313     1636.926112   14.716217    5.435312    0.131876    7.240513
    0.437811    0.861502    0.000099    0.000057   -0.002278    -1914.234619     1649.885795   14.813711    5.477308    0.131876    7.240513
    0.440299    0.861500    0.000098    0.000098   -0.001994    -1929.212785     1662.844809   14.911206    5.519304    0.131876    7.240513
    0.442786    0.861499    0.000095    0.000134   -0.001720    -1944.197714     1675.803166   15.008700    5.561300    0.131876    7.240513
    0.445274    0.861497    0.000093    0.000165   -0.001457    -1959.189260     1688.760879   15.106193    5.603295    0.131876    7.240513
    0.447761    0.861495    0.000090    0.000191   -0.001208    -1974.187238     1701.717966   15.203687    5.645290    0.131876    7.240513
    0.450249    0.861494    0.000086    0.000213   -0.000973    -1989.191425     1714.674450   15.301181    5.687285    0.131876    7.240513
    0.452736    0.861492    0.000082    0.000230   -0.000751    -2004.201568     1727.630353   15.398674    5.729280    0.131876    7.240513
    0.455224    0.861491    0.000078    0.000244   -0.000545    -2019.217390     1740.585704   15.496167    5.771275    0.131876    7.240513
    0.457711    0.861489    0.000073    0.000254   -0.000353    -2034.238596     1753.540531   15.593660    5.813269    0.131876    7.240513
    0.460199    0.861488    0.000069    0.000260   -0.000177    -2049.264875     1766.494865   15.691153    5.855264    0.131876    7.240513
    0.462687    0.861487    0.000064    0.000263   -0.000015    -2064.295906     1779.448736   15.788646    5.897258    0.131876    7.240513
    0.465174    0.861486    0.000059    0.000264    0.000132    -2079.331362     1792.402176   15.886138    5.939253    0.131876    7.240513
    0.467662    0.861485    0.000054    0.000262    0.000265    -2094.370914     1805.355218   15.983631    5.981247    0.131876    7.240513
    0.470149    0.861484    0.000050    0.000257    0.000384    -2109.414233     1818.307893   16.081123    6.023241    0.131876    7.240513
    0.472637    0.861483    0.000045    0.000250    0.000490    -2124.460997     1831.260233   16.178615    6.065235    0.131876    7.240513
    0.475124    0.861482    0.000041    0.000242    0.000584    -2139.510888     1844.212269   16.276107    6.107229    0.131876    7.240513
    0.477612    0.861481    0.000036    0.000231    0.000665    -2154.563599     1857.164030   16.373600    6.149222    0.131876    7.240513
    0.480100    0.861481    0.000032    0.000219    0.000736    -2169.618836     1870.115545   16.471092    6.191216    0.131876    7.240513
    0.482587    0.861480    0.000029    0.000206    0.000796    -2184.676317     1883.066842   16.568583    6.233210    0.131876    7.240513
    0.485075    0.861480    0.000025    0.000192    0.000846    -2199.735776     1896.017946   16.666075    6.275204    0.131876    7.240513
    0.487562    0.861479    0.000022    0.000177    0.000888    -2214.796964     1908.968882   16.763567    6.317197    0.131876    7.240513
    0.490050    0.861479    0.000019    0.000161    0.000922    -2229.859651     1921.919673   16.861059    6.359191    0.131876    7.240513
    0.492537    0.861479    0.000016    0.000145    0.000949    -2244.923627     1934.870337   16.958551    6.401184    0.131876    7.240513
    0.495025    0.861478    0.000013    0.000128    0.000970    -2259.988699     1947.820895   17.056042    6.443178    0.131876    7.240513
    0.497512    0.861478    0.000011    0.000111    0.000985    -2275.054698     1960.771363   17.153534    6.485171    0.131876    7.240513
    0.500000    0.861478    0.000009    0.000093    0.000995    -2290.121474     1973.721755   17.251026    6.527165    0.131876    7.240513
    0.502488    0.861478    0.000008    0.000075    0.001002    -2305.188901     1986.672084   17.348517    6.569158    0.131876    7.240513
    0.504975    0.861478    0.000007    0.000057    0.001006    -2320.256874     1999.622360   17.446009    6.611152    0.131876    7.240513
    0.507463    0.861478    0.000006    0.000039    0.001007    -2335.325310     2012.572591   17.543501    6.653145    0.131876    7.240513
    0.509950    0.861478    0.000005    0.000021    0.001007    -2350.394149     2025.522782   17.640992    6.695138    0.131876    7.240513
    0.512438    0.861477    0.000005    0.000003    0.001006    -2365.463353     2038.472938   17.738484    6.737132    0.131876    7.240513
    0.514925    0.861477    0.000005   -0.000015    0.001005    -2380.532906     2051.423060   17.835975    6.779125    0.131876    7.240513
    0.517413    0.861477    0.000006   -0.000033    0.001004    -2395.602816     2064.373147   17.933467    6.821119    0.131876    7.240513
    0.519900    0.861477    0.000006   -0.000051    0.001005    -2410.673112     2077.323197   18.030958    6.863112    0.131876    7.240513
    0.522388    0.861477    0.000007   -0.000069    0.001007    -2425.743846     2090.273204   18.128450    6.905105    0.131876    7.240513
    0.524876    0.861477    0.000009   -0.000086    0.001012    -2440.815092     2103.223161   18.225942    6.947099    0.131876    7.240513
    0.527363    0.861477    0.000010   -0.000105    0.001020    -2455.886947     2116.173059   18.323433    6.989092    0.131876    7.240513
    0.529851    0.861477    0.000013   -0.000123    0.001031    -2470.959530     2129.122886   18.420925    7.031085    0.131876    7.240513
    0.532338    0.861476    0.000015   -0.000141    0.001047    -2486.032984     2142.072628   18.518416    7.073079    0.131876    7.240513
    0.534826    0.861476    0.000018   -0.000160    0.001067    -2501.107471     2155.022270   18.615907    7.115072    0.131876    7.240513
    0.537313    0.861476    0.000021   -0.000179    0.001093    -2516.183181     2167.971792   18.713399    7.157065    0.131876    7.240513
    0.539801    0.861475    0.000024   -0.000198    0.001124    -2531.260325     2180.921175   18.810890    7.199058    0.131876    7.240513
    0.542289    0.861475    0.000028   -0.000218    0.001162    -2546.339137     2193.870396   18.908381    7.241052    0.131876    7.240513
    0.544776    0.861474    0.000032   -0.000239    0.001207    -2561.419877     2206.819429   19.005873    7.283045    0.131876    7.240513
    0.547264    0.861474    0.000036   -0.000260    0.001260    -2576.502831     2219.768247   19.103364    7.325038    0.131876    7.240513
    0.549751    0.861473    0.000041   -0.000282    0.001320    -2591.588308     2232.716819   19.200855    7.367031    0.131876    7.240513
    0.552239    0.861472    0.000047   -0.000306    0.001389    -2606.676648     2245.665112   19.298346    7.409024    0.131876    7.240513
    0.554726    0.861471    0.000052   -0.000330    0.001467    -2621.768217     2258.613091   19.395837    7.451017    0.131876    7.240513
    0.557214    0.861470    0.000058   -0.000356    0.001556    -2636.863412     2271.560717   19.493328    7.493009    0.131876    7.240513
    0.559701    0.861469    0.000065   -0.000383    0.001654    -2651.962661     2284.507948   19.590818    7.535002    0.131876    7.240513
    0.562189    0.861468    0.000072   -0.000413    0.001764    -2667.066424     2297.454740   19.688309    7.576994    0.131876    7.240513
    0.564677    0.861467    0.000080   -0.000444    0.001886    -2682.175198     2310.401044   19.785799    7.618987    0.131876    7.240513
    0.567164    0.861465    0.000088   -0.000477    0.002021    -2697.289517     2323.346808   19.883290    7.660979    0.131876    7.240513
    0.569652    0.861463    0.000097   -0.000512    0.002169    -2712.409953     2336.291977   19.980780    7.702971    0.131876    7.240513
    0.572139    0.861462    0.000107   -0.000550    0.002331    -2727.537124     2349.236490   20.078270    7.744963    0.131876    7.240513
    0.574627    0.861460    0.000117   -0.000591    0.002509    -2742.671690     2362.180283   20.175759    7.786955    0.131876    7.240513
    0.577114    0.861457    0.000128   -0.000635    0.002703    -2757.814364     2375.123287   20.273249    7.828946    0.131876    7.240513
    0.579602    0.861455    0.000140   -0.000682    0.002915    -2772.965908     2388.065427   20.370738    7.870938    0.131876    7.240513
    0.582090    0.861452    0.000153   -0.000733    0.003145    -2788.127142     2401.006623   20.468227    7.912929    0.131876    7.240513
    0.584577    0.861449    0.000166   -0.000788    0.003394    -2803.298948     2413.946790   20.565715    7.954920    0.131876    7.240513
    0.587065    0.861446    0.000181   -0.000848    0.003665    -2818.482272     2426.885835   20.663204    7.996910    0.131876    7.240513
    0.589552    0.861443    0.000197   -0.000912    0.003959    -2833.678133     2439.823659   20.760691    8.038900    0.131876    7.240513
    0.592040    0.861439    0.000214   -0.000981    0.004276    -2848.887624     2452.760156   20.858179    8.080890    0.131876    7.240513
    0.594527    0.861435    0.000232   -0.001055    0.004619    -2864.111922     2465.695210   20.955666    8.122880    0.131876    7.240513
    0.597015    0.861431    0.000252   -0.001136    0.004989    -2879.352293     2478.628699   21.053152    8.164869    0.131876    7.240513
    0.599502    0.861426    0.000273   -0.001223    0.005389    -2894.610099     2491.560489   21.150639    8.206857    0.131876    7.240513
    0.601990    0.861421    0.000296   -0.001317    0.005821    -2909.886803     2504.490438   21.248124    8.248845    0.131876    7.240513
    0.604478    0.861415    0.000321   -0.001419    0.006286    -2925.183984     2517.418392   21.345609    8.290833    0.131876    7.240513
    0.606965    0.861409    0.000347   -0.001528    0.006786    -2940.503338     2530.344185   21.443093    8.332820    0.131876    7.240513
    0.609453    0.861403    0.000376   -0.001646    0.007326    -2955.846694     2543.267639   21.540577    8.374807    0.131876    7.240513
    0.611940    0.861396    0.000407   -0.001774    0.007907    -2971.216017     2556.188562   21.638059    8.416792    0.131876    7.240513
    0.614428    0.861388    0.000440   -0.001912    0.008532    -2986.613429     2569.106746   21.735541    8.458777    0.131876    7.240513
    0.616915    0.861380    0.000476   -0.002060    0.009205    -3002.041208     2582.021970   21.833022    8.500762    0.131876    7.240513
    0.619403    0.861371    0.000514   -0.002221    0.009928    -3017.501814     2594.933993   21.930502    8.542745    0.131876    7.240513
    0.621891    0.861361    0.000556   -0.002393    0.010706    -3032.997891     2607.842556   22.027981    8.584728    0.131876    7.240513
    0.624378    0.861351    0.000600   -0.002580    0.011543    -3048.532290     2620.747381   22.125459    8.626709    0.131876    7.240513
    0.626866    0.861340    0.000649   -0.002780    0.012442    -3064.108078     2633.648167   22.222936    8.668690    0.131876    7.240513
    0.629353    0.861328    0.000701   -0.002997    0.013409    -3079.728560     2646.544592   22.320411    8.710669    0.131876    7.240513
    0.631841    0.861315    0.000757   -0.003230    0.014447    -3095.397293     2659.436307   22.417885    8.752647    0.131876    7.240513
    0.634328    0.861300    0.000817   -0.003481    0.015563    -3111.118107     2672.322937   22.515357    8.794624    0.131876    7.240513
    0.636816    0.861285    0.000882   -0.003752    0.016762    -3126.895125     2685.204078   22.612828    8.836600    0.131876    7.240513
    0.639303    0.861269    0.000952   -0.004043    0.018049    -3142.732785     2698.079295   22.710297    8.878573    0.131876    7.240513
    0.641791    0.861251    0.001028   -0.004356    0.019432    -3158.635860     2710.948119   22.807764    8.920546    0.131876    7.240513
    0.644279    0.861231    0.001109   -0.004693    0.020916    -3174.609490     2723.810046   22.905229    8.962516    0.131876    7.240513
    0.646766    0.861211    0.001197   -0.005056    0.022509    -3190.659199     2736.664533   23.002691    9.004484    0.131876    7.240513
    0.649254    0.861188    0.001292   -0.005447    0.024219    -3206.790933     2749.510995   23.100151    9.046451    0.131876    7.240513
    0.651741    0.861164    0.001394   -0.005867    0.026055    -3223.011081     2762.348804   23.197609    9.088415    0.131876    7.240513
    0.654229    0.861138    0.001503   -0.006319    0.028024    -3239.326514     2775.177283   23.295064    9.130376    0.131876    7.240513
    0.656716    0.861110    0.001621   -0.006805    0.030136    -3255.744613     2787.995704   23.392515    9.172335    0.131876    7.240513
    0.659204    0.861080    0.001749   -0.007327    0.032402    -3272.273310     2800.803284   23.489963    9.214291    0.131876    7.240513
    0.661692    0.861047    0.001886   -0.007889    0.034833    -3288.921123     2813.599181   23.587408    9.256244    0.131876    7.240513
    0.664179    0.861012    0.002033   -0.008492    0.037438    -3305.697198     2826.382490   23.684849    9.298194    0.131876    7.240513
    0.666667    0.860974    0.002192   -0.009140    0.040231    -3322.611349     2839.152240   23.782286    9.340140    0.131876    7.240513
    0.669154    0.860933    0.002363   -0.009837    0.043225    -3339.674108     2851.907384   23.879718    9.382082    0.131876    7.240513
    0.671642    0.860888    0.002546   -0.010585    0.046433    -3356.896768     2864.646802   23.977145    9.424020    0.131876    7.240513
    0.674129    0.860841    0.002744   -0.011388    0.049869    -3374.291436     2877.369287   24.074568    9.465954    0.131876    7.240513
    0.676617    0.860789    0.002957   -0.012250    0.053550    -3391.871085     2890.073545   24.171984    9.507882    0.131876    7.240513
    0.679104    0.860734    0.003186   -0.013176    0.057491    -3409.649608     2902.758189   24.269395    9.549806    0.131876    7.240513
    0.681592    0.860675    0.003432   -0.014170    0.061709    -3427.641880     2915.421730   24.366799    9.591724    0.131876    7.240513
    0.684080    0.860610    0.003697   -0.015236    0.066224    -3445.863812     2928.062569   24.464196    9.633636    0.131876    7.240513
    0.686567    0.860541    0.003981   -0.016379    0.071054    -3464.332420     2940.678994   24.561586    9.675541    0.131876    7.240513
    0.689055    0.860467    0.004287   -0.017606    0.076220    -3483.065889     2953.269172   24.658967    9.717439    0.131876    7.240513
    0.691542    0.860387    0.004616   -0.018922    0.081743    -3502.083638     2965.831136   24.756340    9.759330    0.131876    7.240513
    0.694030    0.860300    0.004969   -0.020332    0.087646    -3521.406393     2978.362783   24.853703    9.801212    0.131876    7.240513
    0.696517    0.860208    0.005349   -0.021843    0.093952    -3541.056258     2990.861861   24.951057    9.843086    0.131876    7.240513
    0.699005    0.860108    0.005757   -0.023463    0.100688    -3561.056788     3003.325962   25.048399    9.884950    0.131876    7.240513
    0.701493    0.860000    0.006195   -0.025198    0.107878    -3581.433061     3015.752512   25.145729    9.926804    0.131876    7.240513
    0.703980    0.859884    0.006665   -0.027057    0.115550    -3602.211758     3028.138760   25.243047    9.968647    0.131876    7.240513
    0.706468    0.859760    0.007170   -0.029046    0.123734    -3623.421234     3040.481769   25.340352   10.010478    0.131876    7.240513
    0.708955    0.859626    0.007713   -0.031176    0.132457    -3645.091594     3052.778404   25.437641   10.052297    0.131876    7.240513
    0.711443    0.859482    0.008294   -0.033455    0.141753    -3667.254766     3065.025324   25.534915   10.094102    0.131876    7.240513
    0.713930    0.859327    0.008919   -0.035893    0.151651    -3689.944573     3077.218965   25.632172   10.135892    0.131876    7.240513
    0.716418    0.859160    0.009588   -0.038500    0.162186    -3713.196797     3089.355535   25.729411   10.177666    0.131876    7.240513
    0.718905    0.858981    0.010307   -0.041286    0.173392    -3737.049243     3101.430998   25.826631   10.219423    0.131876    7.240513
    0.721393    0.858789    0.011077   -0.044264    0.185302    -3761.541798     3113.441063   25.923829   10.261162    0.131876    7.240513
    0.723881    0.858582    0.011902   -0.047445    0.197954    -3786.716472     3125.381173   26.021005   10.302881    0.131876    7.240513
    0.726368    0.858359    0.012787   -0.050841    0.211382    -3812.617445     3137.246491   26.118156   10.344579    0.131876    7.240513
    0.728856    0.858121    0.013735   -0.054466    0.225623    -3839.291084     3149.031892   26.215281   10.386253    0.131876    7.240513
    0.731343    0.857864    0.014751   -0.058333    0.240714    -3866.785964     3160.731947   26.312379   10.427904    0.131876    7.240513
    0.733831    0.857589    0.015838   -0.062456    0.256691    -3895.152854     3172.340915   26.409446   10.469527    0.131876    7.240513
    0.736318    0.857293    0.017002   -0.066851    0.273590    -3924.444700     3183.852731   26.506481   10.511123    0.131876    7.240513
    0.738806    0.856976    0.018248   -0.071532    0.291446    -3954.716569     3195.261000   26.603481   10.552688    0.131876    7.240513
    0.741294    0.856636    0.019581   -0.076515    0.310294    -3986.025582     3206.558981   26.700444   10.594220    0.131876    7.240513
    0.743781    0.856270    0.021006   -0.081817    0.330164    -4018.430803     3217.739588   26.797368   10.635716    0.131876    7.240513
    0.746269    0.855878    0.022530   -0.087454    0.351087    -4051.993107     3228.795379   26.894248   10.677175    0.131876    7.240513
    0.748756    0.855458    0.024158   -0.093445    0.373091    -4086.774998     3239.718552   26.991082   10.718593    0.131876    7.240513
    0.751244    0.855007    0.025898   -0.099806    0.396199    -4122.840396     3250.500946   27.087868   10.759967    0.131876    7.240513
    0.753731    0.854525    0.027756   -0.106556    0.420431    -4160.254373     3261.134039   27.184600   10.801294    0.131876    7.240513
    0.756219    0.854007    0.029739   -0.113714    0.445801    -4199.082837     3271.608953   27.281276   10.842570    0.131876    7.240513
    0.758706    0.853453    0.031855   -0.121296    0.472318    -4239.392170     3281.916459   27.377891   10.883793    0.131876    7.240513
    0.761194    0.852859    0.034111   -0.129322    0.499986    -4281.248800     3292.046988   27.474441   10.924957    0.131876    7.240513
    0.763682    0.852223    0.036516   -0.137811    0.528798    -4324.718721     3301.990646   27.570922   10.966058    0.131876    7.240513
    0.766169    0.851543    0.039078   -0.146780    0.558743    -4369.866945     3311.737230   27.667328   11.007092    0.131876    7.240513
    0.768657    0.850815    0.041806   -0.156248    0.589797    -4416.756893     3321.276253   27.763655   11.048055    0.131876    7.240513
    0.771144    0.850036    0.044710   -0.166230    0.621929    -4465.449721     3330.596972   27.859896   11.088940    0.131876    7.240513
    0.773632    0.849204    0.047798   -0.176745    0.655093    -4516.003583     3339.688423   27.956046   11.129742    0.131876    7.240513
    0.776119    0.848314    0.051080   -0.187808    0.689235    -4568.472831     3348.539458   28.052099   11.170455    0.131876    7.240513
    0.778607    0.847363    0.054566   -0.199432    0.724285    -4622.907162     3357.138792   28.148048   11.211073    0.131876    7.240513
    0.781095    0.846348    0.058267   -0.211633    0.760161    -4679.350710     3365.475056   28.243885   11.251589    0.131876    7.240513
    0.783582    0.845264    0.062193   -0.224420    0.796767    -4737.841099     3373.536851   28.339604   11.291996    0.131876    7.240513
    0.786070    0.844108    0.066355   -0.237804    0.833992    -4798.408468     3381.312818   28.435196   11.332285    0.131876    7.240513
    0.788557    0.842874    0.070763   -0.251793    0.871710    -4861.074468     3388.791703   28.530653   11.372449    0.131876    7.240513
    0.791045    0.841559    0.075429   -0.266391    0.909779    -4925.851266     3395.962434   28.625965   11.412480    0.131876    7.240513
    0.793532    0.840158    0.080363   -0.281603    0.948044    -4992.740566     3402.814203   28.721124   11.452366    0.131876    7.240513
    0.796020    0.838666    0.085577   -0.297427    0.986335    -5061.732658     3409.336552   28.816120   11.492100    0.131876    7.240513
    0.798507    0.837077    0.091081   -0.313862    1.024469    -5132.805538     3415.519460   28.910941   11.531669    0.131876    7.240513
    0.800995    0.835388    0.096886   -0.330901    1.062250    -5205.924104     3421.353436   29.005576   11.571064    0.131876    7.240513
    0.803483    0.833591    0.103004   -0.348534    1.099472    -5281.039463     3426.829612   29.100015   11.610272    0.131876    7.240513
    0.805970    0.831682    0.109445   -0.366748    1.135920    -5358.088376     3431.939839   29.194244   11.649280    0.131876    7.240513
    0.808458    0.829654    0.116219   -0.385527    1.171373    -5436.992860     3436.676774   29.288250   11.688076    0.131876    7.240513
    0.810945    0.827503    0.123336   -0.404850    1.205604    -5517.659971     3441.033975   29.382019   11.726646    0.131876    7.240513
    0.813433    0.825221    0.130806   -0.424692    1.238387    -5599.981793     3445.005982   29.475538   11.764976    0.131876    7.240513
    0.815920    0.822802    0.138637   -0.445027    1.269498    -5683.835653     3448.588395   29.568791   11.803049    0.131876    7.240513
    0.818408    0.820241    0.146839   -0.465822    1.298716    -5769.084561     3451.777945   29.661762   11.840850    0.131876    7.240513
    0.820896    0.817529    0.155420   -0.487041    1.325830    -5855.577896     3454.572555   29.754435   11.878363    0.131876    7.240513
    0.823383    0.814662    0.164386   -0.508647    1.350640    -5943.152337     3456.971388   29.846793   11.915569    0.131876    7.240513
    0.825871    0.811632    0.173745   -0.530598    1.372963    -6031.633026     3458.974882   29.938816   11.952451    0.131876    7.240513
    0.828358    0.808433    0.183501   -0.552850    1.392633    -6120.834959     3460.584773   30.030488   11.988989    0.131876    7.240513
    0.830846    0.805057    0.193661   -0.575355    1.409506    -6210.564573     3461.804102   30.121787   12.025165    0.131876    7.240513
    0.833333    0.801498    0.204228   -0.598065    1.423462    -6300.621521     3462.637207   30.212694   12.060957    0.131876    7.240513
    0.835821    0.797749    0.215206   -0.620930    1.434407    -6390.800584     3463.089700   30.303187   12.096346    0.131876    7.240513
    0.838308    0.793803    0.226596   -0.643897    1.442274    -6480.893689     3463.168425   30.393246   12.131309    0.131876    7.240513
    0.840796    0.789654    0.238401   -0.666916    1.447026    -6570.691993     3462.881408   30.482846   12.165825    0.131876    7.240513
    0.843284    0.785294    0.250620   -0.689934    1.448657    -6659.987986     3462.237785   30.571964   12.199872    0.131876    7.240513
    0.845771    0.780718    0.263254   -0.712898    1.447187    -6748.577569     3461.247726   30.660578   12.233426    0.131876    7.240513
    0.848259    0.775918    0.276300   -0.735758    1.442668    -6836.262061     3459.922336   30.748660   12.266466    0.131876    7.240513
    0.850746    0.770889    0.289757   -0.758465    1.435178    -6922.850096     3458.273560   30.836187   12.298967    0.131876    7.240513
    0.853234    0.765624    0.303620   -0.780971    1.424821    -7008.159368     3456.314070   30.923131   12.330907    0.131876    7.240513
    0.855721    0.760117    0.317888   -0.803229    1.411726    -7092.018197     3454.057152   31.009466   12.362262    0.131876    7.240513
    0.858209    0.754363    0.332553   -0.825198    1.396040    -7174.266883     3451.516587   31.095164   12.393009    0.131876    7.240513
    0.860697    0.748355    0.347611   -0.846836    1.377931    -7254.758832     3448.706531   31.180196   12.423125    0.131876    7.240513
    0.863184    0.742090    0.363056   -0.868107    1.357582    -7333.361444     3445.641399   31.264533   12.452589    0.131876    7.240513
    0.865672    0.735561    0.378880   -0.888978    1.335185    -7409.956751     3442.335748   31.348147   12.481377    0.131876    7.240513
    0.868159    0.728764    0.395076   -0.909418    1.310945    -7484.441815     3438.804162   31.431007   12.509469    0.131876    7.240513
    0.870647    0.721695    0.411637   -0.929400    1.285068    -7556.728888     3435.061154   31.513082   12.536844    0.131876    7.240513
    0.873134    0.714350    0.428553   -0.948902    1.257765    -7626.745350     3431.121060   31.594342   12.563482    0.131876    7.240513
    0.875622    0.706725    0.445816   -0.967905    1.229245    -7694.433442     3426.997953   31.674755   12.589364    0.131876    7.240513
    0.878109    0.698816    0.463416   -0.986392    1.199715    -7759.749821     3422.705562   31.754288   12.614474    0.131876    7.240513
    0.880597    0.690622    0.481345   -1.004351    1.169375    -7822.664954     3418.257194   31.832911   12.638795    0.131876    7.240513
    0.883085    0.682138    0.499592   -1.021774    1.138418    -7883.162380     3413.665682   31.910590   12.662313    0.131876    7.240513
    0.885572    0.673364    0.518148   -1.038653    1.107030    -7941.237870     3408.943319   31.987292   12.685014    0.131876    7.240513
    0.888060    0.664297    0.537004   -1.054988    1.075382    -7996.898505     3404.101828   32.062985   12.706886    0.131876    7.240513
    0.890547    0.654936    0.556148   -1.070776    1.043636    -8050.161698     3399.152317   32.137635   12.727921    0.131876    7.240513
    0.893035    0.645280    0.575572   -1.086021    1.011942    -8101.054188     3394.105257   32.211209   12.748111    0.131876    7.240513
    0.895522    0.635328    0.595266   -1.100728    0.980437    -8149.611017     3388.970465   32.283674   12.767449    0.131876    7.240513
    0.898010    0.625081    0.615220   -1.114903    0.949243    -8195.874522     3383.757093   32.354996   12.785932    0.131876    7.240513
    0.900498    0.614538    0.635425   -1.128554    0.918472    -8239.893343     3378.473622   32.425141   12.803559    0.131876    7.240513
    0.902985    0.603701    0.655870   -1.141692    0.888220    -8281.721469     3373.127865   32.494077   12.820330    0.131876    7.240513
    0.905473    0.592570    0.676548   -1.154329    0.858574    -8321.417332     3367.726973   32.561769   12.836247    0.131876    7.240513
    0.907960    0.581148    0.697449   -1.166476    0.829607    -8359.042957     3362.277448   32.628186   12.851317    0.131876    7.240513
    0.910448    0.569435    0.718565   -1.178149    0.801382    -8394.663165     3356.785155   32.693293   12.865546    0.131876    7.240513
    0.912935    0.557435    0.739886   -1.189362    0.773951    -8428.344845     3351.255341   32.757058   12.878943    0.131876    7.240513
    0.915423    0.545150    0.761406   -1.200129    0.747355    -8460.156296     3345.692656   32.819449   12.891521    0.131876    7.240513
    0.917910    0.532583    0.783115   -1.210467    0.721630    -8490.166625     3340.101173   32.880434   12.903293    0.131876    7.240513
    0.920398    0.519737    0.805007   -1.220391    0.696800    -8518.445215     3334.484410   32.939981   12.914276    0.131876    7.240513
    0.922886    0.506618    0.827074   -1.229918    0.672884    -8545.061260     3328.845357   32.998059   12.924488    0.131876    7.240513
    0.925373    0.493228    0.849310   -1.239064    0.649892    -8570.083350     3323.186497   33.054637   12.933948    0.131876    7.240513
    0.927861    0.479573    0.871706   -1.247846    0.627833    -8593.579126     3317.509833   33.109684   12.942680    0.131876    7.240513
    0.930348    0.465657    0.894258   -1.256280    0.606705    -8615.614975     3311.816909   33.163172   12.950706    0.131876    7.240513
    0.932836    0.451486    0.916959   -1.264383    0.586506    -8636.255784     3306.108835   33.215070   12.958052    0.131876    7.240513
    0.935323    0.437066    0.939802   -1.272169    0.567229    -8655.564732     3300.386312   33.265350   12.964746    0.131876    7.240513
    0.937811    0.422402    0.962783   -1.279655    0.548863    -8673.603126     3294.649652   33.313984   12.970815    0.131876    7.240513
    0.940299    0.407502    0.985897   -1.286857    0.531396    -8690.430272     3288.898797   33.360946   12.976290    0.131876    7.240513
    0.942786    0.392370    1.009137   -1.293789    0.514810    -8706.103384     3283.133347   33.406208   12.981201    0.131876    7.240513
    0.945274    0.377016    1.032501   -1.300466    0.499090    -8720.677506     3277.352569   33.449745   12.985580    0.131876    7.240513
    0.947761    0.361444    1.055982   -1.306903    0.484217    -8734.205483     3271.555426   33.491532   12.989459    0.131876    7.240513
    0.950249    0.345665    1.079577   -1.313113    0.470169    -8746.737930     3265.740588   33.531545   12.992871    0.131876    7.240513
    0.952736    0.329684    1.103282   -1.319111    0.456927    -8758.323235     3259.906448   33.569760   12.995848    0.131876    7.240513
    0.955224    0.313511    1.127094   -1.324909    0.444467    -8769.007575     3254.051142   33.606157   12.998425    0.131876    7.240513
    0.957711    0.297153    1.151008   -1.330521    0.432767    -8778.834940     3248.172561   33.640712   13.000634    0.131876    7.240513
    0.960199    0.280619    1.175021   -1.335958    0.421801    -8787.847174     3242.268365   33.673406   13.002509    0.131876    7.240513
    0.962687    0.263918    1.199131   -1.341233    0.411544    -8796.084025     3236.335998   33.704220   13.004081    0.131876    7.240513
    0.965174    0.247059    1.223335   -1.346357    0.401966    -8803.583202     3230.372695   33.733134   13.005382    0.131876    7.240513
    0.967662    0.230051    1.247629   -1.351342    0.393036    -8810.380434     3224.375502   33.760132   13.006443    0.131876    7.240513
    0.970149    0.212904    1.272013   -1.356199    0.384715    -8816.509543     3218.341282   33.785198   13.007293    0.131876    7.240513
    0.972637    0.195628    1.296482   -1.360937    0.376956    -8822.002515     3212.266726   33.808315   13.007962    0.131876    7.240513
    0.975124    0.178232    1.321036   -1.365568    0.369695    -8826.889576     3206.148366   33.829471   13.008475    0.131876    7.240513
    0.977612    0.160726    1.345673   -1.370100    0.362838    -8831.199275     3199.982583   33.848651   13.008859    0.131876    7.240513
    0.980100    0.143122    1.370390   -1.374542    0.356235    -8834.958567     3193.765621   33.865845   13.009135    0.131876    7.240513
    0.982587    0.125428    1.395187   -1.378901    0.349627    -8838.192908     3187.493589   33.881042   13.009327    0.131876    7.240513
    0.985075    0.107657    1.420061   -1.383181    0.342528    -8840.926354     3181.162482   33.894231   13.009452    0.131876    7.240513
    0.987562    0.089818    1.445012   -1.387378    0.333973    -8843.181675     3174.768180   33.905406   13.009529    0.131876    7.240513
    0.990050    0.071923    1.470037   -1.391473    0.321920    -8844.980497     3168.306468   33.914558   13.009571    0.131876    7.240513
    0.992537    0.053982    1.495135   -1.395412    0.301867    -8846.343498     3161.773036   33.921683   13.009592    0.131876    7.240513
    0.995025    0.036007    1.520302   -1.399048    0.263493    -8847.290709     3155.163499   33.926775   13.009599    0.131876    7.240513
    0.997512    0.018009    1.545528   -1.402014    0.182456    -8847.842113     3148.473403   33.929832   13.009601    0.131876    7.240513
    1.000000    0.000000    1.570796   -1.403392    0.000000    -8848.019529     3141.698235   33.930851   13.009601    0.131876    7.240513
