           t           r         psi          cs          qs               p             sig           A           V          Q2           S
    0.000000    0.000000   -1.570796   -0.360838    0.000000    -2841.014185     4026.220895   -0.000000    0.000000    0.158661    5.799330
    0.009804    0.056852   -1.549878   -0.378795    0.645739    -2845.681549     3830.838775    0.010155    0.000003    0.158661    5.799330
    0.019608    0.113678   -1.527547   -0.407644    0.796587    -2861.261744     3643.112706    0.040616    0.000049    0.158661    5.799330
    0.029412    0.170446   -1.503414   -0.442358    0.946556    -2890.525103     3461.964838    0.091369    0.000256    0.158661    5.799330
    0.039216    0.227118   -1.477106   -0.484491    1.138286    -2937.140063     3286.451080    0.162385    0.000835    0.158661    5.799330
    0.049020    0.283641   -1.448132   -0.536652    1.393927    -3006.095840     3115.792368    0.253621    0.002108    0.158661    5.799330
    0.058824    0.339950   -1.415822   -0.602597    1.741564    -3104.299065     2949.427606    0.365014    0.004529    0.158661    5.799330
    0.068627    0.395956   -1.379247   -0.687760    2.221915    -3241.466354     2787.103294    0.496471    0.008719    0.158661    5.799330
    0.078431    0.451534   -1.337102   -0.800084    2.894811    -3431.478214     2629.026454    0.647864    0.015510    0.158661    5.799330
    0.088235    0.506506   -1.287535   -0.951202    3.845678    -3694.417740     2476.128783    0.819010    0.026008    0.158661    5.799330
    0.098039    0.560608   -1.227891   -1.157846    5.184664    -4059.510304     2330.528888    1.009647    0.041687    0.158661    5.799330
    0.107843    0.613432   -1.154397   -1.442522    7.011138    -4568.803580     2196.347641    1.219399    0.064504    0.158661    5.799330
    0.117647    0.664339   -1.061903   -1.829954    9.268274    -5279.616751     2081.133629    1.447703    0.097030    0.158661    5.799330
    0.127451    0.712319   -0.944139   -2.330045   11.355415    -6257.479938     1998.225083    1.693707    0.142500    0.158661    5.799330
    0.137255    0.755831   -0.795668   -2.893368   11.534308    -7535.209740     1970.023200    1.956108    0.204520    0.158661    5.799330
    0.147059    0.792780   -0.617092   -3.348497    7.146678    -8997.335273     2030.110568    2.232949    0.285976    0.158661    5.799330
    0.156863    0.820987   -0.422252   -3.419482   -2.362074   -10223.595844     2216.993965    2.521485    0.387011    0.158661    5.799330
    0.166667    0.839292   -0.238802   -2.947328  -12.004596   -10596.167825     2550.872851    2.818337    0.503629    0.158661    5.799330
    0.176471    0.848481   -0.094154   -2.109612  -15.715412    -9877.362014     3007.319898    3.120047    0.629254    0.158661    5.799330
    0.186275    0.850900    0.000901   -1.255981  -13.579493    -8504.287091     3525.256177    3.423749    0.758183    0.158661    5.799330
    0.196078    0.849204    0.052544   -0.600255   -9.401358    -7110.478030     4045.009174    3.727507    0.887254    0.158661    5.799330
    0.205882    0.845508    0.073528   -0.172723   -5.679414    -6071.263521     4532.103118    4.030250    1.015261    0.158661    5.799330
    0.215686    0.841207    0.075576    0.075905   -3.038410    -5481.628738     4975.525631    4.331533    1.141943    0.158661    5.799330
    0.225490    0.837118    0.067191    0.202918   -1.333095    -5293.586179     5377.432416    4.631299    1.267387    0.158661    5.799330
    0.235294    0.833662    0.053963    0.252375   -0.288308    -5416.557759     5745.210855    4.929709    1.391791    0.158661    5.799330
    0.245098    0.831009    0.039384    0.254501    0.318433    -5761.539156     6087.343927    5.227026    1.515379    0.158661    5.799330
    0.254902    0.829171    0.025535    0.229404    0.639155    -6254.499079     6411.676575    5.523543    1.638371    0.158661    5.799330
    0.264706    0.828070    0.013558    0.190424    0.773585    -6837.653400     6724.840006    5.819537    1.760973    0.158661    5.799330
    0.274510    0.827584    0.003975    0.146402    0.787698    -7467.181745     7032.155428    6.115252    1.883361    0.158661    5.799330
    0.284314    0.827570   -0.003104    0.103106    0.726524    -8110.548780     7337.710556    6.410882    2.005684    0.158661    5.799330
    0.294118    0.827892   -0.007832    0.064127    0.621943    -8744.324783     7644.487631    6.706571    2.128054    0.158661    5.799330
    0.303922    0.828422   -0.010517    0.031460    0.497098    -9352.571327     7954.502964    7.002415    2.250550    0.158661    5.799330
    0.313725    0.829056   -0.011545    0.005923    0.368779    -9925.611128     8268.949168    7.298471    2.373218    0.158661    5.799330
    0.323529    0.829711   -0.011325   -0.012520    0.248723   -10458.980158     8588.339989    7.594759    2.496078    0.158661    5.799330
    0.333333    0.830328   -0.010244   -0.024490    0.144414   -10952.422663     8912.657014    7.891275    2.619129    0.158661    5.799330
    0.343137    0.830867   -0.008645   -0.030960    0.059775   -11408.873145     9241.494342    8.187998    2.742354    0.158661    5.799330
    0.352941    0.831306   -0.006807   -0.033064   -0.004135   -11833.440559     9574.194729    8.484897    2.865725    0.158661    5.799330
    0.362745    0.831640   -0.004946   -0.031953   -0.048368   -12232.451920     9909.970046    8.781934    2.989214    0.158661    5.799330
    0.372549    0.831871   -0.003214   -0.028686   -0.075356   -12612.621815    10248.000333    9.079072    3.112787    0.158661    5.799330
    0.382353    0.832010   -0.001707   -0.024172   -0.088246   -12980.398342    10587.508356    9.376275    3.236415    0.158661    5.799330
    0.392157    0.832071   -0.000475   -0.019137   -0.090379   -13341.507414    10927.809570    9.673513    3.360073    0.158661    5.799330
    0.401961    0.832069    0.000469   -0.014123   -0.084915   -13700.688537    11268.339904    9.970762    3.483740    0.158661    5.799330
    0.411765    0.832022    0.001138   -0.009504   -0.074611   -14061.593826    11608.665356   10.268002    3.607399    0.158661    5.799330
    0.421569    0.831945    0.001562   -0.005509   -0.061710   -14426.811161    11948.478068   10.565218    3.731039    0.158661    5.799330
    0.431373    0.831849    0.001779   -0.002253   -0.047925   -14797.970684    12287.583384   10.862404    3.854652    0.158661    5.799330
    0.441176    0.831745    0.001833    0.000235   -0.034477   -15175.898511    12625.881780   11.159553    3.978236    0.158661    5.799330
    0.450980    0.831643    0.001766    0.001987   -0.022162   -15560.789235    12963.348739   11.456666    4.101789    0.158661    5.799330
    0.460784    0.831546    0.001620    0.003073   -0.011428   -15952.377155    13300.014711   11.753743    4.225313    0.158661    5.799330
    0.470588    0.831459    0.001428    0.003585   -0.002454   -16350.093624    13635.946599   12.050787    4.348809    0.158661    5.799330
    0.480392    0.831384    0.001221    0.003621    0.004778   -16753.203840    13971.231537   12.347802    4.472281    0.158661    5.799330
    0.490196    0.831320    0.001023    0.003274    0.010426   -17160.920704    14305.963273   12.644792    4.595733    0.158661    5.799330
    0.500000    0.831267    0.000854    0.002630    0.014739   -17572.496217    14640.231161   12.941761    4.719167    0.158661    5.799330
    0.509804    0.831222    0.000728    0.001760    0.018020   -17987.292703    14974.111524   13.238713    4.842586    0.158661    5.799330
    0.519608    0.831183    0.000657    0.000716    0.020602   -18404.837096    15307.661039   13.535650    4.965994    0.158661    5.799330
    0.529412    0.831146    0.000650   -0.000466    0.022828   -18824.862036    15640.911703   13.832574    5.089390    0.158661    5.799330
    0.539216    0.831108    0.000713   -0.001771    0.025039   -19247.337653    15973.866935   14.129484    5.212775    0.158661    5.799330
    0.549020    0.831064    0.000853   -0.003201    0.027577   -19672.497889    16306.498329   14.426380    5.336148    0.158661    5.799330
    0.558824    0.831009    0.001079   -0.004777    0.030776   -20100.865059    16638.742595   14.723258    5.459507    0.158661    5.799330
    0.568627    0.830939    0.001400   -0.006540    0.034974   -20533.276149    16970.498258   15.020114    5.582847    0.158661    5.799330
    0.578431    0.830848    0.001828   -0.008547    0.040518   -20970.914092    17301.621664   15.316942    5.706163    0.158661    5.799330
    0.588235    0.830729    0.002378   -0.010877    0.047775   -21415.346976    17631.921905   15.613732    5.829448    0.158661    5.799330
    0.598039    0.830575    0.003073   -0.013627    0.057142   -21868.577733    17961.154263   15.910473    5.952693    0.158661    5.799330
    0.607843    0.830377    0.003938   -0.016918    0.069062   -22333.106387    18289.011827   16.207152    6.075885    0.158661    5.799330
    0.617647    0.830123    0.005009   -0.020893    0.084035   -22812.006152    18615.114953   16.503751    6.199010    0.158661    5.799330
    0.627451    0.829802    0.006330   -0.025724    0.102632   -23309.013611    18938.998295   16.800247    6.322049    0.158661    5.799330
    0.637255    0.829398    0.007954   -0.031614    0.125502   -23828.631511    19260.095239   17.096615    6.444980    0.158661    5.799330
    0.647059    0.828891    0.009949   -0.038800    0.153379   -24376.240271    19577.719697   17.392820    6.567775    0.158661    5.799330
    0.656863    0.828258    0.012396   -0.047560    0.187085   -24958.210676    19891.045458   17.688822    6.690399    0.158661    5.799330
    0.666667    0.827471    0.015393   -0.058214    0.227508   -25582.005214    20199.083629   17.984572    6.812810    0.158661    5.799330
    0.676471    0.826495    0.019059   -0.071127    0.275582   -26256.248709    20500.659218   18.280008    6.934955    0.158661    5.799330
    0.686275    0.825288    0.023532   -0.086711    0.332234   -26990.740380    20794.388592   18.575055    7.056769    0.158661    5.799330
    0.696078    0.823801    0.028978   -0.105418    0.398303   -27796.369524    21078.660473   18.869623    7.178173    0.158661    5.799330
    0.705882    0.821972    0.035588   -0.127739    0.474427   -28684.887187    21351.624242   19.163600    7.299070    0.158661    5.799330
    0.715686    0.819729    0.043582   -0.154181    0.560891   -29668.479060    21611.190522   19.456853    7.419340    0.158661    5.799330
    0.725490    0.816987    0.053208   -0.185249    0.657443   -30759.085233    21855.050100   19.749217    7.538836    0.158661    5.799330
    0.735294    0.813645    0.064743   -0.221409    0.763077   -31967.426770    22080.717817   20.040498    7.657382    0.158661    5.799330
    0.745098    0.809588    0.078489   -0.263041    0.875840   -33301.734913    22285.607508   20.330462    7.774760    0.158661    5.799330
    0.754902    0.804682    0.094763   -0.310391    0.992676   -34766.241356    22467.141858   20.618829    7.890712    0.158661    5.799330
    0.764706    0.798775    0.113893   -0.363507    1.109396   -36359.576174    22622.896449   20.905269    8.004926    0.158661    5.799330
    0.774510    0.791700    0.136204   -0.422188    1.220817   -38073.319102    22750.770374   21.189395    8.117035    0.158661    5.799330
    0.784314    0.783271    0.161998   -0.485943    1.321135   -39891.028898    22849.167390   21.470758    8.226611    0.158661    5.799330
    0.794118    0.773291    0.191543   -0.553978    1.404501   -41788.091133    22917.163647   21.748839    8.333161    0.158661    5.799330
    0.803922    0.761553    0.225053   -0.625221    1.465763   -43732.637367    22954.633666   22.023047    8.436131    0.158661    5.799330
    0.813725    0.747845    0.262674   -0.698378    1.501197   -45687.588617    22962.308119   22.292715    8.534910    0.158661    5.799330
    0.823529    0.731957    0.304476   -0.772034    1.509085   -47613.604684    22941.746611   22.557104    8.628849    0.158661    5.799330
    0.833333    0.713690    0.350447   -0.844771    1.489960   -49472.467670    22895.224216   22.815398    8.717277    0.158661    5.799330
    0.843137    0.692860    0.400495   -0.915277    1.446475   -51230.294276    22825.547806   23.066713    8.799535    0.158661    5.799330
    0.852941    0.669308    0.454462   -0.982450    1.382927   -52860.016706    22735.831509   23.310106    8.875007    0.158661    5.799330
    0.862745    0.642906    0.512132   -1.045457    1.304577   -54342.778538    22629.265838   23.544578    8.943167    0.158661    5.799330
    0.872549    0.613561    0.573254   -1.103760    1.216931   -55668.174174    22508.911409   23.769096    9.003611    0.158661    5.799330
    0.882353    0.581222    0.637549   -1.157106    1.125144   -56833.513024    22377.537972   23.982596    9.056105    0.158661    5.799330
    0.892157    0.545881    0.704737   -1.205485    1.033613   -57842.439050    22237.517184   24.184007    9.100607    0.158661    5.799330
    0.901961    0.507575    0.774537   -1.249086    0.945787   -58703.265990    22090.766782   24.372262    9.137293    0.158661    5.799330
    0.911765    0.466387    0.846689   -1.288237    0.864152   -59427.327899    21938.736866   24.546314    9.166557    0.158661    5.799330
    0.921569    0.422444    0.920950   -1.323360    0.790333   -60027.541878    21782.426205   24.705156    9.189004    0.158661    5.799330
    0.931373    0.375916    0.997104   -1.354924    0.725264   -60517.276751    21622.416887   24.847832    9.205420    0.158661    5.799330
    0.941176    0.327014    1.074963   -1.383422    0.669356   -60909.542187    21458.917861   24.973456    9.216729    0.158661    5.799330
    0.950980    0.275987    1.154367   -1.409345    0.622665   -61216.464278    21291.810901   25.081222    9.223939    0.158661    5.799330
    0.960784    0.223120    1.235183   -1.433170    0.585011   -61448.992029    21120.695286   25.170422    9.228073    0.158661    5.799330
    0.970588    0.168729    1.317305   -1.455357    0.556027   -61616.776890    20944.929753   25.240454    9.230104    0.158661    5.799330
    0.980392    0.113161    1.400653   -1.476341    0.534928   -61728.178059    20763.671886   25.290835    9.230879    0.158661    5.799330
    0.990196    0.056787    1.485169   -1.496535    0.516982   -61790.372140    20575.916075   25.321209    9.231062    0.158661    5.799330
    1.000000   -0.000000    1.570796   -1.513518    0.000000   -61809.665421    20380.531677   25.331358    9.231074    0.158661    5.799330
