           t           r         psi          cs          qs               p             sig           A           V          Q2           S
    0.000000   -0.000000   -1.570796    2.674891    0.000000        4.442163        0.488189    0.000000    0.000000    0.102241    9.803135
    0.009804    0.095055   -1.827734    2.669947    0.157235        4.552187        0.106558    0.028859   -0.000175    0.102241    9.803135
    0.019608    0.183887   -2.083448    2.647392    0.465536        4.921306       -0.257431    0.113546   -0.002622    0.102241    9.803135
    0.029412    0.260819   -2.335608    2.593374    0.954758        5.597471       -0.611246    0.248545   -0.011863    0.102241    9.803135
    0.039216    0.321309   -2.580342    2.489175    1.669861        6.602289       -0.960533    0.425227   -0.032074    0.102241    9.803135
    0.049020    0.362515   -2.811628    2.308245    2.671867        7.906546       -1.308637    0.632707   -0.064297    0.102241    9.803135
    0.058824    0.383753   -3.020352    2.011943    4.041898        9.420089       -1.656880    0.859016   -0.105606    0.102241    9.803135
    0.068627    0.386751   -3.192870    1.543396    5.893723       11.016871       -2.005340    1.092494   -0.150664    0.102241    9.803135
    0.078431    0.375723   -3.308908    0.820747    8.391511       12.587867       -2.353707    1.323272   -0.194451    0.102241    9.803135
    0.088235    0.357469   -3.339233   -0.256526   11.694727       14.085552       -2.701843    1.544796   -0.234351    0.102241    9.803135
    0.098039    0.341863   -3.246620   -1.729025   15.470760       15.528847       -3.049892    1.755510   -0.270615    0.102241    9.803135
    0.107843    0.342272   -3.002169   -3.329256   17.567201       16.959407       -3.397969    1.960893   -0.305453    0.102241    9.803135
    0.117647    0.372287   -2.625026   -4.369360   14.784822       18.357131       -3.746039    2.174914   -0.341200    0.102241    9.803135
    0.127451    0.436011   -2.192375   -4.503043    8.672786       19.578055       -4.095011    2.417415   -0.376839    0.102241    9.803135
    0.137255    0.523512   -1.775663   -4.127112    3.580461       20.373611       -4.448007    2.706326   -0.403468    0.102241    9.803135
    0.147059    0.619053   -1.401831   -3.654570    0.632426       20.383807       -4.807664    3.051279   -0.403832    0.102241    9.803135
    0.156863    0.709328   -1.071572   -3.228318   -0.962294       19.035764       -5.165710    3.452890   -0.358801    0.102241    9.803135
    0.166667    0.785672   -0.779623   -2.852769   -2.025550       15.512864       -5.479148    3.905133   -0.256164    0.102241    9.803135
    0.176471    0.843549   -0.522908   -2.486357   -3.094792        9.377422       -5.624983    4.398041   -0.095820    0.102241    9.803135
    0.186275    0.881760   -0.303222   -2.072829   -4.391615        2.826324       -5.363225    4.919947    0.110807    0.102241    9.803135
    0.196078    0.901888   -0.127352   -1.571670   -5.599524        1.971475       -4.464859    5.459326    0.346078    0.102241    9.803135
    0.205882    0.907722   -0.003307   -1.004766   -5.964797        8.922327       -3.059743    6.006311    0.593193    0.102241    9.803135
    0.215686    0.904267    0.066488   -0.459834   -5.163442       16.542640       -1.617091    6.553752    0.841124    0.102241    9.803135
    0.225490    0.896483    0.088723   -0.026846   -3.615662       19.372101       -0.455835    7.097569    1.085184    0.102241    9.803135
    0.235294    0.888330    0.076726    0.249194   -1.905676       17.729185        0.398077    7.636409    1.324723    0.102241    9.803135
    0.245098    0.882351    0.045891    0.367997   -0.422418       13.541972        1.041164    8.170891    1.560788    0.102241    9.803135
    0.254902    0.879667    0.010123    0.358260    0.642756        8.249447        1.577385    8.702733    1.794887    0.102241    9.803135
    0.264706    0.880227   -0.020247    0.263520    1.230808        2.737435        2.090668    9.233961    2.028536    0.102241    9.803135
    0.274510    0.883192   -0.039317    0.130711    1.371850       -2.368461        2.646128    9.766309    2.263068    0.102241    9.803135
    0.284314    0.887366   -0.045488    0.001129    1.159256       -6.533618        3.292182   10.300874    2.499451    0.102241    9.803135
    0.294118    0.891576   -0.040595   -0.095839    0.729522       -9.327042        4.057160   10.838024    2.738122    0.102241    9.803135
    0.303922    0.894938   -0.028584   -0.145940    0.237277      -10.574434        4.943110   11.377495    2.978943    0.102241    9.803135
    0.313725    0.896989   -0.014035   -0.149863   -0.179980      -10.503597        5.924287   11.918613    3.221329    0.102241    9.803135
    0.323529    0.897682   -0.000881   -0.119511   -0.437060       -9.694676        6.956245   12.460553    3.464500    0.102241    9.803135
    0.333333    0.897285    0.008386   -0.071915   -0.516016       -8.819876        7.992658   13.002562    3.707739    0.102241    9.803135
    0.343137    0.896224    0.012911   -0.023182   -0.452856       -8.372702        8.999975   13.544109    3.950551    0.102241    9.803135
    0.352941    0.894940    0.013174    0.015400   -0.308620       -8.562303        9.962974   14.084927    4.192704    0.102241    9.803135
    0.362745    0.893787    0.010451    0.038548   -0.143012       -9.364381       10.882100   14.624994    4.434189    0.102241    9.803135
    0.372549    0.892978    0.006266    0.046153    0.000387      -10.626257       11.767397   15.164462    4.675147    0.102241    9.803135
    0.382353    0.892586    0.001974    0.041521    0.098102      -12.154431       12.632715   15.703567    4.915787    0.102241    9.803135
    0.392157    0.892571   -0.001478    0.029491    0.144320      -13.767670       13.491587   16.242553    5.156323    0.102241    9.803135
    0.401961    0.892827   -0.003615    0.014912    0.145801      -15.324240       14.354759   16.781619    5.396929    0.102241    9.803135
    0.411765    0.893222   -0.004387    0.001633    0.116321      -16.733805       15.229021   17.320887    5.637715    0.102241    9.803135
    0.421569    0.893635   -0.004048   -0.007978    0.071701      -17.959210       16.117053   17.860405    5.878724    0.102241    9.803135
    0.431373    0.893977   -0.003000   -0.013058    0.025978      -19.009707       17.018038   18.400155    6.119940    0.102241    9.803135
    0.441176    0.894203   -0.001672   -0.013961   -0.010957      -19.927161       17.928796   18.940077    6.361312    0.102241    9.803135
    0.450980    0.894301   -0.000415   -0.011796   -0.034183      -20.768641       18.845104   19.480096    6.602771    0.102241    9.803135
    0.460784    0.894292    0.000542   -0.007958   -0.043244      -21.590045       19.762875   20.020141    6.844254    0.102241    9.803135
    0.470588    0.894210    0.001102   -0.003740   -0.040807      -22.434583       20.678961   20.560157    7.085710    0.102241    9.803135
    0.480392    0.894093    0.001280   -0.000100   -0.031060      -23.327638       21.591504   21.100110    7.327110    0.102241    9.803135
    0.490196    0.893974    0.001158    0.002430   -0.018311      -24.277216       22.499911   21.639991    7.568445    0.102241    9.803135
    0.500000    0.893876    0.000853    0.003709   -0.006051      -25.277936       23.404563   22.179806    7.809721    0.102241    9.803135
    0.509804    0.893812    0.000480    0.003885    0.003484      -26.316383       24.306440   22.719571    8.050953    0.102241    9.803135
    0.519608    0.893783    0.000131    0.003275    0.009331      -27.376230       25.206740   23.259308    8.292160    0.102241    9.803135
    0.529412    0.893784   -0.000136    0.002243    0.011564      -28.442204       26.106588   23.799037    8.533360    0.102241    9.803135
    0.539216    0.893805   -0.000297    0.001116    0.010924      -29.502562       27.006851   24.338774    8.774566    0.102241    9.803135
    0.549020    0.893838   -0.000355    0.000134    0.008458      -30.550143       27.908055   24.878527    9.015788    0.102241    9.803135
    0.558824    0.893871   -0.000332   -0.000567    0.005215      -31.582260       28.810398   25.418301    9.257027    0.102241    9.803135
    0.568627    0.893900   -0.000256   -0.000948    0.002045      -32.599809       29.713814   25.958093    9.498284    0.102241    9.803135
    0.578431    0.893920   -0.000159   -0.001041   -0.000493      -33.606015       30.618063   26.497900    9.739553    0.102241    9.803135
    0.588235    0.893930   -0.000063   -0.000921   -0.002138      -34.605129       31.522834   27.037717    9.980831    0.102241    9.803135
    0.598039    0.893932    0.000014   -0.000675   -0.002883      -35.601357       32.427817   27.577537   10.222113    0.102241    9.803135
    0.607843    0.893928    0.000065   -0.000388   -0.002883      -36.598121       33.332761   28.117357   10.463393    0.102241    9.803135
    0.617647    0.893921    0.000090   -0.000123   -0.002378      -37.597702       34.237497   28.657173   10.704671    0.102241    9.803135
    0.627451    0.893912    0.000091    0.000081   -0.001618      -38.601194       35.141946   29.196983   10.945944    0.102241    9.803135
    0.637255    0.893904    0.000076    0.000208   -0.000812      -39.608683       36.046102   29.736789   11.187212    0.102241    9.803135
    0.647059    0.893897    0.000053    0.000259   -0.000104      -40.619548       36.950009   30.276590   11.428476    0.102241    9.803135
    0.656863    0.893894    0.000029    0.000246    0.000439      -41.632787       37.853741   30.816388   11.669738    0.102241    9.803135
    0.666667    0.893892    0.000008    0.000187    0.000821      -42.647320       38.757378   31.356185   11.910998    0.102241    9.803135
    0.676471    0.893892   -0.000006    0.000094    0.001108      -43.662219       39.660989   31.895981   12.152257    0.102241    9.803135
    0.686275    0.893893   -0.000010   -0.000028    0.001422      -44.676885       40.564616   32.435777   12.393517    0.102241    9.803135
    0.696078    0.893893    0.000000   -0.000188    0.001944      -45.691177       41.468271   32.975574   12.634777    0.102241    9.803135
    0.705882    0.893892    0.000029   -0.000416    0.002934      -46.705557       42.371919   33.515370   12.876037    0.102241    9.803135
    0.715686    0.893887    0.000084   -0.000771    0.004766      -47.721319       43.275466   34.055165   13.117296    0.102241    9.803135
    0.725490    0.893874    0.000184   -0.001354    0.007997      -48.741001       44.178725   34.594955   13.358550    0.102241    9.803135
    0.735294    0.893849    0.000357   -0.002332    0.013462      -49.769145       45.081360   35.134734   13.599794    0.102241    9.803135
    0.745098    0.893802    0.000653   -0.003963    0.022419      -50.813609       45.982794   35.674491   13.841019    0.102241    9.803135
    0.754902    0.893717    0.001153   -0.006647    0.036719      -51.887745       46.882040   36.214209   14.082209    0.102241    9.803135
    0.764706    0.893570    0.001984   -0.010987    0.059018      -53.013867       47.777444   36.753859   14.323338    0.102241    9.803135
    0.774510    0.893319    0.003346   -0.017870    0.092962      -54.228521       48.666280   37.293392   14.564361    0.102241    9.803135
    0.784314    0.892900    0.005540   -0.028556    0.143276      -55.590016       49.544149   37.832726   14.805206    0.102241    9.803135
    0.794118    0.892213    0.009011   -0.044766    0.215555      -57.188240       50.404144   38.371732   15.045754    0.102241    9.803135
    0.803922    0.891107    0.014392   -0.068723    0.315505      -59.155385       51.235773   38.910207   15.285818    0.102241    9.803135
    0.813725    0.889358    0.022554   -0.103078    0.447295      -61.673131       52.023805   39.447833   15.525101    0.102241    9.803135
    0.823529    0.886647    0.034629   -0.150643    0.610863      -64.966793       52.747432   39.984131   15.763148    0.102241    9.803135
    0.833333    0.882534    0.052012   -0.213834    0.798600      -69.271717       53.380556   40.518394   15.999268    0.102241    9.803135
    0.843137    0.876435    0.076274   -0.293868    0.992911      -74.759247       53.894267   41.049606   16.232441    0.102241    9.803135
    0.852941    0.867618    0.109013   -0.389880    1.167137      -81.430437       54.262229   41.576356   16.461203    0.102241    9.803135
    0.862745    0.855212    0.151620   -0.498399    1.291754      -89.026754       54.468128   42.096744   16.683541    0.102241    9.803135
    0.872549    0.838254    0.205031   -0.613629    1.344518      -97.034260       54.512093   42.608317   16.896819    0.102241    9.803135
    0.882353    0.815751    0.269562   -0.728607    1.319154     -104.817177       54.412194   43.108023   17.097816    0.102241    9.803135
    0.892157    0.786773    0.344864   -0.836832    1.226977     -111.816976       54.199542   43.592230   17.282908    0.102241    9.803135
    0.901961    0.750540    0.430046   -0.933581    1.090754     -117.697344       53.909656   44.056782   17.448428    0.102241    9.803135
    0.911765    0.706491    0.523869   -1.016449    0.935498     -122.369127       53.574548   44.497115   17.591162    0.102241    9.803135
    0.921569    0.654337    0.624969   -1.085112    0.781446     -125.923416       53.218378   44.908409   17.708895    0.102241    9.803135
    0.931373    0.594079    0.732027   -1.140672    0.641273     -128.539959       52.856667   45.285754   17.800867    0.102241    9.803135
    0.941176    0.526006    0.843866   -1.184955    0.520585     -130.416580       52.497592   45.624329   17.868034    0.102241    9.803135
    0.950980    0.450679    0.959500   -1.219959    0.419754     -131.730826       52.143888   45.919572   17.913051    0.102241    9.803135
    0.960784    0.368903    1.078126   -1.247495    0.335669     -132.626192       51.794558   46.167334   17.939956    0.102241    9.803135
    0.970588    0.281691    1.199098   -1.268963    0.262660     -133.211863       51.446094   46.364017   17.953606    0.102241    9.803135
    0.980392    0.190233    1.321876   -1.285170    0.192298     -133.567982       51.093287   46.506689   17.958943    0.102241    9.803135
    0.990196    0.095860    1.445963   -1.296083    0.111751     -133.752173       50.729720   46.593182   17.960218    0.102241    9.803135
    1.000000    0.000000    1.570796   -1.300348    0.000000     -133.805901       50.348131   46.622163   17.960305    0.102241    9.803135
