           t           r         psi          cs          qs               p             sig           A           V          Q2           S
    0.000000    0.000000   -1.570796   -1.356049    0.000000        6.659683       -3.352851    0.000000    0.000000    0.196103    7.887390
    0.009804    0.077186   -1.466007   -1.353322   -0.093942        6.659682       -3.352853    0.018768    0.000038    0.196103    7.887390
    0.019608    0.153527   -1.361639   -1.345156   -0.186987        6.659681       -3.352855    0.074866    0.000599    0.196103    7.887390
    0.029412    0.228202   -1.258111   -1.331598   -0.278246        6.659679       -3.352857    0.167684    0.002973    0.196103    7.887390
    0.039216    0.300433   -1.155838   -1.312727   -0.366836        6.659677       -3.352859    0.296220    0.009134    0.196103    7.887390
    0.049020    0.369506   -1.055226   -1.288651   -0.451893        6.659672       -3.352861    0.459110    0.021511    0.196103    7.887390
    0.058824    0.434788   -0.956672   -1.259513   -0.532574        6.659667       -3.352863    0.654663    0.042709    0.196103    7.887390
    0.068627    0.495739   -0.860562   -1.225486   -0.608062        6.659659       -3.352864    0.880902    0.075225    0.196103    7.887390
    0.078431    0.551921   -0.767266   -1.186776   -0.677580        6.659650       -3.352866    1.135612    0.121189    0.196103    7.887390
    0.088235    0.603003   -0.677137   -1.143619   -0.740394        6.659639       -3.352867    1.416390    0.182171    0.196103    7.887390
    0.098039    0.648766   -0.590508   -1.096287   -0.795820        6.659625       -3.352868    1.720702    0.259048    0.196103    7.887390
    0.107843    0.689091   -0.507690   -1.045080   -0.843239        6.659610       -3.352868    2.045931    0.351965    0.196103    7.887390
    0.117647    0.723963   -0.428972   -0.990331   -0.882098        6.659594       -3.352868    2.389425    0.460362    0.196103    7.887390
    0.127451    0.753457   -0.354613   -0.932403   -0.911928        6.659579       -3.352866    2.748551    0.583061    0.196103    7.887390
    0.137255    0.777728   -0.284844   -0.871686   -0.932343        6.659568       -3.352864    3.120731    0.718403    0.196103    7.887390
    0.147059    0.797001   -0.219864   -0.808601   -0.943057        6.659564       -3.352861    3.503478    0.864393    0.196103    7.887390
    0.156863    0.811560   -0.159839   -0.743592   -0.943885        6.659569       -3.352856    3.894432    1.018859    0.196103    7.887390
    0.166667    0.821732   -0.104901   -0.677128   -0.934755        6.659584       -3.352849    4.291380    1.179586    0.196103    7.887390
    0.176471    0.827879   -0.055143   -0.609701   -0.915716        6.659609       -3.352842    4.692277    1.344442    0.196103    7.887390
    0.186275    0.830387   -0.010620   -0.541822   -0.886941        6.659640       -3.352835    5.095261    1.511462    0.196103    7.887390
    0.196078    0.829656    0.028654   -0.474021   -0.848740        6.659673       -3.352827    5.498660    1.678910    0.196103    7.887390
    0.205882    0.826092    0.062706   -0.406841   -0.801565        6.659702       -3.352819    5.900999    1.845312    0.196103    7.887390
    0.215686    0.820099    0.091604   -0.340842   -0.746015        6.659724       -3.352812    6.301000    2.009469    0.196103    7.887390
    0.225490    0.812076    0.115463   -0.276590   -0.682849        6.659739       -3.352806    6.697580    2.170446    0.196103    7.887390
    0.235294    0.802408    0.134440   -0.214658   -0.612985        6.659746       -3.352801    7.089847    2.327554    0.196103    7.887390
    0.245098    0.791467    0.148736   -0.155620   -0.537506        6.659746       -3.352797    7.477093    2.480327    0.196103    7.887390
    0.254902    0.779604    0.158597   -0.100042   -0.457656        6.659741       -3.352793    7.858785    2.628483    0.196103    7.887390
    0.264706    0.767148    0.164311   -0.048472   -0.374829        6.659731       -3.352791    8.234557    2.771902    0.196103    7.887390
    0.274510    0.754403    0.166210   -0.001432   -0.290553        6.659718       -3.352788    8.604194    2.910590    0.196103    7.887390
    0.284314    0.741648    0.164662    0.040605   -0.206452        6.659704       -3.352787    8.967627    3.044658    0.196103    7.887390
    0.294118    0.729130    0.160070    0.077226   -0.124207        6.659687       -3.352786    9.324911    3.174294    0.196103    7.887390
    0.303922    0.717065    0.152866    0.108106   -0.045493        6.659670       -3.352785    9.676214    3.299746    0.196103    7.887390
    0.313725    0.705636    0.143505    0.133024    0.028087        6.659653       -3.352785   10.021803    3.421305    0.196103    7.887390
    0.323529    0.694991    0.132450    0.151886    0.095074        6.659635       -3.352784   10.362024    3.539291    0.196103    7.887390
    0.333333    0.685243    0.120170    0.164739    0.154227        6.659617       -3.352784   10.697288    3.654041    0.196103    7.887390
    0.343137    0.676471    0.107122    0.171783    0.204579        6.659599       -3.352784   11.028050    3.765902    0.196103    7.887390
    0.352941    0.668717    0.093743    0.173368    0.245485        6.659582       -3.352785   11.354796    3.875218    0.196103    7.887390
    0.362745    0.661993    0.080438    0.169989    0.276633        6.659564       -3.352785   11.678026    3.982328    0.196103    7.887390
    0.372549    0.656280    0.067566    0.162266    0.298041        6.659546       -3.352786   11.998235    4.087557    0.196103    7.887390
    0.382353    0.651533    0.055436    0.150917    0.310025        6.659529       -3.352786   12.315905    4.191212    0.196103    7.887390
    0.392157    0.647685    0.044299    0.136729    0.313144        6.659511       -3.352787   12.631491    4.293577    0.196103    7.887390
    0.401961    0.644653    0.034343    0.120519    0.308140        6.659494       -3.352787   12.945409    4.394910    0.196103    7.887390
    0.411765    0.642341    0.025691    0.103107    0.295874        6.659477       -3.352788   13.258032    4.495443    0.196103    7.887390
    0.421569    0.640645    0.018407    0.085280    0.277263        6.659459       -3.352789   13.569687    4.595373    0.196103    7.887390
    0.431373    0.639459    0.012494    0.067774    0.253229        6.659442       -3.352789   13.880646    4.694871    0.196103    7.887390
    0.441176    0.638679    0.007900    0.051255    0.224661        6.659425       -3.352790   14.191131    4.794072    0.196103    7.887390
    0.450980    0.638206    0.004527    0.036302    0.192394        6.659408       -3.352791   14.501315    4.893084    0.196103    7.887390
    0.460784    0.637951    0.002233    0.023407    0.157188        6.659391       -3.352791   14.811326    4.991987    0.196103    7.887390
    0.470588    0.637837    0.000843    0.012971    0.119736        6.659374       -3.352792   15.121251    5.090835    0.196103    7.887390
    0.480392    0.637803    0.000155    0.005300    0.080663        6.659356       -3.352793   15.431141    5.189661    0.196103    7.887390
    0.490196    0.637801   -0.000053    0.000613    0.040541        6.659339       -3.352793   15.741024    5.288483    0.196103    7.887390
    0.500000    0.637805   -0.000020   -0.000962   -0.000095        6.659322       -3.352794   16.050908    5.387306    0.196103    7.887390
    0.509804    0.637804    0.000014    0.000620   -0.040730        6.659305       -3.352795   16.360793    5.486129    0.196103    7.887390
    0.519608    0.637809   -0.000196    0.005314   -0.080848        6.659288       -3.352796   16.670679    5.584952    0.196103    7.887390
    0.529412    0.637847   -0.000885    0.012991   -0.119915        6.659271       -3.352796   16.980573    5.683781    0.196103    7.887390
    0.539216    0.637964   -0.002276    0.023433   -0.157358        6.659253       -3.352797   17.290503    5.782632    0.196103    7.887390
    0.549020    0.638222   -0.004572    0.036331   -0.192551        6.659236       -3.352798   17.600521    5.881539    0.196103    7.887390
    0.558824    0.638699   -0.007948    0.051287   -0.224803        6.659219       -3.352798   17.910714    5.980557    0.196103    7.887390
    0.568627    0.639483   -0.012544    0.067807   -0.253352        6.659202       -3.352799   18.221209    6.079765    0.196103    7.887390
    0.578431    0.640673   -0.018460    0.085311   -0.277365        6.659185       -3.352800   18.532180    6.179270    0.196103    7.887390
    0.588235    0.642373   -0.025747    0.103135   -0.295952        6.659167       -3.352800   18.843849    6.279209    0.196103    7.887390
    0.598039    0.644689   -0.034400    0.120542   -0.308191        6.659150       -3.352801   19.156489    6.379752    0.196103    7.887390
    0.607843    0.647726   -0.044358    0.136743   -0.313166        6.659133       -3.352802   19.470426    6.481098    0.196103    7.887390
    0.617647    0.651578   -0.055496    0.150922   -0.310018        6.659115       -3.352802   19.786032    6.583476    0.196103    7.887390
    0.627451    0.656329   -0.067625    0.162258   -0.298004        6.659098       -3.352803   20.103725    6.687145    0.196103    7.887390
    0.637255    0.662047   -0.080496    0.169968   -0.276567        6.659080       -3.352803   20.423960    6.792390    0.196103    7.887390
    0.647059    0.668776   -0.093800    0.173333   -0.245392        6.659062       -3.352803   20.747216    6.899518    0.196103    7.887390
    0.656863    0.676534   -0.107175    0.171734   -0.204463        6.659045       -3.352804   21.073992    7.008853    0.196103    7.887390
    0.666667    0.685310   -0.120218    0.164676   -0.154092        6.659027       -3.352804   21.404786    7.120734    0.196103    7.887390
    0.676471    0.695061   -0.132493    0.151809   -0.094926        6.659009       -3.352804   21.740082    7.235507    0.196103    7.887390
    0.686275    0.705709   -0.143541    0.132934   -0.027932        6.658991       -3.352804   22.080339    7.353516    0.196103    7.887390
    0.696078    0.717141   -0.152896    0.108005    0.045648        6.658974       -3.352803   22.425964    7.475100    0.196103    7.887390
    0.705882    0.729208   -0.160091    0.077116    0.124354        6.658957       -3.352802   22.777305    7.600578    0.196103    7.887390
    0.715686    0.741727   -0.164674    0.040489    0.206585        6.658940       -3.352801   23.134626    7.730242    0.196103    7.887390
    0.725490    0.754483   -0.166213   -0.001552    0.290665        6.658926       -3.352800   23.498098    7.864338    0.196103    7.887390
    0.735294    0.767227   -0.164305   -0.048593    0.374915        6.658913       -3.352798   23.867774    8.003055    0.196103    7.887390
    0.745098    0.779682   -0.158581   -0.100160    0.457711        6.658903       -3.352795   24.243584    8.146504    0.196103    7.887390
    0.754902    0.791544   -0.148711   -0.155734    0.537527        6.658898       -3.352791   24.625314    8.294690    0.196103    7.887390
    0.764706    0.802483   -0.134407   -0.214766    0.612971        6.658898       -3.352787   25.012597    8.447492    0.196103    7.887390
    0.774510    0.812148   -0.115422   -0.276688    0.682800        6.658905       -3.352782   25.404900    8.604630    0.196103    7.887390
    0.784314    0.820167   -0.091556   -0.340928    0.745933        6.658920       -3.352776   25.801514    8.765635    0.196103    7.887390
    0.794118    0.826156   -0.062651   -0.406914    0.801453        6.658943       -3.352769   26.201547    8.929819    0.196103    7.887390
    0.803922    0.829716   -0.028595   -0.474079    0.848606        6.658972       -3.352761   26.603917    9.096247    0.196103    7.887390
    0.813725    0.830443    0.010683   -0.541865    0.886792        6.659004       -3.352754   27.007344    9.263718    0.196103    7.887390
    0.823529    0.827929    0.055209   -0.609729    0.915558        6.659035       -3.352746   27.410353    9.430759    0.196103    7.887390
    0.833333    0.821777    0.104969   -0.677141    0.934598        6.659060       -3.352739   27.811273    9.595633    0.196103    7.887390
    0.843137    0.811600    0.159908   -0.743591    0.943733        6.659076       -3.352733   28.208242    9.756376    0.196103    7.887390
    0.852941    0.797036    0.219931   -0.808587    0.942916        6.659081       -3.352728   28.599214    9.910854    0.196103    7.887390
    0.862745    0.777758    0.284910   -0.871662    0.932216        6.659077       -3.352724   28.981977   10.056854    0.196103    7.887390
    0.872549    0.753482    0.354677   -0.932368    0.911815        6.659066       -3.352722   29.354170   10.192202    0.196103    7.887390
    0.882353    0.723984    0.429033   -0.990289    0.882000        6.659051       -3.352720   29.713307   10.314906    0.196103    7.887390
    0.892157    0.689108    0.507748   -1.045031    0.843154        6.659035       -3.352720   30.056811   10.423305    0.196103    7.887390
    0.901961    0.648779    0.590561   -1.096232    0.795749        6.659020       -3.352720   30.382046   10.516223    0.196103    7.887390
    0.911765    0.603013    0.677185   -1.143560    0.740334        6.659006       -3.352721   30.686364   10.593100    0.196103    7.887390
    0.921569    0.551928    0.767310   -1.186712    0.677531        6.658995       -3.352722   30.967147   10.654081    0.196103    7.887390
    0.931373    0.495744    0.860601   -1.225420    0.608022        6.658985       -3.352724   31.221859   10.700045    0.196103    7.887390
    0.941176    0.434791    0.956706   -1.259444    0.532541        6.658978       -3.352725   31.448100   10.732559    0.196103    7.887390
    0.950980    0.369508    1.055254   -1.288581    0.451869        6.658972       -3.352727   31.643654   10.753757    0.196103    7.887390
    0.960784    0.300434    1.155861   -1.312655    0.366818        6.658968       -3.352729   31.806545   10.766133    0.196103    7.887390
    0.970588    0.228202    1.258128   -1.331525    0.278233        6.658965       -3.352731   31.935081   10.772294    0.196103    7.887390
    0.980392    0.153527    1.361650   -1.345082    0.186980        6.658964       -3.352733   32.027899   10.774667    0.196103    7.887390
    0.990196    0.077186    1.466013   -1.353248    0.093938        6.658962       -3.352735   32.083997   10.775229    0.196103    7.887390
    1.000000   -0.000000    1.570796   -1.355975    0.000000        6.658962       -3.352737   32.102765   10.775267    0.196103    7.887390
