           t           r         psi          cs          qs               p             sig           A           V          Q2           S
    0.000000    0.000000   -1.570796   -0.953031    0.000000    -2900.506748     1523.631125    0.000000    0.000000    0.047793    6.977720
    0.009804    0.068361   -1.505556   -0.954713    0.051825    -2900.714693     1520.510254    0.014697    0.000016    0.047793    6.977720
    0.019608    0.136430   -1.440153   -0.957486    0.062450    -2901.409321     1517.487325    0.058725    0.000261    0.047793    6.977720
    0.029412    0.203915   -1.374547   -0.960632    0.069846    -2902.709538     1514.527045    0.131895    0.001314    0.047793    6.977720
    0.039216    0.270524   -1.308711   -0.964195    0.078819    -2904.772738     1511.594106    0.233895    0.004117    0.047793    6.977720
    0.049020    0.335964   -1.242614   -0.968330    0.090762    -2907.814065     1508.652819    0.364284    0.009935    0.047793    6.977720
    0.058824    0.399943   -1.176209   -0.973254    0.106886    -2912.132052     1505.666581    0.522498    0.020306    0.047793    6.977720
    0.068627    0.462171   -1.109431   -0.979266    0.128797    -2918.146928     1502.597209    0.707846    0.036975    0.047793    6.977720
    0.078431    0.522360   -1.042193   -0.986787    0.158855    -2926.459755     1499.404180    0.919513    0.061818    0.047793    6.977720
    0.088235    0.580219   -0.974373   -0.996423    0.200651    -2937.945845     1496.043938    1.156560    0.096767    0.047793    6.977720
    0.098039    0.635459   -0.905796   -1.009067    0.259784    -2953.905520     1492.469588    1.417925    0.143713    0.047793    6.977720
    0.107843    0.687784   -0.836215   -1.026075    0.345152    -2976.312062     1488.631817    1.702417    0.204429    0.047793    6.977720
    0.117647    0.736889   -0.765264   -1.049545    0.471068    -3008.224979     1484.483009    2.008719    0.280476    0.047793    6.977720
    0.127451    0.782448   -0.692397   -1.082778    0.660403    -3054.477381     1479.989393    2.335377    0.373120    0.047793    6.977720
    0.137255    0.824103   -0.616781   -1.130974    0.947507    -3122.770122     1475.163301    2.680794    0.483254    0.047793    6.977720
    0.147059    0.861432   -0.537142   -1.201924    1.372056    -3225.116918     1470.146128    3.043201    0.611306    0.047793    6.977720
    0.156863    0.893916   -0.451598   -1.305103    1.923838    -3378.211504     1465.418396    3.420633    0.757144    0.047793    6.977720
    0.166667    0.920890   -0.357777   -1.442300    2.313629    -3594.760694     1462.304930    3.810870    0.919913    0.047793    6.977720
    0.176471    0.941542   -0.254337   -1.572658    1.457714    -3836.886801     1463.956811    4.211373    1.097739    0.047793    6.977720
    0.186275    0.955129   -0.145901   -1.556170   -2.219634    -3899.320260     1475.924427    4.619254    1.287327    0.047793    6.977720
    0.196078    0.961647   -0.048780   -1.227855   -7.038280    -3455.853685     1502.019724    5.031433    1.483980    0.047793    6.977720
    0.205882    0.962520    0.016994   -0.684334   -8.001668    -2626.137836     1536.269614    5.445123    1.683007    0.047793    6.977720
    0.215686    0.960157    0.046722   -0.214736   -5.408131    -1922.003184     1568.020503    5.858404    1.881568    0.047793    6.977720
    0.225490    0.956711    0.050971    0.058842   -2.627765    -1534.794896     1592.919276    6.270374    2.078745    0.047793    6.977720
    0.235294    0.953478    0.042238    0.176314   -0.859252    -1385.240553     1611.865427    6.680878    2.274550    0.047793    6.977720
    0.245098    0.951035    0.028912    0.202458    0.081409    -1370.402865     1626.878702    7.090150    2.469275    0.047793    6.977720
    0.254902    0.949521    0.015600    0.181440    0.530896    -1424.263888     1639.617992    7.498572    2.663268    0.047793    6.977720
    0.264706    0.948848    0.004569    0.138968    0.701125    -1509.048637     1651.244349    7.906530    2.856858    0.047793    6.977720
    0.274510    0.948823   -0.003273    0.090165    0.705206    -1602.484144     1662.546552    8.314346    3.050324    0.047793    6.977720
    0.284314    0.949221   -0.007838    0.044365    0.607067    -1690.619362     1674.048403    8.722249    3.243870    0.047793    6.977720
    0.294118    0.949830   -0.009544    0.007260    0.451194    -1764.725127     1686.068590    9.130376    3.437624    0.047793    6.977720
    0.303922    0.950477   -0.009096   -0.018317    0.275310    -1820.280841     1698.753170    9.538779    3.631638    0.047793    6.977720
    0.313725    0.951044   -0.007310   -0.032025    0.111983    -1856.620366     1712.103456    9.947445    3.825905    0.047793    6.977720
    0.323529    0.951465   -0.004948   -0.035534   -0.015195    -1876.333481     1726.013159   10.356326    4.020379    0.047793    6.977720
    0.333333    0.951722   -0.002614   -0.031755   -0.095250    -1884.112813     1740.315727   10.765351    4.214993    0.047793    6.977720
    0.343137    0.951832   -0.000695   -0.023941   -0.129728    -1885.295984     1754.832513   11.174455    4.409683    0.047793    6.977720
    0.352941    0.951830    0.000634   -0.014932   -0.128787    -1884.597127     1769.410046   11.583580    4.604394    0.047793    6.977720
    0.362745    0.951759    0.001367   -0.006740   -0.105896    -1885.376018     1783.939906   11.992689    4.799088    0.047793    6.977720
    0.372549    0.951655    0.001601   -0.000464   -0.073553    -1889.480990     1798.362117   12.401758    4.993745    0.047793    6.977720
    0.382353    0.951548    0.001482    0.003555   -0.041038    -1897.483016     1812.657564   12.810781    5.188358    0.047793    6.977720
    0.392157    0.951457    0.001162    0.005496   -0.013942    -1909.073856     1826.835649   13.219761    5.382930    0.047793    6.977720
    0.401961    0.951390    0.000767    0.005818    0.005308    -1923.464319     1840.921753   13.628708    5.577470    0.047793    6.977720
    0.411765    0.951351    0.000390    0.005071    0.016537    -1939.702102     1854.946956   14.037631    5.771989    0.047793    6.977720
    0.421569    0.951335    0.000086    0.003773    0.020939    -1956.887878     1868.940841   14.446543    5.966496    0.047793    6.977720
    0.431373    0.951337   -0.000123    0.002336    0.020343    -1974.298236     1882.927299   14.855452    6.161001    0.047793    6.977720
    0.441176    0.951350   -0.000237    0.001043    0.016689    -1991.434934     1896.922806   15.264364    6.355509    0.047793    6.977720
    0.450980    0.951368   -0.000272    0.000049    0.011685    -2008.021653     1910.936489   15.673284    6.550023    0.047793    6.977720
    0.460784    0.951386   -0.000252   -0.000595    0.006626    -2023.967930     1924.971317   16.082211    6.744545    0.047793    6.977720
    0.470588    0.951401   -0.000198   -0.000913    0.002343    -2039.317184     1939.025841   16.491145    6.939074    0.047793    6.977720
    0.480392    0.951413   -0.000133   -0.000972   -0.000760    -2054.192210     1953.095996   16.900085    7.133609    0.047793    6.977720
    0.490196    0.951420   -0.000069   -0.000857   -0.002616    -2068.747477     1967.176685   17.309029    7.328147    0.047793    6.977720
    0.500000    0.951423   -0.000017   -0.000650   -0.003382    -2083.133411     1981.262950   17.717976    7.522687    0.047793    6.977720
    0.509804    0.951422    0.000019   -0.000416   -0.003328    -2097.474141     1995.350704   18.126922    7.717227    0.047793    6.977720
    0.519608    0.951420    0.000040   -0.000204   -0.002756    -2111.857523     2009.437053   18.535868    7.911767    0.047793    6.977720
    0.529412    0.951417    0.000048   -0.000039   -0.001933    -2126.334628     2023.520316   18.944814    8.106306    0.047793    6.977720
    0.539216    0.951414    0.000047    0.000067   -0.001066    -2140.925437     2037.599834   19.353757    8.300844    0.047793    6.977720
    0.549020    0.951411    0.000040    0.000116   -0.000285    -2155.627637     2051.675683   19.762699    8.495380    0.047793    6.977720
    0.558824    0.951409    0.000032    0.000115    0.000353    -2170.426182     2065.748359   20.171641    8.689916    0.047793    6.977720
    0.568627    0.951407    0.000025    0.000075    0.000849    -2185.302071     2079.818486   20.580581    8.884450    0.047793    6.977720
    0.578431    0.951405    0.000022    0.000005    0.001252    -2200.239617     2093.886581   20.989520    9.078984    0.047793    6.977720
    0.588235    0.951403    0.000025   -0.000092    0.001647    -2215.232195     2107.952863   21.398459    9.273517    0.047793    6.977720
    0.598039    0.951401    0.000036   -0.000219    0.002147    -2230.286962     2122.017095   21.807397    9.468049    0.047793    6.977720
    0.607843    0.951398    0.000056   -0.000386    0.002900    -2245.429457     2136.078436   22.216334    9.662580    0.047793    6.977720
    0.617647    0.951393    0.000090   -0.000617    0.004095    -2260.709338     2150.135247   22.625269    9.857110    0.047793    6.977720
    0.627451    0.951386    0.000143   -0.000948    0.005990    -2276.208863     2164.184816   23.034202   10.051637    0.047793    6.977720
    0.637255    0.951373    0.000223   -0.001438    0.008955    -2292.056181     2178.222911   23.443130   10.246160    0.047793    6.977720
    0.647059    0.951354    0.000345   -0.002175    0.013523    -2308.446199     2192.243090   23.852052   10.440677    0.047793    6.977720
    0.656863    0.951325    0.000529   -0.003289    0.020488    -2325.672792     2206.235623   24.260963   10.635184    0.047793    6.977720
    0.666667    0.951279    0.000808   -0.004977    0.031025    -2344.177524     2220.185850   24.669858   10.829676    0.047793    6.977720
    0.676471    0.951211    0.001230   -0.007529    0.046866    -2364.621869     2234.071716   25.078730   11.024145    0.047793    6.977720
    0.686275    0.951106    0.001868   -0.011377    0.070533    -2387.991732     2247.860141   25.487565   11.218578    0.047793    6.977720
    0.696078    0.950948    0.002830   -0.017152    0.105621    -2415.743916     2261.501762   25.896344   11.412959    0.047793    6.977720
    0.705882    0.950708    0.004279   -0.025767    0.157093    -2450.001382     2274.923552   26.305038   11.607259    0.047793    6.977720
    0.715686    0.950346    0.006450   -0.038517    0.231448    -2493.791889     2288.018894   26.713605   11.801435    0.047793    6.977720
    0.725490    0.949802    0.009683   -0.057169    0.336487    -2551.292365     2300.635201   27.121980   11.995426    0.047793    6.977720
    0.735294    0.948986    0.014458   -0.084017    0.480094    -2627.973518     2312.560486   27.530066   12.189135    0.047793    6.977720
    0.745098    0.947774    0.021427   -0.121795    0.667301    -2730.425396     2323.513019   27.937722   12.382419    0.047793    6.977720
    0.754902    0.945986    0.031436   -0.173322    0.895077    -2865.514282     2333.142522   28.344741   12.575062    0.047793    6.977720
    0.764706    0.943381    0.045504   -0.240738    1.145819    -3038.512722     2341.055725   28.750825   12.766749    0.047793    6.977720
    0.774510    0.939645    0.064745   -0.324380    1.383618    -3250.238663     2346.878300   29.155559   12.957015    0.047793    6.977720
    0.784314    0.934388    0.090199   -0.421688    1.559932    -3494.227331     2350.350981   29.558376   13.145205    0.047793    6.977720
    0.794118    0.927164    0.122622   -0.526941    1.631607    -3755.994236     2351.428730   29.958527   13.330419    0.047793    6.977720
    0.803922    0.917492    0.162299   -0.632401    1.582464    -4016.031160     2350.328361   30.355065   13.511486    0.047793    6.977720
    0.813725    0.904905    0.208977   -0.730528    1.431673    -4255.614427     2347.485877   30.746834   13.686969    0.047793    6.977720
    0.823529    0.888979    0.261958   -0.816025    1.221732    -4462.036561     2343.440743   31.132490   13.855217    0.047793    6.977720
    0.833333    0.869373    0.320283   -0.886646    0.997123    -4630.452297     2338.709619   31.510520   14.014474    0.047793    6.977720
    0.843137    0.845837    0.382934   -0.942724    0.789362    -4762.400818     2333.704325   31.879286   14.163003    0.047793    6.977720
    0.852941    0.818216    0.448975   -0.986102    0.613748    -4862.972498     2328.707305   32.237061   14.299232    0.047793    6.977720
    0.862745    0.786444    0.517616   -1.019163    0.473459    -4938.350493     2323.886339   32.582072   14.421873    0.047793    6.977720
    0.872549    0.750533    0.588232   -1.044212    0.365151    -4994.348556     2319.324376   32.912536   14.530022    0.047793    6.977720
    0.882353    0.710561    0.660345   -1.063208    0.283110    -5035.806610     2315.048780   33.226688   14.623226    0.047793    6.977720
    0.892157    0.666664    0.733596   -1.077693    0.221523    -5066.494201     2311.053788   33.522809   14.701507    0.047793    6.977720
    0.901961    0.619023    0.807717   -1.088840    0.175407    -5089.239427     2307.315584   33.799251   14.765361    0.047793    6.977720
    0.911765    0.567864    0.882512   -1.097518    0.140833    -5106.121736     2303.801541   34.054451   14.815721    0.047793    6.977720
    0.921569    0.513445    0.957836   -1.104367    0.114834    -5118.655666     2300.475445   34.286950   14.853896    0.047793    6.977720
    0.931373    0.456055    1.033579   -1.109856    0.095222    -5127.941210     2297.300205   34.495410   14.881480    0.047793    6.977720
    0.941176    0.396009    1.109661   -1.114333    0.080403    -5134.778322     2294.239057   34.678619   14.900260    0.047793    6.977720
    0.950980    0.333644    1.186022   -1.118056    0.069214    -5139.750940     2291.255928   34.835508   14.912096    0.047793    6.977720
    0.960784    0.269316    1.262618   -1.121220    0.060800    -5143.287456     2288.315379   34.965155   14.918809    0.047793    6.977720
    0.970588    0.203398    1.339416   -1.123974    0.054485    -5145.703908     2285.382349   35.066798   14.922074    0.047793    6.977720
    0.980392    0.136275    1.416392   -1.126431    0.049492    -5147.234861     2282.421875   35.139835   14.923309    0.047793    6.977720
    0.990196    0.068341    1.493527   -1.128647    0.042870    -5148.055907     2279.398866   35.183831   14.923598    0.047793    6.977720
    1.000000    0.000000    1.570796   -1.130091    0.000000    -5148.302282     2276.277987   35.198526   14.923618    0.047793    6.977720
