           t           r         psi          cs          qs               p             sig           A           V          Q2           S
    0.000000   -0.000000   -1.570796   -1.231496    0.000000        5.604948       -3.100054    0.000000    0.000000    0.016572    6.589655
    0.009804    0.064536   -1.491270   -1.229907   -0.065534        5.604924       -3.100370    0.013105    0.000017    0.016572    6.589655
    0.019608    0.128665   -1.411950   -1.225147   -0.130675        5.604841       -3.100677    0.052338    0.000267    0.016572    6.589655
    0.029412    0.191987   -1.333038   -1.217234   -0.194997        5.604689       -3.100979    0.117452    0.001336    0.016572    6.589655
    0.039216    0.254113   -1.254739   -1.206203   -0.258081        5.604450       -3.101279    0.208040    0.004152    0.016572    6.589655
    0.049020    0.314677   -1.177252   -1.192101   -0.319511        5.604103       -3.101580    0.323541    0.009924    0.016572    6.589655
    0.058824    0.373335   -1.100774   -1.174989   -0.378882        5.603622       -3.101887    0.463251    0.020057    0.016572    6.589655
    0.068627    0.429776   -1.025496   -1.154944   -0.435799        5.602971       -3.102202    0.626331    0.036059    0.016572    6.589655
    0.078431    0.483718   -0.951606   -1.132054   -0.489879        5.602103       -3.102529    0.811823    0.059442    0.016572    6.589655
    0.088235    0.534922   -0.879284   -1.106425   -0.540759        5.600955       -3.102873    1.018664    0.091635    0.016572    6.589655
    0.098039    0.583185   -0.808703   -1.078173   -0.588091        5.599444       -3.103238    1.245698    0.133896    0.016572    6.589655
    0.107843    0.628344   -0.740028   -1.047431   -0.631554        5.597459       -3.103628    1.491699    0.187251    0.016572    6.589655
    0.117647    0.670278   -0.673416   -1.014342   -0.670854        5.594852       -3.104049    1.755379    0.252441    0.016572    6.589655
    0.127451    0.708906   -0.609013   -0.979065   -0.705729        5.591424       -3.104507    2.035412    0.329900    0.016572    6.589655
    0.137255    0.744185   -0.546955   -0.941768   -0.735956        5.586907       -3.105008    2.330446    0.419748    0.016572    6.589655
    0.147059    0.776110   -0.487368   -0.902632   -0.761357        5.580946       -3.105559    2.639120    0.521798    0.016572    6.589655
    0.156863    0.804709   -0.430363   -0.861844   -0.781811        5.573067       -3.106167    2.960076    0.635588    0.016572    6.589655
    0.166667    0.830041   -0.376041   -0.819602   -0.797257        5.562659       -3.106841    3.291975    0.760417    0.016572    6.589655
    0.176471    0.852193   -0.324490   -0.776104   -0.807712        5.548944       -3.107586    3.633509    0.895388    0.016572    6.589655
    0.186275    0.871277   -0.275784   -0.731552   -0.813279        5.530981       -3.108408    3.983407    1.039460    0.016572    6.589655
    0.196078    0.887424   -0.229986   -0.686141   -0.814157        5.507697       -3.109312    4.340452    1.191498    0.016572    6.589655
    0.205882    0.900784   -0.187143   -0.640059   -0.810649        5.478004       -3.110295    4.703480    1.350316    0.016572    6.589655
    0.215686    0.911520   -0.147295   -0.593481   -0.803157        5.440987       -3.111353    5.071392    1.514722    0.016572    6.589655
    0.225490    0.919806   -0.110467   -0.546562   -0.792156        5.396186       -3.112477    5.443160    1.683552    0.016572    6.589655
    0.235294    0.925826   -0.076678   -0.499439   -0.778164        5.343878       -3.113652    5.817824    1.855700    0.016572    6.589655
    0.245098    0.929768   -0.045937   -0.452226   -0.761680        5.285233       -3.114864    6.194505    2.030140    0.016572    6.589655
    0.254902    0.931824   -0.018247   -0.405025   -0.743126        5.222243       -3.116096    6.572396    2.205944    0.016572    6.589655
    0.264706    0.932191    0.006398   -0.357928   -0.722808        5.157382       -3.117338    6.950772    2.382286    0.016572    6.589655
    0.274510    0.931063    0.028005   -0.311031   -0.700890        5.093149       -3.118576    7.328987    2.558456    0.016572    6.589655
    0.284314    0.928638    0.046592   -0.264443   -0.677408        5.031645       -3.119802    7.706474    2.733852    0.016572    6.589655
    0.294118    0.925110    0.062183   -0.218296   -0.652302        4.974331       -3.121006    8.082746    2.907984    0.016572    6.589655
    0.303922    0.920673    0.074811   -0.172750   -0.625455        4.921988       -3.122181    8.457396    3.080468    0.016572    6.589655
    0.313725    0.915516    0.084521   -0.128003   -0.596735        4.874823       -3.123321    8.830091    3.251017    0.016572    6.589655
    0.323529    0.909826    0.091372   -0.084288   -0.566025        4.832640       -3.124422    9.200579    3.419434    0.016572    6.589655
    0.333333    0.903786    0.095440   -0.041872   -0.533244        4.795005       -3.125483    9.568680    3.585605    0.016572    6.589655
    0.343137    0.897571    0.096817   -0.001059   -0.498358        4.761373       -3.126505    9.934288    3.749491    0.016572    6.589655
    0.352941    0.891351    0.095618    0.037821   -0.461383        4.731178       -3.127489   10.297367    3.911116    0.016572    6.589655
    0.362745    0.885287    0.091980    0.074414   -0.422388        4.703879       -3.128438   10.657947    4.070561    0.016572    6.589655
    0.372549    0.879532    0.086061    0.108349   -0.381490        4.678982       -3.129355   11.016123    4.227957    0.016572    6.589655
    0.382353    0.874226    0.078045    0.139253   -0.338855        4.656050       -3.130244   11.372050    4.383474    0.016572    6.589655
    0.392157    0.869499    0.068141    0.166758   -0.294690        4.634700       -3.131109   11.725937    4.537321    0.016572    6.589655
    0.401961    0.865464    0.056579    0.190515   -0.249242        4.614599       -3.131954   12.078041    4.689734    0.016572    6.589655
    0.411765    0.862223    0.043612    0.210212   -0.202793        4.595448       -3.132784   12.428666    4.840972    0.016572    6.589655
    0.421569    0.859856    0.029511    0.225582   -0.155656        4.576984       -3.133601   12.778150    4.991316    0.016572    6.589655
    0.431373    0.858428    0.014563    0.236422   -0.108173        4.558963       -3.134411   13.126861    5.141061    0.016572    6.589655
    0.441176    0.857986   -0.000936    0.242600   -0.060705        4.541154       -3.135217   13.475192    5.290511    0.016572    6.589655
    0.450980    0.858555   -0.016682    0.244065   -0.013633        4.523331       -3.136024   13.823549    5.439981    0.016572    6.589655
    0.460784    0.860140   -0.032371    0.240851    0.032648        4.505263       -3.136834   14.172342    5.589787    0.016572    6.589655
    0.470588    0.862729   -0.047704    0.233080    0.077734        4.486708       -3.137654   14.521984    5.740247    0.016572    6.589655
    0.480392    0.866287   -0.062393    0.220955    0.121217        4.467394       -3.138486   14.872874    5.891675    0.016572    6.589655
    0.490196    0.870765   -0.076165    0.204753    0.162683        4.447014       -3.139336   15.225398    6.044381    0.016572    6.589655
    0.500000    0.876094   -0.088768    0.184818    0.201718        4.425205       -3.140208   15.579915    6.198664    0.016572    6.589655
    0.509804    0.882189   -0.099973    0.161548    0.237905        4.401524       -3.141108   15.936753    6.354809    0.016572    6.589655
    0.519608    0.888955   -0.109579    0.135382    0.270821        4.375423       -3.142042   16.296205    6.513085    0.016572    6.589655
    0.529412    0.896282   -0.117414    0.106791    0.300034        4.346207       -3.143015   16.658521    6.673739    0.016572    6.589655
    0.539216    0.904050   -0.123336    0.076266    0.325092        4.312976       -3.144033   17.023905    6.836994    0.016572    6.589655
    0.549020    0.912134   -0.127237    0.044314    0.345514        4.274555       -3.145103   17.392511    7.003040    0.016572    6.589655
    0.558824    0.920401   -0.129042    0.011452    0.360768        4.229385       -3.146229   17.764440    7.172031    0.016572    6.589655
    0.568627    0.928715   -0.128709   -0.021794    0.370246        4.175386       -3.147416   18.139740    7.344083    0.016572    6.589655
    0.578431    0.936940   -0.126229   -0.054884    0.373233        4.109777       -3.148662   18.518400    7.519262    0.016572    6.589655
    0.588235    0.944937   -0.121633   -0.087257    0.368857        4.028884       -3.149957   18.900357    7.697585    0.016572    6.589655
    0.598039    0.952573   -0.114983   -0.118318    0.356038        3.928000       -3.151277   19.285492    7.879011    0.016572    6.589655
    0.607843    0.959719   -0.106387   -0.147422    0.333432        3.801585       -3.152564   19.673631    8.063441    0.016572    6.589655
    0.617647    0.966254   -0.095993   -0.173852    0.299424        3.644477       -3.153706   20.064551    8.250712    0.016572    6.589655
    0.627451    0.972069   -0.083999   -0.196801    0.252273        3.455855       -3.154490   20.457981    8.440599    0.016572    6.589655
    0.637255    0.977066   -0.070658   -0.215377    0.190702        3.249391       -3.154538   20.853608    8.632817    0.016572    6.589655
    0.647059    0.981168   -0.056284   -0.228671    0.115449        3.074057       -3.153237   21.251085    8.827026    0.016572    6.589655
    0.656863    0.984320   -0.041241   -0.235973    0.032466        3.041813       -3.149740   21.650035    9.022840    0.016572    6.589655
    0.666667    0.986489   -0.025925   -0.237246   -0.042858        3.322468       -3.143241   22.050065    9.219840    0.016572    6.589655
    0.676471    0.987671   -0.010690   -0.233786   -0.085199        4.023901       -3.133679   22.450776    9.417588    0.016572    6.589655
    0.686275    0.987877    0.004244   -0.228581   -0.070201        4.993242       -3.122430   22.851768    9.615646    0.016572    6.589655
    0.696078    0.987129    0.018894   -0.225649    0.007350        5.848396       -3.111881   23.252649    9.813582    0.016572    6.589655
    0.705882    0.985437    0.033527   -0.228539    0.128958        6.315857       -3.103940   23.653034   10.010975    0.016572    6.589655
    0.715686    0.982789    0.048592   -0.239214    0.267356        6.407740       -3.099115   24.052540   10.207404    0.016572    6.589655
    0.725490    0.979140    0.064611   -0.258025    0.401743        6.282300       -3.096878   24.450770   10.402432    0.016572    6.589655
    0.735294    0.974415    0.082092   -0.284317    0.521650        6.081228       -3.096388   24.847303   10.595593    0.016572    6.589655
    0.745098    0.968505    0.101485   -0.317010    0.623903        5.882400       -3.096921   25.241682   10.786369    0.016572    6.589655
    0.754902    0.961277    0.123166   -0.354956    0.708893        5.715576       -3.097979   25.633400   10.974185    0.016572    6.589655
    0.764706    0.952577    0.147439   -0.397081    0.778245        5.585913       -3.099253   26.021889   11.158393    0.016572    6.589655
    0.774510    0.942237    0.174542   -0.442437    0.833734        5.488960       -3.100570   26.406521   11.338270    0.016572    6.589655
    0.784314    0.930078    0.204657   -0.490196    0.876896        5.417850       -3.101839   26.786592   11.513022    0.016572    6.589655
    0.794118    0.915916    0.237916   -0.539631    0.908954        5.366131       -3.103015   27.161328   11.681786    0.016572    6.589655
    0.803922    0.899565    0.274405   -0.590105    0.930857        5.328590       -3.104084   27.529877   11.843646    0.016572    6.589655
    0.813725    0.880844    0.314172   -0.641047    0.943347        5.301288       -3.105046   27.891313   11.997656    0.016572    6.589655
    0.823529    0.859580    0.357233   -0.691947    0.947017        5.281351       -3.105905   28.244640   12.142865    0.016572    6.589655
    0.833333    0.835611    0.403567   -0.742345    0.942365        5.266710       -3.106673   28.588791   12.278350    0.016572    6.589655
    0.843137    0.808795    0.453130   -0.791823    0.929832        5.255892       -3.107360   28.922640   12.403261    0.016572    6.589655
    0.852941    0.779009    0.505850   -0.840001    0.909825        5.247848       -3.107976   29.245004   12.516865    0.016572    6.589655
    0.862745    0.746159    0.561630   -0.886533    0.882737        5.241830       -3.108531   29.554659   12.618587    0.016572    6.589655
    0.872549    0.710181    0.620356   -0.931107    0.848961        5.237303       -3.109034   29.850345   12.708064    0.016572    6.589655
    0.882353    0.671043    0.681889   -0.973437    0.808894        5.233879       -3.109493   30.130787   12.785174    0.016572    6.589655
    0.892157    0.628755    0.746079   -1.013268    0.762945        5.231281       -3.109915   30.394701   12.850076    0.016572    6.589655
    0.901961    0.583364    0.812754   -1.050367    0.711536        5.229303       -3.110305   30.640817   12.903219    0.016572    6.589655
    0.911765    0.534963    0.881732   -1.084528    0.655106        5.227797       -3.110670   30.867894   12.945342    0.016572    6.589655
    0.921569    0.483688    0.952817   -1.115568    0.594107        5.226652       -3.111014   31.074735   12.977460    0.016572    6.589655
    0.931373    0.429719    1.025803   -1.143326    0.529005        5.225785       -3.111341   31.260208   13.000812    0.016572    6.589655
    0.941176    0.373279    1.100471   -1.167660    0.460282        5.225134       -3.111656   31.423265   13.016809    0.016572    6.589655
    0.950980    0.314634    1.176598   -1.188450    0.388428        5.224652       -3.111963   31.562954   13.026949    0.016572    6.589655
    0.960784    0.254087    1.253951   -1.205597    0.313945        5.224305       -3.112264   31.678441   13.032732    0.016572    6.589655
    0.970588    0.191974    1.332292   -1.219018    0.237342        5.224065       -3.112564   31.769021   13.035555    0.016572    6.589655
    0.980392    0.128661    1.411378   -1.228650    0.159136        5.223912       -3.112865   31.834131   13.036627    0.016572    6.589655
    0.990196    0.064536    1.490962   -1.234448    0.079848        5.223830       -3.113173   31.873363   13.036878    0.016572    6.589655
    1.000000    0.000000    1.570796   -1.236384    0.000000        5.223805       -3.113488   31.886469   13.036895    0.016572    6.589655
