           t           r         psi          cs          qs               p             sig           A           V          Q2           S
    0.000000    0.000000   -1.570796   -0.121907    0.000000      -54.007424      165.728417    0.000000    0.000000    0.159638    6.677966
    0.002488    0.016612   -1.568775   -0.121167   -0.121481      -54.020012      159.950565    0.000867    0.000000    0.159638    6.677966
    0.004975    0.033224   -1.566780   -0.118777   -0.262734      -54.058885      154.245105    0.003468    0.000000    0.159638    6.677966
    0.007463    0.049835   -1.564840   -0.114445   -0.428049      -54.124969      148.609063    0.007802    0.000001    0.159638    6.677966
    0.009950    0.066447   -1.562990   -0.107813   -0.621993      -54.218611      143.039546    0.013871    0.000002    0.159638    6.677966
    0.012438    0.083058   -1.561273   -0.098460   -0.849433      -54.339566      137.533748    0.021673    0.000004    0.159638    6.677966
    0.014925    0.099669   -1.559737   -0.085894   -1.115554      -54.486888      132.088947    0.031209    0.000009    0.159638    6.677966
    0.017413    0.116280   -1.558440   -0.069550   -1.425839      -54.658753      126.702514    0.042479    0.000016    0.159638    6.677966
    0.019900    0.132890   -1.557451   -0.048783   -1.786038      -54.852245      121.371912    0.055483    0.000027    0.159638    6.677966
    0.022388    0.149500   -1.556848   -0.022865   -2.202102      -55.063083      116.094706    0.070220    0.000041    0.159638    6.677966
    0.024876    0.166111   -1.556724    0.009013   -2.680095      -55.285296      110.868564    0.086691    0.000059    0.159638    6.677966
    0.027363    0.182721   -1.557185    0.047745   -3.226056      -55.510828      105.691264    0.104896    0.000081    0.159638    6.677966
    0.029851    0.199331   -1.558354    0.094310   -3.845835      -55.729064      100.560704    0.124834    0.000106    0.159638    6.677966
    0.032338    0.215942   -1.560368    0.149761   -4.544874      -55.926278       95.474908    0.146506    0.000132    0.159638    6.677966
    0.034826    0.232553   -1.563385    0.215223   -5.327944      -56.084970       90.432037    0.169912    0.000155    0.159638    6.677966
    0.037313    0.249165   -1.567580    0.291877   -6.198821      -56.183099       85.430403    0.195052    0.000172    0.159638    6.677966
    0.039801    0.265777   -1.573151    0.380942   -7.159909      -56.193194       80.468480    0.221926    0.000173    0.159638    6.677966
    0.042289    0.282388   -1.580312    0.483654   -8.211803      -56.081315       75.544924    0.250533    0.000150    0.159638    6.677966
    0.044776    0.298998   -1.589302    0.601233   -9.352778      -55.805875       70.658586    0.280874    0.000089    0.159638    6.677966
    0.047264    0.315605   -1.600376    0.734843  -10.578231      -55.316309       65.808543    0.312949   -0.000029    0.159638    6.677966
    0.049751    0.332206   -1.613811    0.885551  -11.880051      -54.551568       60.994118    0.346757   -0.000227    0.159638    6.677966
    0.052239    0.348797   -1.629897    1.054265  -13.245947      -53.438475       56.214909    0.382297   -0.000536    0.159638    6.677966
    0.054726    0.365369   -1.648941    1.241672  -14.658728      -51.889946       51.470830    0.419568   -0.000991    0.159638    6.677966
    0.057214    0.381915   -1.671256    1.448161  -16.095571      -49.803120       46.762144    0.458567   -0.001640    0.159638    6.677966
    0.059701    0.398420   -1.697160    1.673742  -17.527297      -47.057484       42.089512    0.499292   -0.002538    0.159638    6.677966
    0.062189    0.414867   -1.726967    1.917948  -18.917694      -43.513108       37.454039    0.541736   -0.003752    0.159638    6.677966
    0.064677    0.431231   -1.760979    2.179737  -20.222957      -39.009165       32.857324    0.585892   -0.005361    0.159638    6.677966
    0.067164    0.447480   -1.799474    2.457388  -21.391295      -33.363007       28.301514    0.631751   -0.007454    0.159638    6.677966
    0.069652    0.463574   -1.842696    2.748387  -22.362818      -26.370132       23.789349    0.679299   -0.010135    0.159638    6.677966
    0.072139    0.479464   -1.890841    3.049325  -23.069801      -17.805487       19.324196    0.728516   -0.013518    0.159638    6.677966
    0.074627    0.495089   -1.944037    3.355798  -23.437438       -7.426642       14.910060    0.779378   -0.017726    0.159638    6.677966
    0.077114    0.510374   -2.002333    3.662316  -23.385214        5.020587       10.551562    0.831854   -0.022890    0.159638    6.677966
    0.079602    0.525236   -2.065676    3.962241  -22.828990       19.793517        6.253860    0.885904   -0.029141    0.159638    6.677966
    0.082090    0.539578   -2.133894    4.247742  -21.683863       37.140603        2.022491    0.941480   -0.036606    0.159638    6.677966
    0.084577    0.553294   -2.206673    4.509798  -19.867782       57.286046       -2.136874    0.998520   -0.045398    0.159638    6.677966
    0.087065    0.566270   -2.283540    4.738227  -17.305811       80.411591       -6.218785    1.056954   -0.055608    0.159638    6.677966
    0.089552    0.578391   -2.363846    4.921779  -13.934778      106.636915      -10.218479    1.116700   -0.067298    0.159638    6.677966
    0.092040    0.589546   -2.446744    5.048267   -9.707921      136.000897      -14.132426    1.177660   -0.080486    0.159638    6.677966
    0.094527    0.599632   -2.531180    5.104757   -4.598987      168.446887      -17.958915    1.239730   -0.095147    0.159638    6.677966
    0.097015    0.608566   -2.615881    5.077791    1.394815      203.815383      -21.698574    1.302794   -0.111204    0.159638    6.677966
    0.099502    0.616291   -2.699345    4.953655    8.251591      241.847123      -25.354740    1.366727   -0.128534    0.159638    6.677966
    0.101990    0.622784   -2.779846    4.718660   15.925608      282.198233      -28.933552    1.431402   -0.146973    0.159638    6.677966
    0.104478    0.628063   -2.855429    4.359441   24.350138      324.466950      -32.443682    1.496691   -0.166330    0.159638    6.677966
    0.106965    0.632191   -2.923924    3.863262   33.441458      368.228980      -35.895691    1.562471   -0.186404    0.159638    6.677966
    0.109453    0.635283   -2.982957    3.218351   43.102148      413.076409      -39.301058    1.628626   -0.207000    0.159638    6.677966
    0.111940    0.637503   -3.029968    2.414327   53.220560      458.653751      -42.670991    1.695056   -0.227948    0.159638    6.677966
    0.114428    0.639064   -3.062242    1.442842   63.661925      504.684433      -46.015169    1.761682   -0.249118    0.159638    6.677966
    0.116915    0.640233   -3.076947    0.298628   74.245487      550.981568      -49.340538    1.828447   -0.270419    0.159638    6.677966
    0.119403    0.641324   -3.071203   -1.018744   84.702122      597.437849      -52.650240    1.895328   -0.291800    0.159638    6.677966
    0.121891    0.642698   -3.042180   -2.502084   94.609980      643.990266      -55.942633    1.962334   -0.313234    0.159638    6.677966
    0.124378    0.644763   -2.987257   -4.132543  103.314818      690.556189      -59.210330    2.029516   -0.334684    0.159638    6.677966
    0.126866    0.647955   -2.904260   -5.874487  109.860370      736.938715      -62.439072    2.096968   -0.356067    0.159638    6.677966
    0.129353    0.652720   -2.791782   -7.670332  112.981885      782.703158      -65.606237    2.164832   -0.377189    0.159638    6.677966
    0.131841    0.659464   -2.649577   -9.437662  111.239337      827.036033      -68.678768    2.233293   -0.397684    0.159638    6.677966
    0.134328    0.668488   -2.478961  -11.072037  103.350633      868.615539      -71.610331    2.302575   -0.416952    0.159638    6.677966
    0.136816    0.679898   -2.283097  -12.458410   88.688869      905.546921      -74.337704    2.372923   -0.434122    0.159638    6.677966
    0.139303    0.693528   -2.067013  -13.490741   67.746661      935.436942      -76.776734    2.444582   -0.448085    0.159638    6.677966
    0.141791    0.708908   -1.837269  -14.094114   42.273490      955.678057      -78.818933    2.517759   -0.457611    0.159638    6.677966
    0.144279    0.725298   -1.601295  -14.240311   14.916719      963.961240      -80.330807    2.592602   -0.461554    0.159638    6.677966
    0.146766    0.741809   -1.366576  -13.950207  -11.491794      958.929536      -81.159008    2.669170   -0.459087    0.159638    6.677966
    0.149254    0.757551   -1.139908  -13.283365  -34.635718      940.754186      -81.144409    2.747428   -0.449898    0.159638    6.677966
    0.151741    0.771783   -0.926890  -12.321133  -53.097019      911.343837      -80.146025    2.827256   -0.434248    0.159638    6.677966
    0.154229    0.783996   -0.731707  -11.150481  -66.367567      873.985123      -78.071023    2.908468   -0.412893    0.159638    6.677966
    0.156716    0.793939   -0.557131   -9.852737  -74.629337      832.480178      -74.901789    2.990837   -0.386900    0.159638    6.677966
    0.159204    0.801588   -0.404677   -8.497765  -78.476079      790.143750      -70.709115    3.074123   -0.357436    0.159638    6.677966
    0.161692    0.807091   -0.274805   -7.142174  -78.682134      749.108421      -65.644848    3.158094   -0.325588    0.159638    6.677966
    0.164179    0.810701   -0.167146   -5.829812  -76.048986      710.174677      -59.915992    3.242538   -0.292262    0.159638    6.677966
    0.166667    0.812725   -0.080696   -4.593240  -71.318930      673.116341      -53.749807    3.327273   -0.258133    0.159638    6.677966
    0.169154    0.813485   -0.013993   -3.455514  -65.134870      637.166681      -47.361203    3.412151   -0.223665    0.159638    6.677966
    0.171642    0.813289    0.034742   -2.431896  -58.028762      601.441849      -40.930056    3.497056   -0.189137    0.159638    6.677966
    0.174129    0.812420    0.067486   -1.531382  -50.426772      565.196868      -34.590469    3.581903   -0.154700    0.159638    6.677966
    0.176617    0.811126    0.086325   -0.757982  -42.663081      527.925393      -28.429882    3.666634   -0.120413    0.159638    6.677966
    0.179104    0.809620    0.093374   -0.111729  -34.996642      489.361267      -22.494316    3.751218   -0.086281    0.159638    6.677966
    0.181592    0.808081    0.090724    0.410534  -27.627052      449.436485      -16.796335    3.835642   -0.052285    0.159638    6.677966
    0.184080    0.806653    0.080390    0.814563  -20.707419      408.229444      -11.323351    3.919910   -0.018394    0.159638    6.677966
    0.186567    0.805445    0.064273    1.108226  -14.353542      365.918841       -6.045010    4.004039    0.015421    0.159638    6.677966
    0.189055    0.804541    0.044129    1.301093   -8.649794      322.747605       -0.919178    4.088058    0.049186    0.159638    6.677966
    0.191542    0.803993    0.021544    1.404039   -3.652688      278.996479        4.103501    4.172000    0.082922    0.159638    6.677966
    0.194030    0.803831   -0.002086    1.428843    0.606778      234.965467        9.076264    4.255905    0.116644    0.159638    6.677966
    0.196517    0.804062   -0.025563    1.387786    4.121074      190.961373       14.053835    4.339814    0.150368    0.159638    6.677966
    0.199005    0.804674   -0.047897    1.293254    6.903812      147.289955       19.090719    4.423767    0.184108    0.159638    6.677966
    0.201493    0.805642   -0.068301    1.157366    8.986936      104.251463       24.239961    4.507803    0.217879    0.159638    6.677966
    0.203980    0.806927   -0.086184    0.991646   10.417505       62.138483       29.552185    4.591956    0.251702    0.159638    6.677966
    0.206468    0.808485   -0.101141    0.806755   11.254285       21.235001       35.074796    4.676259    0.285597    0.159638    6.677966
    0.208955    0.810264   -0.112935    0.612288   11.564414      -18.184289       40.851254    4.760736    0.319586    0.159638    6.677966
    0.211443    0.812211   -0.121477    0.416631   11.420318      -55.855374       46.920376    4.845408    0.353693    0.159638    6.677966
    0.213930    0.814273   -0.126810    0.226888   10.897006      -91.527691       53.315647    4.930290    0.387941    0.159638    6.677966
    0.216418    0.816396   -0.129080    0.048847   10.069728     -124.968714       60.064551    5.015390    0.422349    0.159638    6.677966
    0.218905    0.818534   -0.128523   -0.112999    9.011992     -155.970415       67.187957    5.100713    0.456933    0.159638    6.677966
    0.221393    0.820641   -0.125434   -0.255396    7.793849     -184.357249       74.699604    5.186259    0.491706    0.159638    6.677966
    0.223881    0.822678   -0.120157   -0.376255    6.480416     -209.994938       82.605741    5.272020    0.526674    0.159638    6.677966
    0.226368    0.824613   -0.113059   -0.474538    5.130604     -232.799028       90.904978    5.357990    0.561837    0.159638    6.677966
    0.228856    0.826418   -0.104517   -0.550139    3.796067     -252.742062       99.588388    5.444154    0.597192    0.159638    6.677966
    0.231343    0.828073   -0.094903   -0.603745    2.520402     -269.858265      108.639883    5.530500    0.632730    0.159638    6.677966
    0.233831    0.829563   -0.084573   -0.636690    1.338642     -284.244886      118.036875    5.617010    0.668436    0.159638    6.677966
    0.236318    0.830878   -0.073854   -0.650809    0.277095     -296.059758      127.751181    5.703666    0.704296    0.159638    6.677966
    0.238806    0.832014   -0.063042   -0.648291   -0.646481     -305.515118      137.750139    5.790450    0.740290    0.159638    6.677966
    0.241294    0.832971   -0.052394   -0.631542   -1.422348     -312.868214      147.997851    5.877343    0.776399    0.159638    6.677966
    0.243781    0.833756   -0.042125   -0.603056   -2.047972     -318.409591      158.456483    5.964327    0.812604    0.159638    6.677966
    0.246269    0.834374   -0.032410   -0.565313   -2.526964     -322.450168      169.087545    6.051384    0.848885    0.159638    6.677966
    0.248756    0.834836   -0.023382   -0.520682   -2.867892     -325.308240      179.853070    6.138498    0.885224    0.159638    6.677966
    0.251244    0.835155   -0.015137   -0.471357   -3.083022     -327.297417      190.716638    6.225652    0.921604    0.159638    6.677966
    0.253731    0.835344   -0.007736   -0.419304   -3.187097     -328.716269      201.644221    6.312832    0.958011    0.159638    6.677966
    0.256219    0.835417   -0.001211   -0.366234   -3.196218     -329.840145      212.604809    6.400026    0.994431    0.159638    6.677966
    0.258706    0.835389    0.004434   -0.313589   -3.126866     -330.915355      223.570836    6.487223    1.030853    0.159638    6.677966
    0.261194    0.835274    0.009216   -0.262539   -2.995117     -332.155647      234.518408    6.574411    1.067268    0.159638    6.677966
    0.263682    0.835087    0.013170   -0.214002   -2.816035     -333.740742      245.427369    6.661584    1.103669    0.159638    6.677966
    0.266169    0.834841    0.016344   -0.168654   -2.603267     -335.816571      256.281219    6.748734    1.140048    0.159638    6.677966
    0.268657    0.834548    0.018794   -0.126966   -2.368783     -338.496825      267.066937    6.835856    1.176403    0.159638    6.677966
    0.271144    0.834220    0.020584   -0.089221   -2.122779     -341.865427      277.774712    6.922946    1.212729    0.159638    6.677966
    0.273632    0.833868    0.021781   -0.055551   -1.873676     -345.979581      288.397646    7.009999    1.249024    0.159638    6.677966
    0.276119    0.833500    0.022452   -0.025962   -1.628207     -350.873107      298.931412    7.097015    1.285287    0.159638    6.677966
    0.278607    0.833124    0.022665   -0.000361   -1.391565     -356.559842      309.373917    7.183993    1.321518    0.159638    6.677966
    0.281095    0.832749    0.022485    0.021422   -1.167576     -363.036923      319.724969    7.270931    1.357715    0.159638    6.677966
    0.283582    0.832379    0.021973    0.039608   -0.958890     -370.287866      329.985964    7.357830    1.393881    0.159638    6.677966
    0.286070    0.832020    0.021188    0.054459   -0.767173     -378.285358      340.159590    7.444691    1.430015    0.159638    6.677966
    0.288557    0.831676    0.020181    0.066256   -0.593291     -386.993726      350.249564    7.531515    1.466120    0.159638    6.677966
    0.291045    0.831351    0.019002    0.075291   -0.437475     -396.371101      360.260399    7.618305    1.502196    0.159638    6.677966
    0.293532    0.831046    0.017693    0.081858   -0.299466     -406.371249      370.197195    7.705061    1.538246    0.159638    6.677966
    0.296020    0.830763    0.016294    0.086243   -0.178644     -416.945129      380.065464    7.791787    1.574271    0.159638    6.677966
    0.298507    0.830505    0.014839    0.088723   -0.074130     -428.042175      389.870970    7.878484    1.610273    0.159638    6.677966
    0.300995    0.830271    0.013356    0.089558    0.015123     -439.611355      399.619611    7.965156    1.646255    0.159638    6.677966
    0.303483    0.830061    0.011871    0.088990    0.090269     -451.602019      409.317300    8.051805    1.682219    0.159638    6.677966
    0.305970    0.829876    0.010406    0.087245    0.152506     -463.964578      418.969887    8.138433    1.718166    0.159638    6.677966
    0.308458    0.829715    0.008978    0.084527    0.203043     -476.651034      428.583076    8.225043    1.754098    0.159638    6.677966
    0.310945    0.829578    0.007602    0.081021    0.243066     -489.615386      438.162379    8.311637    1.790018    0.159638    6.677966
    0.313433    0.829462    0.006289    0.076895    0.273720     -502.813932      447.713061    8.398219    1.825928    0.159638    6.677966
    0.315920    0.829368    0.005050    0.072297    0.296088     -516.205488      457.240112    8.484789    1.861829    0.159638    6.677966
    0.318408    0.829294    0.003889    0.067357    0.311192     -529.751537      466.748220    8.571350    1.897722    0.159638    6.677966
    0.320896    0.829239    0.002813    0.062192    0.319978     -543.416316      476.241752    8.657905    1.933611    0.159638    6.677966
    0.323383    0.829200    0.001824    0.056900    0.323318     -557.166859      485.724745    8.744455    1.969495    0.159638    6.677966
    0.325871    0.829177    0.000923    0.051569    0.322015     -570.973005      495.200900    8.831002    2.005377    0.159638    6.677966
    0.328358    0.829169    0.000110    0.046271    0.316794     -584.807371      504.673585    8.917547    2.041257    0.159638    6.677966
    0.330846    0.829173   -0.000615    0.041068    0.308316     -598.645298      514.145831    9.004092    2.077137    0.159638    6.677966
    0.333333    0.829189   -0.001255    0.036012    0.297175     -612.464782      523.620347    9.090638    2.113018    0.159638    6.677966
    0.335821    0.829215   -0.001813    0.031145    0.283901     -626.246381      533.099523    9.177186    2.148901    0.159638    6.677966
    0.338308    0.829249   -0.002291    0.026500    0.268969     -639.973120      542.585444    9.263738    2.184787    0.159638    6.677966
    0.340796    0.829290   -0.002694    0.022103    0.252798     -653.630374      552.079904    9.350293    2.220675    0.159638    6.677966
    0.343284    0.829338   -0.003027    0.017974    0.235759     -667.205746      561.584422    9.436853    2.256568    0.159638    6.677966
    0.345771    0.829390   -0.003293    0.014126    0.218177     -680.688946      571.100252    9.523418    2.292465    0.159638    6.677966
    0.348259    0.829447   -0.003498    0.010566    0.200334     -694.071656      580.628406    9.609989    2.328366    0.159638    6.677966
    0.350746    0.829506   -0.003646    0.007300    0.182472     -707.347394      590.169667    9.696566    2.364273    0.159638    6.677966
    0.353234    0.829568   -0.003742    0.004326    0.164800     -720.511382      599.724607    9.783149    2.400184    0.159638    6.677966
    0.355721    0.829630   -0.003791    0.001642    0.147494     -733.560408      609.293608    9.869739    2.436102    0.159638    6.677966
    0.358209    0.829694   -0.003798   -0.000760    0.130699     -746.492688      618.876873    9.956335    2.472024    0.159638    6.677966
    0.360697    0.829756   -0.003767   -0.002887    0.114537     -759.307734      628.474449   10.042938    2.507952    0.159638    6.677966
    0.363184    0.829819   -0.003704   -0.004750    0.099103     -772.006222      638.086237   10.129547    2.543886    0.159638    6.677966
    0.365672    0.829879   -0.003611   -0.006362    0.084471     -784.589862      647.712017   10.216163    2.579824    0.159638    6.677966
    0.368159    0.829938   -0.003494   -0.007735    0.070697     -797.061276      657.351456   10.302785    2.615768    0.159638    6.677966
    0.370647    0.829995   -0.003355   -0.008883    0.057820     -809.423875      667.004126   10.389413    2.651717    0.159638    6.677966
    0.373134    0.830050   -0.003200   -0.009821    0.045862     -821.681749      676.669519   10.476047    2.687671    0.159638    6.677966
    0.375622    0.830102   -0.003030   -0.010565    0.034835     -833.839555      686.347059   10.562686    2.723630    0.159638    6.677966
    0.378109    0.830150   -0.002850   -0.011128    0.024737     -845.902413      696.036115   10.649331    2.759593    0.159638    6.677966
    0.380597    0.830196   -0.002661   -0.011528    0.015558     -857.875816      705.736012   10.735981    2.795560    0.159638    6.677966
    0.383085    0.830239   -0.002467   -0.011777    0.007278     -869.765536      715.446044   10.822635    2.831530    0.159638    6.677966
    0.385572    0.830278   -0.002271   -0.011892   -0.000129     -881.577541      725.165481   10.909294    2.867505    0.159638    6.677966
    0.388060    0.830314   -0.002073   -0.011886   -0.006695     -893.317924      734.893580   10.995956    2.903482    0.159638    6.677966
    0.390547    0.830347   -0.001876   -0.011773   -0.012456     -904.992829      744.629595   11.082622    2.939463    0.159638    6.677966
    0.393035    0.830377   -0.001682   -0.011566   -0.017452     -916.608394      754.372779   11.169291    2.975447    0.159638    6.677966
    0.395522    0.830403   -0.001493   -0.011278   -0.021726     -928.170691      764.122396   11.255964    3.011432    0.159638    6.677966
    0.398010    0.830426   -0.001308   -0.010919   -0.025323     -939.685682      773.877723   11.342639    3.047420    0.159638    6.677966
    0.400498    0.830446   -0.001130   -0.010502   -0.028288     -951.159173      783.638057   11.429316    3.083410    0.159638    6.677966
    0.402985    0.830464   -0.000959   -0.010037   -0.030668     -962.596781      793.402721   11.515995    3.119402    0.159638    6.677966
    0.405473    0.830478   -0.000797   -0.009532   -0.032509     -974.003900      803.171061   11.602676    3.155395    0.159638    6.677966
    0.407960    0.830490   -0.000643   -0.008997   -0.033857     -985.385679      812.942456   11.689358    3.191389    0.159638    6.677966
    0.410448    0.830500   -0.000498   -0.008441   -0.034757     -996.746998      822.716317   11.776041    3.227384    0.159638    6.677966
    0.412935    0.830507   -0.000363   -0.007869   -0.035251    -1008.092455      832.492090   11.862725    3.263380    0.159638    6.677966
    0.415423    0.830512   -0.000237   -0.007289   -0.035383    -1019.426354      842.269256   11.949410    3.299376    0.159638    6.677966
    0.417910    0.830515   -0.000120   -0.006707   -0.035193    -1030.752699      852.047332   12.036095    3.335372    0.159638    6.677966
    0.420398    0.830516   -0.000014   -0.006127   -0.034719    -1042.075187      861.825874   12.122780    3.371369    0.159638    6.677966
    0.422886    0.830515    0.000083   -0.005555   -0.033997    -1053.397208      871.604471   12.209466    3.407366    0.159638    6.677966
    0.425373    0.830513    0.000171   -0.004995   -0.033062    -1064.721850      881.382752   12.296151    3.443363    0.159638    6.677966
    0.427861    0.830510    0.000249   -0.004450   -0.031945    -1076.051900      891.160382   12.382836    3.479359    0.159638    6.677966
    0.430348    0.830505    0.000319   -0.003922   -0.030678    -1087.389853      900.937060   12.469520    3.515355    0.159638    6.677966
    0.432836    0.830499    0.000380   -0.003416   -0.029286    -1098.737918      910.712518   12.556204    3.551351    0.159638    6.677966
    0.435323    0.830492    0.000432   -0.002932   -0.027796    -1110.098032      920.486525   12.642888    3.587346    0.159638    6.677966
    0.437811    0.830485    0.000477   -0.002472   -0.026230    -1121.471868      930.258878   12.729570    3.623340    0.159638    6.677966
    0.440299    0.830477    0.000515   -0.002038   -0.024611    -1132.860849      940.029405   12.816252    3.659334    0.159638    6.677966
    0.442786    0.830468    0.000545   -0.001630   -0.022957    -1144.266160      949.797963   12.902933    3.695327    0.159638    6.677966
    0.445274    0.830458    0.000569   -0.001249   -0.021285    -1155.688764      959.564437   12.989613    3.731319    0.159638    6.677966
    0.447761    0.830449    0.000587   -0.000895   -0.019611    -1167.129414      969.328733   13.076291    3.767311    0.159638    6.677966
    0.450249    0.830439    0.000599   -0.000569   -0.017947    -1178.588669      979.090786   13.162969    3.803301    0.159638    6.677966
    0.452736    0.830429    0.000606   -0.000270   -0.016307    -1190.066909      988.850549   13.249646    3.839291    0.159638    6.677966
    0.455224    0.830419    0.000608    0.000002   -0.014700    -1201.564349      998.607995   13.336322    3.875280    0.159638    6.677966
    0.457711    0.830409    0.000606    0.000248   -0.013135    -1213.081051     1008.363117   13.422997    3.911268    0.159638    6.677966
    0.460199    0.830399    0.000600    0.000468   -0.011619    -1224.616944     1018.115922   13.509670    3.947255    0.159638    6.677966
    0.462687    0.830389    0.000590    0.000663   -0.010160    -1236.171832     1027.866435   13.596343    3.983241    0.159638    6.677966
    0.465174    0.830379    0.000578    0.000834   -0.008760    -1247.745411     1037.614691   13.683015    4.019226    0.159638    6.677966
    0.467662    0.830370    0.000563    0.000982   -0.007426    -1259.337282     1047.360739   13.769685    4.055211    0.159638    6.677966
    0.470149    0.830361    0.000545    0.001108   -0.006159    -1270.946959     1057.104636   13.856355    4.091195    0.159638    6.677966
    0.472637    0.830352    0.000526    0.001213   -0.004961    -1282.573889     1066.846450   13.943024    4.127177    0.159638    6.677966
    0.475124    0.830343    0.000505    0.001299   -0.003834    -1294.217455     1076.586253   14.029692    4.163160    0.159638    6.677966
    0.477612    0.830335    0.000483    0.001366   -0.002779    -1305.876993     1086.324128   14.116359    4.199141    0.159638    6.677966
    0.480100    0.830327    0.000460    0.001415   -0.001795    -1317.551798     1096.060157   14.203025    4.235122    0.159638    6.677966
    0.482587    0.830320    0.000436    0.001448   -0.000881    -1329.241136     1105.794430   14.289690    4.271102    0.159638    6.677966
    0.485075    0.830313    0.000412    0.001466   -0.000037    -1340.944253     1115.527038   14.376354    4.307081    0.159638    6.677966
    0.487562    0.830306    0.000388    0.001469    0.000740    -1352.660380     1125.258074   14.463018    4.343060    0.159638    6.677966
    0.490050    0.830300    0.000363    0.001460    0.001451    -1364.388745     1134.987630   14.549681    4.379039    0.159638    6.677966
    0.492537    0.830294    0.000339    0.001439    0.002099    -1376.128576     1144.715800   14.636344    4.415016    0.159638    6.677966
    0.495025    0.830288    0.000315    0.001407    0.002687    -1387.879112     1154.442675   14.723006    4.450994    0.159638    6.677966
    0.497512    0.830283    0.000292    0.001365    0.003217    -1399.639604     1164.168347   14.809667    4.486971    0.159638    6.677966
    0.500000    0.830279    0.000270    0.001315    0.003692    -1411.409323     1173.892903   14.896328    4.522947    0.159638    6.677966
    0.502488    0.830274    0.000249    0.001256    0.004117    -1423.187567     1183.616428   14.982989    4.558923    0.159638    6.677966
    0.504975    0.830270    0.000228    0.001190    0.004493    -1434.973660     1193.339003   15.069649    4.594899    0.159638    6.677966
    0.507463    0.830267    0.000209    0.001118    0.004824    -1446.766960     1203.060707   15.156308    4.630874    0.159638    6.677966
    0.509950    0.830263    0.000191    0.001040    0.005115    -1458.566862     1212.781613   15.242967    4.666849    0.159638    6.677966
    0.512438    0.830260    0.000175    0.000957    0.005368    -1470.372801     1222.501788   15.329626    4.702824    0.159638    6.677966
    0.514925    0.830258    0.000160    0.000870    0.005588    -1482.184251     1232.221296   15.416285    4.738799    0.159638    6.677966
    0.517413    0.830255    0.000146    0.000780    0.005777    -1494.000735     1241.940196   15.502943    4.774773    0.159638    6.677966
    0.519900    0.830253    0.000134    0.000686    0.005939    -1505.821820     1251.658538   15.589601    4.810747    0.159638    6.677966
    0.522388    0.830251    0.000123    0.000589    0.006077    -1517.647122     1261.376371   15.676259    4.846721    0.159638    6.677966
    0.524876    0.830249    0.000114    0.000490    0.006196    -1529.476306     1271.093734   15.762917    4.882695    0.159638    6.677966
    0.527363    0.830247    0.000107    0.000389    0.006298    -1541.309091     1280.810661   15.849574    4.918668    0.159638    6.677966
    0.529851    0.830245    0.000101    0.000286    0.006387    -1553.145246     1290.527180   15.936231    4.954642    0.159638    6.677966
    0.532338    0.830243    0.000097    0.000181    0.006465    -1564.984594     1300.243314   16.022888    4.990615    0.159638    6.677966
    0.534826    0.830242    0.000095    0.000076    0.006537    -1576.827014     1309.959075   16.109545    5.026588    0.159638    6.677966
    0.537313    0.830240    0.000095   -0.000031    0.006605    -1588.672436     1319.674473   16.196202    5.062561    0.159638    6.677966
    0.539801    0.830239    0.000096   -0.000139    0.006672    -1600.520851     1329.389509   16.282858    5.098534    0.159638    6.677966
    0.542289    0.830237    0.000099   -0.000248    0.006741    -1612.372301     1339.104178   16.369515    5.134506    0.159638    6.677966
    0.544776    0.830235    0.000104   -0.000358    0.006815    -1624.226888     1348.818466   16.456171    5.170479    0.159638    6.677966
    0.547264    0.830234    0.000111   -0.000470    0.006897    -1636.084771     1358.532357   16.542827    5.206451    0.159638    6.677966
    0.549751    0.830232    0.000120   -0.000582    0.006989    -1647.946167     1368.245822   16.629483    5.242424    0.159638    6.677966
    0.552239    0.830230    0.000131   -0.000696    0.007095    -1659.811349     1377.958828   16.716139    5.278396    0.159638    6.677966
    0.554726    0.830227    0.000143   -0.000812    0.007216    -1671.680652     1387.671336   16.802794    5.314368    0.159638    6.677966
    0.557214    0.830225    0.000158   -0.000929    0.007355    -1683.554469     1397.383298   16.889449    5.350339    0.159638    6.677966
    0.559701    0.830222    0.000174   -0.001048    0.007515    -1695.433257     1407.094658   16.976104    5.386311    0.159638    6.677966
    0.562189    0.830219    0.000193   -0.001170    0.007698    -1707.317531     1416.805354   17.062759    5.422282    0.159638    6.677966
    0.564677    0.830216    0.000213   -0.001295    0.007908    -1719.207871     1426.515315   17.149413    5.458253    0.159638    6.677966
    0.567164    0.830212    0.000236   -0.001423    0.008145    -1731.104921     1436.224465   17.236067    5.494224    0.159638    6.677966
    0.569652    0.830208    0.000260   -0.001555    0.008413    -1743.009390     1445.932716   17.322720    5.530194    0.159638    6.677966
    0.572139    0.830203    0.000287   -0.001690    0.008713    -1754.922056     1455.639974   17.409373    5.566164    0.159638    6.677966
    0.574627    0.830198    0.000316   -0.001830    0.009050    -1766.843764     1465.346138   17.496026    5.602133    0.159638    6.677966
    0.577114    0.830193    0.000348   -0.001976    0.009424    -1778.775434     1475.051095   17.582678    5.638102    0.159638    6.677966
    0.579602    0.830187    0.000382   -0.002127    0.009839    -1790.718058     1484.754726   17.669329    5.674071    0.159638    6.677966
    0.582090    0.830180    0.000419   -0.002284    0.010297    -1802.672704     1494.456901   17.755980    5.710039    0.159638    6.677966
    0.584577    0.830173    0.000458   -0.002449    0.010801    -1814.640521     1504.157481   17.842630    5.746006    0.159638    6.677966
    0.587065    0.830165    0.000500   -0.002622    0.011353    -1826.622742     1513.856315   17.929279    5.781973    0.159638    6.677966
    0.589552    0.830156    0.000545   -0.002803    0.011957    -1838.620686     1523.553245   18.015927    5.817939    0.159638    6.677966
    0.592040    0.830147    0.000593   -0.002993    0.012615    -1850.635762     1533.248098   18.102574    5.853904    0.159638    6.677966
    0.594527    0.830136    0.000645   -0.003193    0.013330    -1862.669477     1542.940693   18.189221    5.889869    0.159638    6.677966
    0.597015    0.830125    0.000700   -0.003405    0.014106    -1874.723436     1552.630834   18.275866    5.925832    0.159638    6.677966
    0.599502    0.830113    0.000758   -0.003629    0.014946    -1886.799350     1562.318313   18.362510    5.961794    0.159638    6.677966
    0.601990    0.830100    0.000820   -0.003866    0.015853    -1898.899042     1572.002909   18.449153    5.997756    0.159638    6.677966
    0.604478    0.830086    0.000886   -0.004116    0.016831    -1911.024452     1581.684386   18.535794    6.033716    0.159638    6.677966
    0.606965    0.830071    0.000957   -0.004382    0.017883    -1923.177644     1591.362493   18.622434    6.069675    0.159638    6.677966
    0.609453    0.830054    0.001032   -0.004665    0.019015    -1935.360812     1601.036962   18.709072    6.105632    0.159638    6.677966
    0.611940    0.830036    0.001112   -0.004965    0.020230    -1947.576291     1610.707510   18.795708    6.141588    0.159638    6.677966
    0.614428    0.830017    0.001197   -0.005284    0.021532    -1959.826561     1620.373834   18.882342    6.177543    0.159638    6.677966
    0.616915    0.829996    0.001288   -0.005623    0.022927    -1972.114258     1630.035613   18.968975    6.213495    0.159638    6.677966
    0.619403    0.829974    0.001384   -0.005985    0.024420    -1984.442184     1639.692504   19.055605    6.249446    0.159638    6.677966
    0.621891    0.829950    0.001487   -0.006369    0.026015    -1996.813315     1649.344145   19.142232    6.285395    0.159638    6.677966
    0.624378    0.829925    0.001596   -0.006778    0.027719    -2009.230814     1658.990149   19.228857    6.321342    0.159638    6.677966
    0.626866    0.829897    0.001712   -0.007214    0.029538    -2021.698037     1668.630106   19.315480    6.357286    0.159638    6.677966
    0.629353    0.829868    0.001836   -0.007678    0.031477    -2034.218553     1678.263578   19.402099    6.393228    0.159638    6.677966
    0.631841    0.829836    0.001967   -0.008172    0.033544    -2046.796151     1687.890101   19.488715    6.429167    0.159638    6.677966
    0.634328    0.829803    0.002107   -0.008699    0.035745    -2059.434851     1697.509183   19.575328    6.465103    0.159638    6.677966
    0.636816    0.829766    0.002256   -0.009260    0.038088    -2072.138926     1707.120298   19.661937    6.501037    0.159638    6.677966
    0.639303    0.829728    0.002415   -0.009857    0.040582    -2084.912910     1716.722889   19.748542    6.536967    0.159638    6.677966
    0.641791    0.829686    0.002584   -0.010493    0.043233    -2097.761617     1726.316363   19.835143    6.572893    0.159638    6.677966
    0.644279    0.829642    0.002764   -0.011170    0.046052    -2110.690153     1735.900092   19.921740    6.608816    0.159638    6.677966
    0.646766    0.829594    0.002956   -0.011892    0.049047    -2123.703939     1745.473405   20.008331    6.644735    0.159638    6.677966
    0.649254    0.829543    0.003159   -0.012660    0.052229    -2136.808725     1755.035592   20.094918    6.680650    0.159638    6.677966
    0.651741    0.829489    0.003376   -0.013477    0.055606    -2150.010610     1764.585897   20.181499    6.716560    0.159638    6.677966
    0.654229    0.829431    0.003607   -0.014347    0.059191    -2163.316061     1774.123519   20.268074    6.752465    0.159638    6.677966
    0.656716    0.829369    0.003853   -0.015273    0.062995    -2176.731933     1783.647604   20.354643    6.788365    0.159638    6.677966
    0.659204    0.829303    0.004115   -0.016257    0.067030    -2190.265491     1793.157249   20.441205    6.824259    0.159638    6.677966
    0.661692    0.829232    0.004394   -0.017305    0.071307    -2203.924430     1802.651492   20.527761    6.860148    0.159638    6.677966
    0.664179    0.829157    0.004690   -0.018418    0.075841    -2217.716902     1812.129314   20.614308    6.896030    0.159638    6.677966
    0.666667    0.829076    0.005006   -0.019603    0.080646    -2231.651533     1821.589632   20.700847    6.931905    0.159638    6.677966
    0.669154    0.828990    0.005342   -0.020861    0.085735    -2245.737451     1831.031299   20.787378    6.967773    0.159638    6.677966
    0.671642    0.828899    0.005700   -0.022199    0.091124    -2259.984310     1840.453096   20.873900    7.003633    0.159638    6.677966
    0.674129    0.828801    0.006080   -0.023620    0.096829    -2274.402314     1849.853734   20.960411    7.039485    0.159638    6.677966
    0.676617    0.828697    0.006485   -0.025129    0.102866    -2289.002243     1859.231843   21.046912    7.075328    0.159638    6.677966
    0.679104    0.828585    0.006916   -0.026732    0.109253    -2303.795481     1868.585974   21.133402    7.111162    0.159638    6.677966
    0.681592    0.828467    0.007374   -0.028433    0.116006    -2318.794035     1877.914591   21.219880    7.146985    0.159638    6.677966
    0.684080    0.828340    0.007861   -0.030239    0.123146    -2334.010571     1887.216068   21.306345    7.182798    0.159638    6.677966
    0.686567    0.828205    0.008379   -0.032156    0.130690    -2349.458431     1896.488685   21.392796    7.218600    0.159638    6.677966
    0.689055    0.828062    0.008930   -0.034189    0.138659    -2365.151662     1905.730623   21.479233    7.254389    0.159638    6.677966
    0.691542    0.827909    0.009515   -0.036344    0.147073    -2381.105043     1914.939958   21.565654    7.290165    0.159638    6.677966
    0.694030    0.827745    0.010138   -0.038630    0.155954    -2397.334105     1924.114657   21.652059    7.325928    0.159638    6.677966
    0.696517    0.827571    0.010800   -0.041052    0.165322    -2413.855156     1933.252574   21.738446    7.361676    0.159638    6.677966
    0.699005    0.827386    0.011503   -0.043619    0.175201    -2430.685302     1942.351442   21.824815    7.397407    0.159638    6.677966
    0.701493    0.827189    0.012250   -0.046338    0.185613    -2447.842467     1951.408872   21.911163    7.433123    0.159638    6.677966
    0.703980    0.826979    0.013043   -0.049216    0.196582    -2465.345408     1960.422347   21.997491    7.468820    0.159638    6.677966
    0.706468    0.826755    0.013886   -0.052264    0.208129    -2483.213732     1969.389211   22.083795    7.504498    0.159638    6.677966
    0.708955    0.826517    0.014780   -0.055489    0.220281    -2501.467906     1978.306675   22.170076    7.540156    0.159638    6.677966
    0.711443    0.826264    0.015730   -0.058900    0.233060    -2520.129261     1987.171799   22.256331    7.575792    0.159638    6.677966
    0.713930    0.825995    0.016738   -0.062507    0.246490    -2539.220000     1995.981500   22.342559    7.611405    0.159638    6.677966
    0.716418    0.825708    0.017808   -0.066320    0.260595    -2558.763190     2004.732538   22.428757    7.646993    0.159638    6.677966
    0.718905    0.825403    0.018943   -0.070348    0.275399    -2578.782756     2013.421514   22.514925    7.682555    0.159638    6.677966
    0.721393    0.825078    0.020147   -0.074603    0.290926    -2599.303464     2022.044869   22.601060    7.718089    0.159638    6.677966
    0.723881    0.824733    0.021423   -0.079095    0.307197    -2620.350898     2030.598876   22.687160    7.753594    0.159638    6.677966
    0.726368    0.824366    0.022776   -0.083835    0.324235    -2641.951428     2039.079639   22.773223    7.789067    0.159638    6.677966
    0.728856    0.823976    0.024210   -0.088835    0.342061    -2664.132167     2047.483089   22.859246    7.824506    0.159638    6.677966
    0.731343    0.823561    0.025729   -0.094106    0.360693    -2686.920923     2055.804984   22.945228    7.859910    0.159638    6.677966
    0.733831    0.823121    0.027338   -0.099660    0.380151    -2710.346129     2064.040903   23.031164    7.895275    0.159638    6.677966
    0.736318    0.822652    0.029041   -0.105510    0.400449    -2734.436771     2072.186249   23.117054    7.930600    0.159638    6.677966
    0.738806    0.822155    0.030845   -0.111668    0.421602    -2759.222298     2080.236248   23.202893    7.965881    0.159638    6.677966
    0.741294    0.821627    0.032753   -0.118146    0.443621    -2784.732514     2088.185951   23.288678    8.001116    0.159638    6.677966
    0.743781    0.821067    0.034772   -0.124956    0.466515    -2810.997462     2096.030232   23.374407    8.036303    0.159638    6.677966
    0.746269    0.820472    0.036907   -0.132113    0.490288    -2838.047281     2103.763797   23.460075    8.071438    0.159638    6.677966
    0.748756    0.819840    0.039163   -0.139627    0.514941    -2865.912057     2111.381188   23.545679    8.106517    0.159638    6.677966
    0.751244    0.819170    0.041548   -0.147513    0.540472    -2894.621650     2118.876783   23.631216    8.141537    0.159638    6.677966
    0.753731    0.818459    0.044066   -0.155782    0.566873    -2924.205496     2126.244814   23.716680    8.176495    0.159638    6.677966
    0.756219    0.817706    0.046726   -0.164446    0.594132    -2954.692404     2133.479367   23.802068    8.211387    0.159638    6.677966
    0.758706    0.816907    0.049532   -0.173519    0.622229    -2986.110324     2140.574401   23.887376    8.246207    0.159638    6.677966
    0.761194    0.816060    0.052493   -0.183010    0.651142    -3018.486095     2147.523757   23.972597    8.280953    0.159638    6.677966
    0.763682    0.815163    0.055615   -0.192933    0.680839    -3051.845182     2154.321173   24.057727    8.315619    0.159638    6.677966
    0.766169    0.814212    0.058905   -0.203296    0.711284    -3086.211388     2160.960308   24.142761    8.350201    0.159638    6.677966
    0.768657    0.813206    0.062371   -0.214110    0.742431    -3121.606552     2167.434754   24.227692    8.384692    0.159638    6.677966
    0.771144    0.812140    0.066021   -0.225385    0.774229    -3158.050239     2173.738061   24.312516    8.419088    0.159638    6.677966
    0.773632    0.811013    0.069862   -0.237128    0.806617    -3195.559402     2179.863764   24.397225    8.453383    0.159638    6.677966
    0.776119    0.809820    0.073902   -0.249347    0.839527    -3234.148054     2185.805406   24.481813    8.487571    0.159638    6.677966
    0.778607    0.808559    0.078149   -0.262047    0.872883    -3273.826916     2191.556569   24.566273    8.521644    0.159638    6.677966
    0.781095    0.807225    0.082611   -0.275234    0.906600    -3314.603076     2197.110903   24.650598    8.555597    0.159638    6.677966
    0.783582    0.805816    0.087296   -0.288910    0.940586    -3356.479645     2202.462160   24.734779    8.589422    0.159638    6.677966
    0.786070    0.804327    0.092212   -0.303079    0.974738    -3399.455419     2207.604228   24.818810    8.623112    0.159638    6.677966
    0.788557    0.802755    0.097368   -0.317739    1.008948    -3443.524554     2212.531170   24.902680    8.656657    0.159638    6.677966
    0.791045    0.801096    0.102772   -0.332889    1.043099    -3488.676267     2217.237255   24.986382    8.690051    0.159638    6.677966
    0.793532    0.799345    0.108431   -0.348526    1.077067    -3534.894552     2221.717003   25.069907    8.723284    0.159638    6.677966
    0.796020    0.797499    0.114354   -0.364645    1.110722    -3582.157935     2225.965220   25.153243    8.756347    0.159638    6.677966
    0.798507    0.795553    0.120548   -0.381237    1.143928    -3630.439262     2229.977039   25.236382    8.789231    0.159638    6.677966
    0.800995    0.793502    0.127022   -0.398294    1.176546    -3679.705538     2233.747958   25.319312    8.821924    0.159638    6.677966
    0.803483    0.791343    0.133784   -0.415804    1.208431    -3729.917812     2237.273880   25.402022    8.854417    0.159638    6.677966
    0.805970    0.789069    0.140839   -0.433753    1.239436    -3781.031121     2240.551145   25.484501    8.886699    0.159638    6.677966
    0.808458    0.786677    0.148197   -0.452125    1.269416    -3832.994498     2243.576572   25.566737    8.918757    0.159638    6.677966
    0.810945    0.784162    0.155863   -0.470901    1.298223    -3885.751043     2246.347486   25.648716    8.950580    0.159638    6.677966
    0.813433    0.781518    0.163844   -0.490061    1.325713    -3939.238068     2248.861749   25.730427    8.982156    0.159638    6.677966
    0.815920    0.778741    0.172146   -0.509582    1.351745    -3993.387311     2251.117788   25.811854    9.013472    0.159638    6.677966
    0.818408    0.775825    0.180776   -0.529440    1.376183    -4048.125226     2253.114617   25.892985    9.044513    0.159638    6.677966
    0.820896    0.772766    0.189738   -0.549609    1.398898    -4103.373343     2254.851853   25.973803    9.075267    0.159638    6.677966
    0.823383    0.769558    0.199038   -0.570059    1.419770    -4159.048702     2256.329732   26.054295    9.105720    0.159638    6.677966
    0.825871    0.766195    0.208679   -0.590761    1.438689    -4215.064348     2257.549114   26.134444    9.135855    0.159638    6.677966
    0.828358    0.762673    0.218666   -0.611684    1.455556    -4271.329890     2258.511489   26.214233    9.165659    0.159638    6.677966
    0.830846    0.758986    0.229002   -0.632794    1.470284    -4327.752114     2259.218970   26.293646    9.195116    0.159638    6.677966
    0.833333    0.755129    0.239691   -0.654058    1.482802    -4384.235642     2259.674289   26.372666    9.224211    0.159638    6.677966
    0.835821    0.751097    0.250733   -0.675442    1.493051    -4440.683624     2259.880780   26.451274    9.252926    0.159638    6.677966
    0.838308    0.746884    0.262132   -0.696909    1.500991    -4496.998461     2259.842358   26.529452    9.281247    0.159638    6.677966
    0.840796    0.742486    0.273888   -0.718425    1.506595    -4553.082531     2259.563498   26.607180    9.309156    0.159638    6.677966
    0.843284    0.737896    0.286001   -0.739954    1.509855    -4608.838933     2259.049203   26.684440    9.336637    0.159638    6.677966
    0.845771    0.733111    0.298471   -0.761460    1.510777    -4664.172206     2258.304968   26.761210    9.363673    0.159638    6.677966
    0.848259    0.728125    0.311299   -0.782909    1.509384    -4718.989039     2257.336744   26.837470    9.390248    0.159638    6.677966
    0.850746    0.722933    0.324482   -0.804266    1.505717    -4773.198940     2256.150896   26.913199    9.416345    0.159638    6.677966
    0.853234    0.717531    0.338019   -0.825498    1.499829    -4826.714867     2254.754153   26.988375    9.441946    0.159638    6.677966
    0.855721    0.711914    0.351907   -0.846572    1.491789    -4879.453809     2253.153569   27.062977    9.467036    0.159638    6.677966
    0.858209    0.706078    0.366144   -0.867458    1.481680    -4931.337302     2251.356468   27.136980    9.491598    0.159638    6.677966
    0.860697    0.700018    0.380726   -0.888126    1.469593    -4982.291884     2249.370394   27.210363    9.515617    0.159638    6.677966
    0.863184    0.693731    0.395650   -0.908548    1.455635    -5032.249480     2247.203064   27.283102    9.539078    0.159638    6.677966
    0.865672    0.687212    0.410910   -0.928698    1.439918    -5081.147710     2244.862318   27.355172    9.561964    0.159638    6.677966
    0.868159    0.680459    0.426503   -0.948552    1.422563    -5128.930125     2242.356064   27.426550    9.584262    0.159638    6.677966
    0.870647    0.673467    0.442423   -0.968088    1.403698    -5175.546366     2239.692241   27.497210    9.605958    0.159638    6.677966
    0.873134    0.666233    0.458664   -0.987287    1.383455    -5220.952253     2236.878761   27.567128    9.627040    0.159638    6.677966
    0.875622    0.658756    0.475222   -1.006130    1.361968    -5265.109804     2233.923478   27.636278    9.647495    0.159638    6.677966
    0.878109    0.651032    0.492090   -1.024601    1.339374    -5307.987181     2230.834136   27.704635    9.667312    0.159638    6.677966
    0.880597    0.643058    0.509261   -1.042688    1.315809    -5349.558590     2227.618340   27.772173    9.686481    0.159638    6.677966
    0.883085    0.634833    0.526729   -1.060378    1.291409    -5389.804106     2224.283518   27.838865    9.704994    0.159638    6.677966
    0.885572    0.626356    0.544488   -1.077663    1.266307    -5428.709472     2220.836891   27.904686    9.722842    0.159638    6.677966
    0.888060    0.617624    0.562531   -1.094535    1.240633    -5466.265837     2217.285443   27.969608    9.740019    0.159638    6.677966
    0.890547    0.608636    0.580851   -1.110988    1.214512    -5502.469472     2213.635900   28.033606    9.756520    0.159638    6.677966
    0.893035    0.599392    0.599440   -1.127019    1.188065    -5537.321453     2209.894709   28.096653    9.772342    0.159638    6.677966
    0.895522    0.589892    0.618292   -1.142627    1.161407    -5570.827325     2206.068018   28.158721    9.787481    0.159638    6.677966
    0.898010    0.580134    0.637400   -1.157811    1.134646    -5602.996748     2202.161663   28.219784    9.801938    0.159638    6.677966
    0.900498    0.570120    0.656757   -1.172573    1.107885    -5633.843141     2198.181160   28.279816    9.815712    0.159638    6.677966
    0.902985    0.559850    0.676355   -1.186915    1.081218    -5663.383316     2194.131693   28.338788    9.828807    0.159638    6.677966
    0.905473    0.549324    0.696188   -1.200842    1.054735    -5691.637116     2190.018107   28.396676    9.841227    0.159638    6.677966
    0.907960    0.538544    0.716249   -1.214359    1.028516    -5718.627063     2185.844910   28.453451    9.852976    0.159638    6.677966
    0.910448    0.527511    0.736531   -1.227473    1.002634    -5744.378010     2181.616267   28.509088    9.864063    0.159638    6.677966
    0.912935    0.516228    0.757028   -1.240190    0.977158    -5768.916811     2177.336007   28.563561    9.874495    0.159638    6.677966
    0.915423    0.504695    0.777733   -1.252520    0.952147    -5792.272001     2173.007616   28.616843    9.884285    0.159638    6.677966
    0.917910    0.492917    0.798639   -1.264472    0.927654    -5814.473496     2168.634251   28.668908    9.893442    0.159638    6.677966
    0.920398    0.480895    0.819741   -1.276055    0.903729    -5835.552317     2164.218740   28.719731    9.901982    0.159638    6.677966
    0.922886    0.468632    0.841033   -1.287280    0.880411    -5855.540321     2159.763591   28.769287    9.909920    0.159638    6.677966
    0.925373    0.456133    0.862507   -1.298157    0.857736    -5874.469966     2155.270995   28.817550    9.917270    0.159638    6.677966
    0.927861    0.443401    0.884160   -1.308698    0.835736    -5892.374087     2150.742842   28.864497    9.924053    0.159638    6.677966
    0.930348    0.430440    0.905985   -1.318914    0.814435    -5909.285700     2146.180722   28.910102    9.930286    0.159638    6.677966
    0.932836    0.417254    0.927978   -1.328817    0.793854    -5925.237814     2141.585939   28.954343    9.935990    0.159638    6.677966
    0.935323    0.403849    0.950132   -1.338420    0.774010    -5940.263276     2136.959518   28.997197    9.941186    0.159638    6.677966
    0.937811    0.390229    0.972443   -1.347733    0.754916    -5954.394627     2132.302215   29.038640    9.945898    0.159638    6.677966
    0.940299    0.376399    0.994907   -1.356770    0.736581    -5967.663976     2127.614529   29.078650    9.950147    0.159638    6.677966
    0.942786    0.362366    1.017519   -1.365543    0.719009    -5980.102890     2122.896710   29.117206    9.953959    0.159638    6.677966
    0.945274    0.348134    1.040274   -1.374064    0.702204    -5991.742306     2118.148767   29.154287    9.957357    0.159638    6.677966
    0.947761    0.333711    1.063169   -1.382345    0.686163    -6002.612446     2113.370481   29.189873    9.960368    0.159638    6.677966
    0.950249    0.319102    1.086200   -1.390399    0.670884    -6012.742757     2108.561412   29.223943    9.963016    0.159638    6.677966
    0.952736    0.304315    1.109362   -1.398237    0.656358    -6022.161855     2103.720912   29.256479    9.965328    0.159638    6.677966
    0.955224    0.289356    1.132653   -1.405872    0.642574    -6030.897481     2098.848127   29.287463    9.967328    0.159638    6.677966
    0.957711    0.274232    1.156069   -1.413315    0.629519    -6038.976477     2093.942015   29.316877    9.969044    0.159638    6.677966
    0.960199    0.258951    1.179608   -1.420578    0.617171    -6046.424754     2089.001348   29.344704    9.970500    0.159638    6.677966
    0.962687    0.243520    1.203265   -1.427673    0.605504    -6053.267284     2084.024725   29.370928    9.971721    0.159638    6.677966
    0.965174    0.227949    1.227039   -1.434611    0.594482    -6059.528091     2079.010577   29.395534    9.972732    0.159638    6.677966
    0.967662    0.212243    1.250928   -1.441402    0.584054    -6065.230250     2073.957177   29.418508    9.973556    0.159638    6.677966
    0.970149    0.196413    1.274927   -1.448058    0.574150    -6070.395896     2068.862649   29.439835    9.974218    0.159638    6.677966
    0.972637    0.180466    1.299037   -1.454587    0.564666    -6075.046235     2063.724976   29.459505    9.974738    0.159638    6.677966
    0.975124    0.164411    1.323254   -1.461000    0.555442    -6079.201563     2058.542006   29.477504    9.975137    0.159638    6.677966
    0.977612    0.148258    1.347576   -1.467303    0.546226    -6082.881290     2053.311463   29.493822    9.975435    0.159638    6.677966
    0.980100    0.132015    1.372002   -1.473500    0.536606    -6086.103970     2048.030951   29.508450    9.975651    0.159638    6.677966
    0.982587    0.115692    1.396530   -1.479592    0.525886    -6088.887340     2042.697967   29.521378    9.975800    0.159638    6.677966
    0.985075    0.099298    1.421159   -1.485568    0.512856    -6091.248374     2037.309907   29.532598    9.975897    0.159638    6.677966
    0.987562    0.082843    1.445886   -1.491400    0.495362    -6093.203343     2031.864071   29.542104    9.975957    0.159638    6.677966
    0.990050    0.066336    1.470708   -1.497028    0.469486    -6094.767914     2026.357677   29.549890    9.975990    0.159638    6.677966
    0.992537    0.049789    1.495621   -1.502325    0.427973    -6095.957285     2020.787865   29.555951    9.976006    0.159638    6.677966
    0.995025    0.033210    1.520617   -1.507040    0.357185    -6096.786434     2015.151708   29.560282    9.976012    0.159638    6.677966
    0.997512    0.016610    1.545684   -1.510674    0.231168    -6097.270606     2009.446221   29.562882    9.976013    0.159638    6.677966
    1.000000   -0.000000    1.570796   -1.512241    0.000000    -6097.426880     2003.668367   29.563749    9.976013    0.159638    6.677966
