           t           r         psi          cs          qs               p             sig           A           V          Q2           S
    0.000000   -0.000000   -1.570796   -1.138569    0.000000        4.609543        0.236464    0.000000    0.000000    0.209600    3.525571
    0.009804    0.034555   -1.531429   -1.139697    0.086263        4.604679        0.134802    0.003753    0.000001    0.209600    3.525571
    0.019608    0.069057   -1.491986   -1.142983    0.167100        4.589346        0.036153    0.015005    0.000020    0.209600    3.525571
    0.029412    0.103452   -1.452393   -1.148277    0.242435        4.562542       -0.059654    0.033740    0.000103    0.209600    3.525571
    0.039216    0.137684   -1.412585   -1.155430    0.312131        4.523196       -0.152773    0.059928    0.000325    0.209600    3.525571
    0.049020    0.171699   -1.372500   -1.164285    0.375984        4.470113       -0.243335    0.093527    0.000792    0.209600    3.525571
    0.058824    0.205439   -1.332082   -1.174684    0.433726        4.401947       -0.331441    0.134485    0.001635    0.209600    3.525571
    0.068627    0.238848   -1.291280   -1.186457    0.485026        4.317181       -0.417162    0.182735    0.003016    0.209600    3.525571
    0.078431    0.271865   -1.250049   -1.199427    0.529489        4.214123       -0.500534    0.238200    0.005119    0.209600    3.525571
    0.088235    0.304430   -1.208353   -1.213403    0.566652        4.090889       -0.581548    0.300787    0.008149    0.209600    3.525571
    0.098039    0.336482   -1.166159   -1.228180    0.595989        3.945408       -0.660146    0.370392    0.012333    0.209600    3.525571
    0.107843    0.367955   -1.123444   -1.243540    0.616907        3.775423       -0.736214    0.446896    0.017912    0.209600    3.525571
    0.117647    0.398786   -1.080191   -1.259241    0.628749        3.578517       -0.809569    0.530166    0.025138    0.209600    3.525571
    0.127451    0.428908   -1.036393   -1.275025    0.630795        3.352142       -0.879953    0.620057    0.034272    0.209600    3.525571
    0.137255    0.458254   -0.992052   -1.290609    0.622271        3.093693       -0.947015    0.716406    0.045574    0.209600    3.525571
    0.147059    0.486757   -0.947180   -1.305685    0.602354        2.800592       -1.010301    0.819038    0.059302    0.209600    3.525571
    0.156863    0.514348   -0.901801   -1.319917    0.570188        2.470439       -1.069237    0.927763    0.075703    0.209600    3.525571
    0.166667    0.540962   -0.855950   -1.332943    0.524903        2.101200       -1.123112    1.042374    0.095008    0.209600    3.525571
    0.176471    0.566532   -0.809675   -1.344370    0.465648        1.691478       -1.171063    1.162654    0.117428    0.209600    3.525571
    0.186275    0.590995   -0.763038   -1.353775    0.391623        1.240847       -1.212054    1.288367    0.143140    0.209600    3.525571
    0.196078    0.614289   -0.716118   -1.360709    0.302140        0.750283       -1.244870    1.419267    0.172292    0.209600    3.525571
    0.205882    0.636357   -0.669008   -1.364697    0.196682        0.222666       -1.268102    1.555094    0.204989    0.209600    3.525571
    0.215686    0.657147   -0.621818   -1.365245    0.074989       -0.336663       -1.280154    1.695576    0.241292    0.209600    3.525571
    0.225490    0.676611   -0.574676   -1.361847   -0.062845       -0.919325       -1.279255    1.840430    0.281216    0.209600    3.525571
    0.235294    0.694710   -0.527726   -1.353997   -0.216261       -1.513411       -1.263495    1.989363    0.324725    0.209600    3.525571
    0.245098    0.711413   -0.481132   -1.341207   -0.384122       -2.103157       -1.230881    2.142076    0.371734    0.209600    3.525571
    0.254902    0.726696   -0.435072   -1.323022   -0.564602       -2.668972       -1.179425    2.298262    0.422108    0.209600    3.525571
    0.264706    0.740547   -0.389740   -1.299045   -0.755098       -3.187946       -1.107260    2.457612    0.475670    0.209600    3.525571
    0.274510    0.752963   -0.345341   -1.268963   -0.952181       -3.634998       -1.012781    2.619814    0.532198    0.209600    3.525571
    0.284314    0.763953   -0.302091   -1.232576   -1.151616       -3.984703       -0.894809    2.784558    0.591438    0.209600    3.525571
    0.294118    0.773538   -0.260208   -1.189818   -1.348457       -4.213723       -0.752754    2.951535    0.653109    0.209600    3.525571
    0.303922    0.781751   -0.219912   -1.140785   -1.537239       -4.303568       -0.586753    3.120444    0.716910    0.209600    3.525571
    0.313725    0.788635   -0.181416   -1.085746   -1.712261       -4.243250       -0.397775    3.290992    0.782531    0.209600    3.525571
    0.323529    0.794243   -0.144920   -1.025152   -1.867936       -4.031309       -0.187644    3.462895    0.849661    0.209600    3.525571
    0.333333    0.798641   -0.110606   -0.959629   -1.999164       -3.676714        0.041008    3.635883    0.917994    0.209600    3.525571
    0.343137    0.801899   -0.078630   -0.889959   -2.101691       -3.198381        0.284876    3.809701    0.987240    0.209600    3.525571
    0.352941    0.804098   -0.049121   -0.817055   -2.172393       -2.623321        0.540185    3.984111    1.057129    0.209600    3.525571
    0.362745    0.805323   -0.022173   -0.741925   -2.209454       -1.983780        0.802930    4.158890    1.127413    0.209600    3.525571
    0.372549    0.805661    0.002154   -0.665627   -2.212408       -1.313934        1.069121    4.333838    1.197873    0.209600    3.525571
    0.382353    0.805204    0.023839   -0.589233   -2.182068       -0.646722        1.335013    4.508771    1.268320    0.209600    3.525571
    0.392157    0.804044    0.042898   -0.513789   -2.120348       -0.011323        1.597273    4.683527    1.338590    0.209600    3.525571
    0.401961    0.802269    0.059380   -0.440286   -2.030022        0.568485        1.853096    4.857962    1.408551    0.209600    3.525571
    0.411765    0.799970    0.073367   -0.369633   -1.914470        1.075033        2.100255    5.031954    1.478093    0.209600    3.525571
    0.421569    0.797230    0.084974   -0.302639   -1.777412        1.496693        2.337103    5.205397    1.547134    0.209600    3.525571
    0.431373    0.794129    0.094339   -0.240007   -1.622691        1.827245        2.562528    5.378204    1.615608    0.209600    3.525571
    0.441176    0.790742    0.101623   -0.182331   -1.454091        2.064946        2.775890    5.550306    1.683471    0.209600    3.525571
    0.450980    0.787138    0.107006   -0.130089   -1.275202        2.211486        2.976942    5.721647    1.750693    0.209600    3.525571
    0.460784    0.783378    0.110682   -0.083657   -1.089330        2.270995        3.165743    5.892187    1.817256    0.209600    3.525571
    0.470588    0.779519    0.112859   -0.043309   -0.899447        2.249167        3.342590    6.061899    1.883153    0.209600    3.525571
    0.480392    0.775608    0.113749   -0.009227   -0.708169        2.152564        3.507946    6.230767    1.948384    0.209600    3.525571
    0.490196    0.771685    0.113570    0.018492   -0.517751        1.988075        3.662380    6.398783    2.012957    0.209600    3.525571
    0.500000    0.767783    0.112544    0.039828   -0.330101        1.762537        3.806524    6.565949    2.076882    0.209600    3.525571
    0.509804    0.763928    0.110890    0.054827   -0.146805        1.482475        3.941035    6.732273    2.140174    0.209600    3.525571
    0.519608    0.760138    0.108825    0.063598    0.030853        1.153941        4.066567    6.897766    2.202849    0.209600    3.525571
    0.529412    0.756423    0.106563    0.066301    0.201856        0.782432        4.183746    7.062444    2.264923    0.209600    3.525571
    0.539216    0.752785    0.104310    0.063142    0.365427        0.372855        4.293161    7.226323    2.326411    0.209600    3.525571
    0.549020    0.749223    0.102263    0.054363    0.521002       -0.070468        4.395347    7.389421    2.387328    0.209600    3.525571
    0.558824    0.745724    0.100613    0.040240    0.668199       -0.543780        4.490784    7.551752    2.447686    0.209600    3.525571
    0.568627    0.742272    0.099540    0.021072    0.806792       -1.043839        4.579885    7.713329    2.507491    0.209600    3.525571
    0.578431    0.738846    0.099211   -0.002823    0.936687       -1.567876        4.663000    7.874159    2.566750    0.209600    3.525571
    0.588235    0.735415    0.099785   -0.031113    1.057894       -2.113532        4.740412    8.034246    2.625461    0.209600    3.525571
    0.598039    0.731947    0.101409   -0.063462    1.170508       -2.678805        4.812340    8.193584    2.683619    0.209600    3.525571
    0.607843    0.728403    0.104215   -0.099527    1.274683       -3.261985        4.878940    8.352161    2.741209    0.209600    3.525571
    0.617647    0.724741    0.108328   -0.138969    1.370614       -3.861588        4.940306    8.509956    2.798212    0.209600    3.525571
    0.627451    0.720913    0.113857   -0.181452    1.458520       -4.476298        4.996480    8.666940    2.854600    0.209600    3.525571
    0.637255    0.716870    0.120903   -0.226649    1.538625       -5.104892        5.047452    8.823069    2.910337    0.209600    3.525571
    0.647059    0.712557    0.129553   -0.274242    1.611149       -5.746176        5.093171    8.978292    2.965375    0.209600    3.525571
    0.656863    0.707920    0.139885   -0.323921    1.676293       -6.398919        5.133553    9.132544    3.019660    0.209600    3.525571
    0.666667    0.702899    0.151965   -0.375390    1.734232       -7.061783        5.168486    9.285749    3.073125    0.209600    3.525571
    0.676471    0.697435    0.165852   -0.428365    1.785114       -7.733265        5.197847    9.437816    3.125695    0.209600    3.525571
    0.686275    0.691466    0.181592   -0.482573    1.829052       -8.411645        5.221507    9.588642    3.177282    0.209600    3.525571
    0.696078    0.684929    0.199223   -0.537751    1.866132       -9.094946        5.239344    9.738112    3.227790    0.209600    3.525571
    0.705882    0.677764    0.218774   -0.593650    1.896413       -9.780906        5.251254    9.886095    3.277113    0.209600    3.525571
    0.715686    0.669905    0.240267   -0.650028    1.919930      -10.466978        5.257161   10.032448    3.325135    0.209600    3.525571
    0.725490    0.661293    0.263713   -0.706656    1.936708      -11.150341        5.257024   10.177014    3.371733    0.209600    3.525571
    0.735294    0.651866    0.289118   -0.763313    1.946766      -11.827939        5.250845   10.319621    3.416780    0.209600    3.525571
    0.745098    0.641565    0.316478   -0.819787    1.950125      -12.496536        5.238673   10.460088    3.460142    0.209600    3.525571
    0.754902    0.630333    0.345784   -0.875874    1.946818      -13.152799        5.220606   10.598217    3.501686    0.209600    3.525571
    0.764706    0.618117    0.377019   -0.931382    1.936895      -13.793377        5.196789   10.733801    3.541279    0.209600    3.525571
    0.774510    0.604867    0.410161   -0.986125    1.920427      -14.415002        5.167414   10.866621    3.578793    0.209600    3.525571
    0.784314    0.590537    0.445178   -1.039928    1.897512      -15.014583        5.132714   10.996447    3.614107    0.209600    3.525571
    0.794118    0.575086    0.482037   -1.092624    1.868272      -15.589291        5.092951   11.123039    3.647113    0.209600    3.525571
    0.803922    0.558479    0.520696   -1.144058    1.832853      -16.136639        5.048416   11.246151    3.677720    0.209600    3.525571
    0.813725    0.540687    0.561108   -1.194081    1.791421      -16.654535        4.999413   11.365529    3.705852    0.209600    3.525571
    0.823529    0.521688    0.603223   -1.242555    1.744157      -17.141325        4.946254   11.480911    3.731462    0.209600    3.525571
    0.833333    0.501467    0.646985   -1.289353    1.691247      -17.595806        4.889247   11.592035    3.754524    0.209600    3.525571
    0.843137    0.480017    0.692334   -1.334353    1.632881      -18.017229        4.828690   11.698634    3.775044    0.209600    3.525571
    0.852941    0.457342    0.739205   -1.377444    1.569237      -18.405273        4.764861   11.800441    3.793060    0.209600    3.525571
    0.862745    0.433450    0.787532   -1.418519    1.500480      -18.760020        4.698014   11.897192    3.808642    0.209600    3.525571
    0.872549    0.408364    0.837242   -1.457480    1.426747      -19.081900        4.628375   11.988624    3.821890    0.209600    3.525571
    0.882353    0.382113    0.888260   -1.494229    1.348149      -19.371651        4.556133   12.074480    3.832939    0.209600    3.525571
    0.892157    0.354737    0.940509   -1.528676    1.264754      -19.630256        4.481443   12.154513    3.841950    0.209600    3.525571
    0.901961    0.326285    0.993908   -1.560728    1.176590      -19.858897        4.404421   12.228482    3.849112    0.209600    3.525571
    0.911765    0.296817    1.048372   -1.590293    1.083635      -20.058896        4.325146   12.296161    3.854633    0.209600    3.525571
    0.921569    0.266402    1.103814   -1.617276    0.985815      -20.231677        4.243659   12.357336    3.858735    0.209600    3.525571
    0.931373    0.235117    1.160142   -1.641578    0.883001      -20.378714        4.159963   12.411810    3.861649    0.209600    3.525571
    0.941176    0.203051    1.217262   -1.663092    0.775003      -20.501507        4.074027   12.459402    3.863603    0.209600    3.525571
    0.950980    0.170297    1.275076   -1.681705    0.661576      -20.601545        3.985788   12.499955    3.864820    0.209600    3.525571
    0.960784    0.136958    1.333481   -1.697289    0.542409      -20.680289        3.895150   12.533328    3.865503    0.209600    3.525571
    0.970588    0.103143    1.392371   -1.709706    0.417132      -20.739157        3.801993   12.559408    3.865833    0.209600    3.525571
    0.980392    0.068965    1.451633   -1.718801    0.285312      -20.779518        3.706171   12.578102    3.865957    0.209600    3.525571
    0.990196    0.034544    1.511149   -1.724401    0.146454      -20.802705        3.607519   12.589345    3.865986    0.209600    3.525571
    1.000000   -0.000000    1.570796   -1.726314    0.000000      -20.810076        3.505855   12.593097    3.865988    0.209600    3.525571
