           t           r         psi          cs          qs               p             sig           A           V          Q2           S
    0.000000   -0.000000   -1.570796    2.976425    0.000000       -1.213015       -0.218688    0.000000    0.000000    0.008238    9.848575
    0.009804    0.095231   -1.858179    2.976266    0.004412       -1.212875       -0.219165    0.029087   -0.000198    0.008238    9.848575
    0.019608    0.182652   -2.145530    2.975766    0.009209       -1.212403       -0.219627    0.113964   -0.002911    0.008238    9.848575
    0.029412    0.255095   -2.432814    2.974862    0.014648       -1.211538       -0.220084    0.247669   -0.012837    0.008238    9.848575
    0.039216    0.306629   -2.719987    2.973437    0.021091       -1.210273       -0.220544    0.419241   -0.033425    0.008238    9.848575
    0.049020    0.333044   -3.006989    2.971273    0.029103       -1.208697       -0.221008    0.614621   -0.063625    0.008238    9.848575
    0.058824    0.332198   -3.293730    2.967942    0.039648       -1.207007       -0.221475    0.817810   -0.097535    0.008238    9.848575
    0.068627    0.304190   -3.580059    2.962477    0.054620       -1.205445       -0.221939    1.012183   -0.127280    0.008238    9.848575
    0.078431    0.251347   -3.865663    2.952189    0.078476       -1.204202       -0.222398    1.181860   -0.147219    0.008238    9.848575
    0.088235    0.178026   -4.149695    2.926501    0.125106       -1.203358       -0.222856    1.313000   -0.156629    0.008238    9.848575
    0.098039    0.090248   -4.428105    2.797856    0.273199       -1.202899       -0.223318    1.394934   -0.159122    0.008238    9.848575
    0.107843    0.005034   -1.853986  -49.776143   -0.252957       -1.202692       -0.223796    1.421208   -0.159297    0.008238    9.848575
    0.117647    0.099981   -1.832562    2.116837    4.080850       -1.202522       -0.224271    1.453170   -0.159520    0.008238    9.848575
    0.127451    0.190068   -2.035361    2.067595    2.152991       -1.202115       -0.224733    1.541504   -0.162001    0.008238    9.848575
    0.137255    0.271581   -2.231364    1.993454    1.501311       -1.201395       -0.225190    1.682049   -0.170926    0.008238    9.848575
    0.147059    0.341748   -2.420567    1.926732    1.183639       -1.200303       -0.225653    1.868726   -0.190829    0.008238    9.848575
    0.156863    0.398476   -2.603586    1.864736    1.004266       -1.198793       -0.226127    2.093984   -0.224778    0.008238    9.848575
    0.166667    0.440329   -2.780694    1.803649    0.898313       -1.196863       -0.226615    2.349201   -0.273186    0.008238    9.848575
    0.176471    0.466501   -2.951795    1.739668    0.839776       -1.194578       -0.227117    2.625078   -0.333529    0.008238    9.848575
    0.186275    0.476793   -3.116405    1.668332    0.818703       -1.192074       -0.227626    2.912011   -0.400927    0.008238    9.848575
    0.196078    0.471582   -3.273532    1.583414    0.834731       -1.189539       -0.228137    3.200453   -0.469328    0.008238    9.848575
    0.205882    0.451778   -3.421427    1.474969    0.897072       -1.187154       -0.228642    3.481247   -0.532892    0.008238    9.848575
    0.215686    0.418800   -3.557054    1.325369    1.030580       -1.185045       -0.229136    3.745946   -0.587178    0.008238    9.848575
    0.225490    0.374562   -3.674977    1.100283    1.294656       -1.183263       -0.229617    3.987113   -0.629847    0.008238    9.848575
    0.235294    0.321561   -3.764824    0.726018    1.840621       -1.181793       -0.230086    4.198640   -0.660761    0.008238    9.848575
    0.245098    0.263217   -3.805023    0.028276    3.103100       -1.180570       -0.230547    4.376183   -0.681549    0.008238    9.848575
    0.254902    0.205118   -3.746574   -1.422524    6.451257       -1.179493       -0.231004    4.518024   -0.694835    0.008238    9.848575
    0.264706    0.159284   -3.482162   -4.312211   14.925026       -1.178432       -0.231462    4.627432   -0.703482    0.008238    9.848575
    0.274510    0.151561   -2.923198   -6.679810   20.437119       -1.177305       -0.231922    4.718995   -0.710275    0.008238    9.848575
    0.284314    0.199400   -2.331700   -5.211759   10.196663       -1.176293       -0.232381    4.822958   -0.717787    0.008238    9.848575
    0.294118    0.281652   -1.915333   -3.563390    3.507043       -1.175604       -0.232839    4.967833   -0.726343    0.008238    9.848575
    0.303922    0.376142   -1.618000   -2.691432    1.074529       -1.175300       -0.233305    5.167090   -0.732051    0.008238    9.848575
    0.313725    0.472211   -1.382901   -2.221737    0.121029       -1.175473       -0.233795    5.424509   -0.727518    0.008238    9.848575
    0.323529    0.564579   -1.183179   -1.935556   -0.326351       -1.176341       -0.234331    5.739281   -0.703678    0.008238    9.848575
    0.333333    0.650216   -1.006338   -1.737587   -0.580350       -1.178344       -0.234939    6.108167   -0.651695    0.008238    9.848575
    0.343137    0.727247   -0.846224   -1.584122   -0.753359       -1.182365       -0.235657    6.526470   -0.564568    0.008238    9.848575
    0.352941    0.794535   -0.699717   -1.453096   -0.891180       -1.190224       -0.236538    6.988592   -0.438212    0.008238    9.848575
    0.362745    0.851496   -0.565297   -1.332170   -1.015011       -1.205924       -0.237665    7.488421   -0.271895    0.008238    9.848575
    0.372549    0.898002   -0.442388   -1.213639   -1.136477       -1.238996       -0.239168    8.019631   -0.068078    0.008238    9.848575
    0.382353    0.934311   -0.331033   -1.092007   -1.264278       -1.314341       -0.241250    8.575940    0.168224    0.008238    9.848575
    0.392157    0.961017   -0.231761   -0.962587   -1.409348       -1.503252       -0.244188    9.151326    0.430372    0.008238    9.848575
    0.401961    0.979011   -0.145564   -0.820165   -1.594085       -2.011491       -0.247976    9.740218    0.711115    0.008238    9.848575
    0.411765    0.989464   -0.074049   -0.656754   -1.868071       -3.113302       -0.249550   10.337674    1.003519    0.008238    9.848575
    0.421569    0.993840   -0.019792   -0.461238   -2.206758       -1.928614       -0.233432   10.939545    1.301731    0.008238    9.848575
    0.431373    0.993935    0.014350   -0.247142   -2.110639        5.138702       -0.196236   11.542674    1.601520    0.008238    9.848575
    0.441176    0.991698    0.029123   -0.068250   -1.519444        7.489566       -0.174634   12.145058    1.900502    0.008238    9.848575
    0.450980    0.988776    0.029488    0.050714   -0.897839        6.646645       -0.168875   12.745807    2.197808    0.008238    9.848575
    0.460784    0.986284    0.021107    0.114543   -0.387186        5.395139       -0.168963   13.344872    2.493486    0.008238    9.848575
    0.470588    0.984826    0.008805    0.133759    0.005000        4.206787       -0.170930   13.942719    2.788026    0.008238    9.848575
    0.480392    0.984587   -0.003634    0.119139    0.285279        3.067872       -0.173397   14.540051    3.082092    0.008238    9.848575
    0.490196    0.985442   -0.013462    0.081527    0.455203        1.908993       -0.175687   15.137582    3.376344    0.008238    9.848575
    0.500000    0.987048   -0.019000    0.032203    0.510858        0.683676       -0.177104   15.735881    3.671324    0.008238    9.848575
    0.509804    0.988954   -0.019684   -0.016993    0.447607       -0.567220       -0.176524   16.335269    3.967363    0.008238    9.848575
    0.519608    0.990710   -0.016102   -0.054321    0.273557       -1.592563       -0.172169   16.935789    4.264529    0.008238    9.848575
    0.529412    0.991977   -0.009880   -0.070588    0.034048       -1.878143       -0.162165   17.537239    4.562640    0.008238    9.848575
    0.539216    0.992605   -0.003233   -0.063547   -0.179101       -1.091062       -0.146506   18.139265    4.861342    0.008238    9.848575
    0.549020    0.992653    0.001865   -0.040332   -0.280519        0.262439       -0.128319   18.741489    5.160246    0.008238    9.848575
    0.558824    0.992327    0.004430   -0.013108   -0.259580        1.317358       -0.111429   19.343616    5.459053    0.008238    9.848575
    0.568627    0.991875    0.004591    0.008260   -0.166696        1.739844       -0.097492   19.945496    5.757613    0.008238    9.848575
    0.578431    0.991492    0.003167    0.019463   -0.058333        1.665030       -0.086165   20.547114    6.055915    0.008238    9.848575
    0.588235    0.991282    0.001152    0.020838    0.028948        1.322966       -0.076406   21.148550    6.354037    0.008238    9.848575
    0.598039    0.991262   -0.000634    0.015332    0.078805        0.894685       -0.067188   21.749917    6.652092    0.008238    9.848575
    0.607843    0.991382   -0.001711    0.006785    0.089635        0.507512       -0.057709   22.351317    6.950179    0.008238    9.848575
    0.617647    0.991565   -0.001961   -0.001302    0.070020        0.247086       -0.047452   22.952814    7.248362    0.008238    9.848575
    0.627451    0.991739   -0.001552   -0.006588    0.034562        0.152691       -0.036228   23.554423    7.546656    0.008238    9.848575
    0.637255    0.991854   -0.000806   -0.008266   -0.001114        0.207549       -0.024176   24.156120    7.845038    0.008238    9.848575
    0.647059    0.991894   -0.000054   -0.006902   -0.025510        0.347948       -0.011665   24.757865    8.143468    0.008238    9.848575
    0.656863    0.991872    0.000473   -0.003868   -0.034265        0.496406        0.000888   25.359614    8.441901    0.008238    9.848575
    0.666667    0.991813    0.000687   -0.000636   -0.029657        0.596553        0.013184   25.961337    8.740309    0.008238    9.848575
    0.676471    0.991748    0.000624    0.001746   -0.017662        0.627493        0.025107   26.563021    9.038678    0.008238    9.848575
    0.686275    0.991698    0.000391    0.002863   -0.004725        0.597542        0.036695   27.164670    9.337012    0.008238    9.848575
    0.696078    0.991674    0.000107    0.002860    0.004382        0.530256        0.048074   27.766295    9.635323    0.008238    9.848575
    0.705882    0.991676   -0.000141    0.002238    0.007398        0.452496        0.059394   28.367915    9.933628    0.008238    9.848575
    0.715686    0.991699   -0.000324    0.001598    0.004503        0.387612        0.070787   28.969542   10.231941    0.008238    9.848575
    0.725490    0.991738   -0.000465    0.001428   -0.002148        0.353654        0.082352   29.571188   10.530272    0.008238    9.848575
    0.735294    0.991790   -0.000622    0.001924   -0.008837        0.365954        0.094173   30.172861   10.828631    0.008238    9.848575
    0.745098    0.991860   -0.000851    0.002843   -0.010262        0.442993        0.106345   30.774571   11.127026    0.008238    9.848575
    0.754902    0.991957   -0.001158    0.003327    0.001136        0.613243        0.119013   31.376332   11.425471    0.008238    9.848575
    0.764706    0.992083   -0.001425    0.001634    0.036402        0.918262        0.132376   31.978160   11.723983    0.008238    9.848575
    0.774510    0.992220   -0.001309   -0.005234    0.111033        1.401014        0.146624   32.580070   12.022575    0.008238    9.848575
    0.784314    0.992301   -0.000101   -0.021886    0.243180        2.053587        0.161689   33.182051   12.321239    0.008238    9.848575
    0.794118    0.992166    0.003427   -0.054370    0.443492        2.693671        0.176694   33.784027   12.619898    0.008238    9.848575
    0.803922    0.991506    0.011096   -0.108402    0.692339        2.868469        0.189354   34.385782   12.918330    0.008238    9.848575
    0.813725    0.989819    0.025111   -0.185476    0.924845        2.191502        0.196711   34.986857   13.216047    0.008238    9.848575
    0.823529    0.986388    0.047479   -0.279962    1.069996        0.977587        0.197906   35.586419   13.512123    0.008238    9.848575
    0.833333    0.980346    0.079410   -0.381846    1.111534       -0.095350        0.195185   36.183155   13.805018    0.008238    9.848575
    0.843137    0.970757    0.121169   -0.482365    1.080649       -0.764234        0.191309   36.775197   14.092456    0.008238    9.848575
    0.852941    0.956712    0.172348   -0.576435    1.012981       -1.120557        0.187729   37.360113   14.371407    0.008238    9.848575
    0.862745    0.937382    0.232206   -0.661930    0.930891       -1.302076        0.184836   37.934945   14.638205    0.008238    9.848575
    0.872549    0.912058    0.299881   -0.738370    0.845508       -1.395597        0.182588   38.496265   14.888779    0.008238    9.848575
    0.882353    0.880171    0.374509   -0.806037    0.761756       -1.445465        0.180845   39.040255   15.118988    0.008238    9.848575
    0.892157    0.841304    0.455271   -0.865518    0.681566       -1.473167        0.179476   39.562800   15.325015    0.008238    9.848575
    0.901961    0.795203    0.541407   -0.917489    0.605491       -1.489184        0.178377   40.059580   15.503786    0.008238    9.848575
    0.911765    0.741787    0.632226   -0.962607    0.533468       -1.498781        0.177475   40.526173   15.653347    0.008238    9.848575
    0.921569    0.681146    0.727095   -1.001478    0.465171       -1.504706        0.176716   40.958159   15.773158    0.008238    9.848575
    0.931373    0.613544    0.825437   -1.034629    0.400168       -1.508452        0.176062   41.351227   15.864239    0.008238    9.848575
    0.941176    0.539413    0.926722   -1.062514    0.337999       -1.510857        0.175484   41.701276   15.929136    0.008238    9.848575
    0.950980    0.459346    1.030461   -1.085512    0.278207       -1.512413        0.174960   42.004518   15.971697    0.008238    9.848575
    0.960784    0.374084    1.136197   -1.103932    0.220351       -1.513413        0.174472   42.257568   15.996666    0.008238    9.848575
    0.970588    0.284498    1.243501   -1.118018    0.164005       -1.514041        0.174006   42.457534   16.009140    0.008238    9.848575
    0.980392    0.191569    1.351963   -1.127953    0.108761       -1.514411        0.173548   42.602085   16.013959    0.008238    9.848575
    0.990196    0.096361    1.461190   -1.133866    0.054222       -1.514598        0.173087   42.689512   16.015101    0.008238    9.848575
    1.000000   -0.000000    1.570796   -1.135830    0.000000       -1.514652        0.172610   42.718771   16.015178    0.008238    9.848575
